<NumSuperStates> 5
<NumStates> 3 6 6 6 3 
<NumMixtures> 3 3 3 3 3 3 3 3 3 3 3 3 3 3 3 3 3 3 3 3 3 3 3 3 
<VecSize> 9
<BeginExternalHMM>
<NumStates> 5
<TransP>
-0.053776 -2.949688 -10000000000.000000 -10000000000.000000 -10000000000.000000 
-10000000000.000000 -0.112478 -2.240710 -10000000000.000000 -10000000000.000000 
-10000000000.000000 -10000000000.000000 -0.082013 -2.541602 -10000000000.000000 
-10000000000.000000 -10000000000.000000 -10000000000.000000 -0.041158 -3.210844 
-10000000000.000000 -10000000000.000000 -10000000000.000000 -10000000000.000000 0.000000 
<EndExternalHMM>
<BeginEmbeddedHMM>
<NumStates> 3
<State> 0
<NumMixes> 3
<Mixture> 0 <Weight> 0.054760
<Mean>
2415.765869 198.409882 -30.993675 84.668793 -32.188202 -19.379959 -9.589886 -6.313087 1.811927 
<Inverted_Deviation>
0.001973 0.003739 0.009910 0.005827 0.009273 0.010231 0.016482 0.020388 0.019251 
<LogVarVal> 47.939308
<Mixture> 1 <Weight> 0.554402
<Mean>
518.616394 -7.315896 9.256133 -47.658821 17.574425 1.932522 8.321428 1.575253 -1.238552 
<Inverted_Deviation>
0.003245 0.007708 0.023704 0.008236 0.016665 0.026328 0.035892 0.031352 0.037954 
<LogVarVal> 42.081497
<Mixture> 2 <Weight> 0.390837
<Mean>
1405.812134 0.152735 -2.302119 -58.388092 -9.280643 0.848020 -3.418760 0.630275 1.605799 
<Inverted_Deviation>
0.002731 0.005308 0.017490 0.004823 0.011151 0.018933 0.011489 0.020897 0.026014 
<LogVarVal> 46.120113
<State> 1
<NumMixes> 3
<Mixture> 0 <Weight> 0.178992
<Mean>
1601.037598 15.933872 -2.575841 -21.111929 0.452394 -0.184058 -12.824265 -0.403542 -0.051148 
<Inverted_Deviation>
0.004809 0.019060 0.070711 0.010554 0.049741 0.070711 0.043052 0.070711 0.070711 
<LogVarVal> 35.742832
<Mixture> 1 <Weight> 0.356217
<Mean>
834.774597 15.184285 0.445789 -14.635656 0.885236 -0.258305 6.983336 -0.238286 -0.260244 
<Inverted_Deviation>
0.007450 0.019623 0.065524 0.009315 0.035303 0.067272 0.033563 0.066440 0.070711 
<LogVarVal> 36.181080
<Mixture> 2 <Weight> 0.464791
<Mean>
1169.042358 12.261495 -0.574126 -14.476642 -1.129806 0.148952 -4.111408 -0.191555 0.079332 
<Inverted_Deviation>
0.006788 0.019704 0.070711 0.009237 0.043021 0.070711 0.034778 0.070711 0.070711 
<LogVarVal> 35.856770
<State> 2
<NumMixes> 3
<Mixture> 0 <Weight> 0.091493
<Mean>
2040.803589 -139.207199 -67.940804 68.210518 56.596306 15.134995 -9.858861 -0.167306 7.617721 
<Inverted_Deviation>
0.003014 0.003578 0.008125 0.007439 0.008531 0.012293 0.031634 0.023318 0.019279 
<LogVarVal> 46.626072
<Mixture> 1 <Weight> 0.096537
<Mean>
940.860107 -238.850967 51.665276 88.884972 -61.742939 -29.061895 5.250272 8.838421 -10.643468 
<Inverted_Deviation>
0.003195 0.002451 0.006743 0.005033 0.008433 0.007535 0.030702 0.018196 0.014890 
<LogVarVal> 48.560108
<Mixture> 2 <Weight> 0.811970
<Mean>
445.263367 9.472815 4.796019 -15.338927 -2.423050 1.803646 3.068368 -0.977487 0.451310 
<Inverted_Deviation>
0.004655 0.012954 0.036079 0.015566 0.026135 0.037229 0.069034 0.056733 0.060036 
<LogVarVal> 37.642746
<TransP>
-0.070810 -2.682956 -10000000000.000000 
-10000000000.000000 -0.028541 -3.570638 
-10000000000.000000 -10000000000.000000 0.000000 
<EndEmbeddedHMM>
<BeginEmbeddedHMM>
<NumStates> 6
<State> 0
<NumMixes> 3
<Mixture> 0 <Weight> 0.223589
<Mean>
639.828369 -55.142921 22.378098 -49.698761 7.593232 -3.494856 16.143171 -0.357797 -2.880359 
<Inverted_Deviation>
0.003334 0.004379 0.006509 0.008144 0.008708 0.011681 0.013853 0.014849 0.018776 
<LogVarVal> 47.788227
<Mixture> 1 <Weight> 0.389291
<Mean>
1978.672852 7.271568 -14.710968 -36.464069 -18.259855 -0.133082 -15.442947 0.169625 1.639323 
<Inverted_Deviation>
0.003429 0.003960 0.007825 0.004990 0.009246 0.013127 0.011545 0.017424 0.020862 
<LogVarVal> 47.906963
<Mixture> 2 <Weight> 0.387120
<Mean>
1322.231934 -52.726307 0.776735 -63.594540 5.475689 2.633939 18.014229 -2.686051 -0.348041 
<Inverted_Deviation>
0.003761 0.003716 0.005957 0.004969 0.007185 0.010930 0.008069 0.010233 0.014874 
<LogVarVal> 49.819248
<State> 1
<NumMixes> 3
<Mixture> 0 <Weight> 0.392114
<Mean>
1314.605103 54.664215 3.028438 85.930916 7.487929 -1.746627 -11.204304 2.013608 1.272051 
<Inverted_Deviation>
0.006811 0.012676 0.041594 0.004171 0.015204 0.045924 0.004811 0.015590 0.046662 
<LogVarVal> 42.997803
<Mixture> 1 <Weight> 0.272727
<Mean>
989.757446 18.565332 8.309693 64.579124 17.574179 1.888437 13.140903 2.181446 -1.434303 
<Inverted_Deviation>
0.005887 0.011609 0.032923 0.003645 0.011504 0.028116 0.005416 0.014470 0.033763 
<LogVarVal> 44.649097
<Mixture> 2 <Weight> 0.335159
<Mean>
1641.256470 34.370857 -3.939879 8.244814 -13.224481 -0.263475 -13.898316 1.505885 0.723626 
<Inverted_Deviation>
0.006709 0.013525 0.052809 0.003673 0.019748 0.056365 0.004017 0.022769 0.063296 
<LogVarVal> 41.866947
<State> 2
<NumMixes> 3
<Mixture> 0 <Weight> 0.336283
<Mean>
827.728394 -5.317110 7.080033 11.912324 -1.412502 0.567138 21.618280 -1.710749 -1.011509 
<Inverted_Deviation>
0.004984 0.009482 0.023593 0.009919 0.017114 0.025019 0.020632 0.019600 0.029101 
<LogVarVal> 42.577465
<Mixture> 1 <Weight> 0.127212
<Mean>
1522.014038 -58.225964 -6.379464 18.464735 4.590363 0.894529 -40.129288 12.286636 -6.660175 
<Inverted_Deviation>
0.005576 0.006846 0.007586 0.006113 0.006208 0.008013 0.008662 0.008092 0.009400 
<LogVarVal> 49.444748
<Mixture> 2 <Weight> 0.536504
<Mean>
1151.982788 -6.468638 -0.980898 -13.697659 -3.462052 -1.027240 -3.313352 2.730290 2.189924 
<Inverted_Deviation>
0.008399 0.009196 0.012096 0.008286 0.010482 0.012647 0.013746 0.012231 0.014965 
<LogVarVal> 45.649300
<State> 3
<NumMixes> 3
<Mixture> 0 <Weight> 0.271493
<Mean>
924.477356 11.902934 6.666286 19.196047 0.134807 -2.133977 4.979656 5.592373 0.552970 
<Inverted_Deviation>
0.010150 0.010055 0.012823 0.007069 0.016192 0.023679 0.007898 0.014985 0.025839 
<LogVarVal> 44.213974
<Mixture> 1 <Weight> 0.419306
<Mean>
1167.462402 15.149658 -2.506480 0.578514 4.152384 2.220753 -21.272367 -6.821613 -0.057795 
<Inverted_Deviation>
0.007059 0.010177 0.044010 0.006206 0.019474 0.055429 0.004915 0.016904 0.051820 
<LogVarVal> 42.084946
<Mixture> 2 <Weight> 0.309201
<Mean>
1547.312500 29.085648 -10.016928 -29.620052 -7.126781 0.422770 -13.196527 1.613520 0.027559 
<Inverted_Deviation>
0.005755 0.009846 0.061449 0.009123 0.033053 0.070711 0.012871 0.052905 0.070711 
<LogVarVal> 38.416126
<State> 4
<NumMixes> 3
<Mixture> 0 <Weight> 0.586794
<Mean>
965.152100 11.024934 -0.680631 -1.444618 2.274071 0.013544 -10.136641 0.573717 -0.186545 
<Inverted_Deviation>
0.008488 0.016499 0.070711 0.007122 0.031459 0.070711 0.010108 0.034014 0.070711 
<LogVarVal> 38.351391
<Mixture> 1 <Weight> 0.156017
<Mean>
1236.862915 23.373014 -6.253407 -6.708506 0.525077 0.416457 -13.414782 -2.525758 0.000265 
<Inverted_Deviation>
0.006993 0.015912 0.070711 0.004954 0.037648 0.070711 0.006570 0.044713 0.070711 
<LogVarVal> 38.921925
<Mixture> 2 <Weight> 0.257188
<Mean>
697.837097 12.307508 1.562029 -5.084589 5.837921 -0.394569 27.757048 -0.671961 0.038260 
<Inverted_Deviation>
0.007128 0.018756 0.070711 0.006061 0.034733 0.070711 0.017748 0.047786 0.070711 
<LogVarVal> 37.557259
<State> 5
<NumMixes> 3
<Mixture> 0 <Weight> 0.073084
<Mean>
1521.246582 -489.983978 -115.239838 -0.355376 16.555984 -8.029366 -1.060837 9.315983 0.797473 
<Inverted_Deviation>
0.002078 0.002904 0.003848 0.009448 0.012075 0.018901 0.030433 0.024069 0.025288 
<LogVarVal> 46.672890
<Mixture> 1 <Weight> 0.341355
<Mean>
821.359375 30.675957 0.331125 -3.320955 11.414165 5.648355 -0.488281 -9.310763 1.979062 
<Inverted_Deviation>
0.004097 0.003539 0.006980 0.004737 0.007586 0.012154 0.010367 0.012654 0.016561 
<LogVarVal> 48.940834
<Mixture> 2 <Weight> 0.585561
<Mean>
329.210114 24.714298 19.847404 -15.784502 -13.760138 -1.789751 11.068668 1.986377 -1.412155 
<Inverted_Deviation>
0.004626 0.007461 0.019148 0.010837 0.013894 0.024114 0.022180 0.023313 0.030734 
<LogVarVal> 42.956745
<TransP>
-0.070441 -2.687992 -10000000000.000000 -10000000000.000000 -10000000000.000000 -10000000000.000000 
-10000000000.000000 -0.108652 -2.273441 -10000000000.000000 -10000000000.000000 -10000000000.000000 
-10000000000.000000 -10000000000.000000 -0.109795 -2.263535 -10000000000.000000 -10000000000.000000 
-10000000000.000000 -10000000000.000000 -10000000000.000000 -0.152895 -1.953480 -10000000000.000000 
-10000000000.000000 -10000000000.000000 -10000000000.000000 -10000000000.000000 -0.051349 -2.994668 
-10000000000.000000 -10000000000.000000 -10000000000.000000 -10000000000.000000 -10000000000.000000 0.000000 
<EndEmbeddedHMM>
<BeginEmbeddedHMM>
<NumStates> 6
<State> 0
<NumMixes> 3
<Mixture> 0 <Weight> 0.139670
<Mean>
2427.777588 -322.595856 -31.403311 -60.348186 -12.812052 10.188500 -3.965741 7.933735 2.398654 
<Inverted_Deviation>
0.003532 0.005071 0.004432 0.013149 0.012460 0.013944 0.037962 0.035445 0.034722 
<LogVarVal> 44.460876
<Mixture> 1 <Weight> 0.474297
<Mean>
2614.174561 94.367882 -20.255051 -20.916788 -6.314499 -2.604070 -2.896535 -2.653766 -0.424969 
<Inverted_Deviation>
0.003589 0.006755 0.011361 0.015481 0.019129 0.027583 0.047314 0.048250 0.054151 
<LogVarVal> 40.969574
<Mixture> 2 <Weight> 0.386033
<Mean>
1814.651367 0.882049 15.617508 -29.589443 -2.065952 -1.048672 -1.431096 0.246076 -0.147796 
<Inverted_Deviation>
0.002208 0.003818 0.007536 0.012346 0.017108 0.020978 0.033329 0.040474 0.048905 
<LogVarVal> 43.676193
<State> 1
<NumMixes> 3
<Mixture> 0 <Weight> 0.350412
<Mean>
1580.425415 24.074640 0.531208 -9.733903 -0.455607 0.028448 -1.048098 0.056993 0.034139 
<Inverted_Deviation>
0.009204 0.026579 0.070711 0.020998 0.070186 0.070711 0.034542 0.070711 0.070711 
<LogVarVal> 33.949154
<Mixture> 1 <Weight> 0.236833
<Mean>
1872.749512 33.720573 1.446914 -13.807432 0.271685 0.132032 -0.168721 -0.239457 -0.004019 
<Inverted_Deviation>
0.006559 0.015531 0.070711 0.026764 0.063765 0.070711 0.070711 0.070711 0.070711 
<LogVarVal> 33.962173
<Mixture> 2 <Weight> 0.412755
<Mean>
1318.289307 7.946750 1.650003 -11.867859 2.042580 -0.083792 0.196112 0.167824 -0.007895 
<Inverted_Deviation>
0.007594 0.031294 0.070711 0.022419 0.070324 0.070711 0.038039 0.070711 0.070711 
<LogVarVal> 33.814285
<State> 2
<NumMixes> 3
<Mixture> 0 <Weight> 0.420875
<Mean>
1193.474976 6.054992 9.030514 -22.113733 -1.850159 2.250690 15.552101 -1.507570 -1.574903 
<Inverted_Deviation>
0.006118 0.006617 0.007339 0.008244 0.008473 0.006852 0.013503 0.012071 0.009770 
<LogVarVal> 48.083065
<Mixture> 1 <Weight> 0.138047
<Mean>
1895.897217 -75.601227 -17.799088 -68.308594 -32.489868 7.776871 -13.181870 4.837483 4.401996 
<Inverted_Deviation>
0.005659 0.009890 0.024270 0.010979 0.019510 0.025587 0.046057 0.033663 0.041048 
<LogVarVal> 40.436951
<Mixture> 2 <Weight> 0.441077
<Mean>
1490.393799 -5.962922 -6.928826 -31.495543 8.751952 -2.026655 2.439884 0.678443 0.481317 
<Inverted_Deviation>
0.007796 0.010291 0.014790 0.010056 0.012667 0.012854 0.020399 0.017261 0.017896 
<LogVarVal> 44.093033
<State> 3
<NumMixes> 3
<Mixture> 0 <Weight> 0.552347
<Mean>
1257.627441 31.801870 -1.594450 -14.408054 1.616016 -0.953700 -0.684907 -0.221924 -0.259237 
<Inverted_Deviation>
0.008011 0.012811 0.035376 0.024921 0.036032 0.045426 0.058230 0.058042 0.065849 
<LogVarVal> 36.194790
<Mixture> 1 <Weight> 0.326354
<Mean>
916.429382 19.645102 5.915547 -26.166140 0.986153 0.704665 2.249157 1.981230 0.102245 
<Inverted_Deviation>
0.006044 0.007804 0.009238 0.015827 0.018942 0.015223 0.030344 0.028465 0.026034 
<LogVarVal> 42.797440
<Mixture> 2 <Weight> 0.121300
<Mean>
1704.922119 73.493004 -8.147270 -0.062663 0.776654 -2.261939 -3.337925 -0.890167 -0.536337 
<Inverted_Deviation>
0.003796 0.017264 0.063720 0.026158 0.056579 0.070711 0.070711 0.070711 0.070711 
<LogVarVal> 34.649776
<State> 4
<NumMixes> 3
<Mixture> 0 <Weight> 0.303194
<Mean>
812.719788 1.788683 1.629333 -45.455338 -2.558926 -0.087713 -0.346226 -0.248243 -0.098086 
<Inverted_Deviation>
0.006806 0.017605 0.044982 0.012108 0.027645 0.055723 0.023898 0.049735 0.070711 
<LogVarVal> 37.555939
<Mixture> 1 <Weight> 0.545208
<Mean>
1046.653931 -1.616310 1.080004 -24.703100 0.697468 0.055370 -5.290774 -0.265159 0.112682 
<Inverted_Deviation>
0.010293 0.024187 0.066702 0.017727 0.047863 0.070711 0.030369 0.065721 0.070711 
<LogVarVal> 34.744125
<Mixture> 2 <Weight> 0.151597
<Mean>
1355.992188 4.866607 -1.332762 -29.841131 1.528947 0.487966 -9.574782 1.610364 0.252189 
<Inverted_Deviation>
0.008967 0.027859 0.070711 0.022791 0.070711 0.070711 0.022460 0.070711 0.070711 
<LogVarVal> 34.269276
<State> 5
<NumMixes> 3
<Mixture> 0 <Weight> 0.185459
<Mean>
1805.319336 -68.231918 -57.196426 -3.138741 -7.815966 -8.579054 -50.678520 9.936062 9.764668 
<Inverted_Deviation>
0.004407 0.003379 0.005964 0.004500 0.006429 0.007731 0.007521 0.009692 0.012208 
<LogVarVal> 50.633392
<Mixture> 1 <Weight> 0.515095
<Mean>
715.948181 22.582026 16.742329 -40.302593 0.563236 0.957879 31.978750 -0.083716 0.337325 
<Inverted_Deviation>
0.003937 0.004435 0.006642 0.004902 0.008495 0.012812 0.007766 0.012094 0.018392 
<LogVarVal> 48.833755
<Mixture> 2 <Weight> 0.299445
<Mean>
1223.393555 -56.136982 16.346693 -73.429932 0.495416 2.740744 -16.269756 -7.968971 -6.581276 
<Inverted_Deviation>
0.004686 0.002959 0.004691 0.002731 0.005555 0.006687 0.005167 0.008472 0.010018 
<LogVarVal> 52.443085
<TransP>
-0.131455 -2.094097 -10000000000.000000 -10000000000.000000 -10000000000.000000 -10000000000.000000 
-10000000000.000000 -0.046571 -3.089968 -10000000000.000000 -10000000000.000000 -10000000000.000000 
-10000000000.000000 -10000000000.000000 -0.240550 -1.542692 -10000000000.000000 -10000000000.000000 
-10000000000.000000 -10000000000.000000 -10000000000.000000 -0.096177 -2.389268 -10000000000.000000 
-10000000000.000000 -10000000000.000000 -10000000000.000000 -10000000000.000000 -0.071238 -2.677131 
-10000000000.000000 -10000000000.000000 -10000000000.000000 -10000000000.000000 -10000000000.000000 0.000000 
<EndEmbeddedHMM>
<BeginEmbeddedHMM>
<NumStates> 6
<State> 0
<NumMixes> 3
<Mixture> 0 <Weight> 0.617701
<Mean>
2702.088623 66.975174 -22.964703 9.655640 5.094793 4.064682 -3.263037 -1.899407 -0.373778 
<Inverted_Deviation>
0.003784 0.005722 0.013052 0.014260 0.019884 0.029482 0.036906 0.042015 0.054238 
<LogVarVal> 41.306141
<Mixture> 1 <Weight> 0.122926
<Mean>
2318.382568 -432.356903 -57.421650 95.366486 30.185814 -35.738903 0.088568 10.024682 3.997018 
<Inverted_Deviation>
0.002567 0.004502 0.003983 0.008765 0.010234 0.010525 0.026342 0.032999 0.029196 
<LogVarVal> 46.499775
<Mixture> 2 <Weight> 0.259373
<Mean>
1824.977661 14.244107 37.862869 40.799511 -8.373154 6.534333 3.388242 -0.774063 -1.436910 
<Inverted_Deviation>
0.001716 0.003560 0.008455 0.005934 0.009747 0.016306 0.015715 0.021812 0.027995 
<LogVarVal> 47.358047
<State> 1
<NumMixes> 3
<Mixture> 0 <Weight> 0.301680
<Mean>
1535.178711 37.475647 0.811264 1.314795 -0.878734 -0.188589 -0.660106 0.120355 0.082756 
<Inverted_Deviation>
0.008165 0.017940 0.070711 0.030262 0.068214 0.070711 0.070711 0.070711 0.070711 
<LogVarVal> 33.408688
<Mixture> 1 <Weight> 0.289762
<Mean>
1271.685791 23.359657 1.466963 -6.951951 4.177301 -0.120747 0.784234 -0.500480 -0.095890 
<Inverted_Deviation>
0.007744 0.022098 0.070711 0.022228 0.055828 0.070711 0.060013 0.070711 0.070711 
<LogVarVal> 33.926170
<Mixture> 2 <Weight> 0.408558
<Mean>
1890.998291 37.415840 1.448380 5.263610 -0.910189 -0.011249 -0.933568 0.067264 0.020606 
<Inverted_Deviation>
0.006097 0.011798 0.064086 0.029961 0.070711 0.070711 0.070711 0.070711 0.070711 
<LogVarVal> 34.192268
<State> 2
<NumMixes> 3
<Mixture> 0 <Weight> 0.337891
<Mean>
1712.594238 -4.476289 -10.349446 1.253902 -15.157708 0.990329 -24.071367 0.299614 0.880978 
<Inverted_Deviation>
0.005067 0.009602 0.026842 0.006532 0.017626 0.043184 0.019779 0.036910 0.062545 
<LogVarVal> 40.905800
<Mixture> 1 <Weight> 0.305990
<Mean>
928.196838 32.106556 11.413059 6.576908 -12.942109 0.822089 36.953529 -0.968151 -4.657240 
<Inverted_Deviation>
0.005484 0.007048 0.017913 0.004342 0.011316 0.023414 0.009524 0.017210 0.028846 
<LogVarVal> 45.271774
<Mixture> 2 <Weight> 0.356120
<Mean>
1315.765747 -2.638868 -4.912513 62.393753 12.614611 -0.368287 -14.721964 1.941041 3.103357 
<Inverted_Deviation>
0.006032 0.006418 0.016596 0.004265 0.010844 0.023648 0.012961 0.017256 0.029954 
<LogVarVal> 45.048653
<State> 3
<NumMixes> 3
<Mixture> 0 <Weight> 0.318071
<Mean>
646.038208 -0.976667 4.371824 19.489813 0.260980 -0.793188 13.914527 1.082477 0.066926 
<Inverted_Deviation>
0.006427 0.013905 0.047419 0.007972 0.026630 0.063362 0.021087 0.037991 0.070711 
<LogVarVal> 38.517776
<Mixture> 1 <Weight> 0.243895
<Mean>
1296.907349 44.006927 -1.586119 53.108017 -2.236343 -1.044831 -13.146341 -0.534831 0.229302 
<Inverted_Deviation>
0.004885 0.014199 0.041107 0.011542 0.035815 0.070711 0.048539 0.070711 0.070711 
<LogVarVal> 36.683052
<Mixture> 2 <Weight> 0.438034
<Mean>
944.808350 19.487888 3.646587 29.414600 3.546322 0.929273 -2.154085 -0.483818 -0.244099 
<Inverted_Deviation>
0.007894 0.013003 0.030925 0.008389 0.025882 0.051476 0.029582 0.060064 0.070711 
<LogVarVal> 38.195610
<State> 4
<NumMixes> 3
<Mixture> 0 <Weight> 0.465167
<Mean>
1080.040161 -9.494793 1.315698 7.156701 0.728542 0.098310 -0.754821 -0.049917 -0.103771 
<Inverted_Deviation>
0.012961 0.027070 0.070711 0.044621 0.070711 0.070711 0.070711 0.070711 0.070711 
<LogVarVal> 32.110897
<Mixture> 1 <Weight> 0.121376
<Mean>
1359.469727 -0.248914 -3.819417 13.535618 1.000720 0.143567 -0.599260 -0.258390 0.195070 
<Inverted_Deviation>
0.008452 0.018506 0.070711 0.036755 0.070711 0.070711 0.070711 0.070711 0.070711 
<LogVarVal> 33.112782
<Mixture> 2 <Weight> 0.413457
<Mean>
886.513550 -10.451065 0.690892 4.521838 -1.014611 -0.031704 -0.961349 0.000743 0.068111 
<Inverted_Deviation>
0.010485 0.032057 0.070711 0.030009 0.070711 0.070711 0.070711 0.070711 0.070711 
<LogVarVal> 32.550545
<State> 5
<NumMixes> 3
<Mixture> 0 <Weight> 0.483636
<Mean>
2186.082764 -20.514399 -16.629692 2.316103 -10.765597 -5.937995 -6.110952 -4.166198 -0.577904 
<Inverted_Deviation>
0.004853 0.010130 0.013828 0.010539 0.015758 0.023875 0.023852 0.031999 0.043813 
<LogVarVal> 42.096577
<Mixture> 1 <Weight> 0.330909
<Mean>
845.251892 26.107098 12.634122 22.058107 3.585360 -6.009310 7.916148 -4.856429 0.710887 
<Inverted_Deviation>
0.002664 0.005658 0.007994 0.008824 0.010352 0.014742 0.018130 0.020800 0.021923 
<LogVarVal> 46.304310
<Mixture> 2 <Weight> 0.185455
<Mean>
1593.938110 -336.819824 30.426491 -51.965656 27.468546 26.964180 -4.504209 19.442842 0.467678 
<Inverted_Deviation>
0.003343 0.004185 0.005012 0.004244 0.006818 0.007526 0.012180 0.013582 0.012438 
<LogVarVal> 50.057957
<TransP>
-0.165379 -1.881064 -10000000000.000000 -10000000000.000000 -10000000000.000000 -10000000000.000000 
-10000000000.000000 -0.049670 -3.027090 -10000000000.000000 -10000000000.000000 -10000000000.000000 
-10000000000.000000 -10000000000.000000 -0.176091 -1.823508 -10000000000.000000 -10000000000.000000 
-10000000000.000000 -10000000000.000000 -10000000000.000000 -0.078721 -2.580950 -10000000000.000000 
-10000000000.000000 -10000000000.000000 -10000000000.000000 -10000000000.000000 -0.055150 -2.925154 
-10000000000.000000 -10000000000.000000 -10000000000.000000 -10000000000.000000 -10000000000.000000 0.000000 
<EndEmbeddedHMM>
<BeginEmbeddedHMM>
<NumStates> 3
<State> 0
<NumMixes> 3
<Mixture> 0 <Weight> 0.653651
<Mean>
1656.113525 -6.073181 -9.895752 16.569696 -4.201084 -0.436236 -4.472619 -0.472583 0.567162 
<Inverted_Deviation>
0.005087 0.007384 0.022286 0.011408 0.020908 0.040641 0.040131 0.041840 0.044042 
<LogVarVal> 40.200829
<Mixture> 1 <Weight> 0.279103
<Mean>
967.780884 -69.984718 23.878981 -17.858051 2.080487 2.476021 32.439346 1.306071 -1.716079 
<Inverted_Deviation>
0.003002 0.004233 0.010418 0.004880 0.011828 0.017759 0.008792 0.016154 0.023256 
<LogVarVal> 47.399982
<Mixture> 2 <Weight> 0.067245
<Mean>
2087.840820 7.466232 -20.446888 58.638905 22.656292 -0.313395 -2.574760 1.104136 2.020055 
<Inverted_Deviation>
0.006525 0.007278 0.016486 0.015011 0.019158 0.021755 0.070711 0.068613 0.061233 
<LogVarVal> 39.314945
<State> 1
<NumMixes> 3
<Mixture> 0 <Weight> 0.237363
<Mean>
1341.988037 33.463734 -0.524897 7.153226 -3.790345 -0.349866 -14.416252 -0.002127 0.275321 
<Inverted_Deviation>
0.005873 0.018293 0.067621 0.007311 0.038565 0.070711 0.025804 0.064173 0.070711 
<LogVarVal> 36.859283
<Mixture> 1 <Weight> 0.463370
<Mean>
611.927124 0.376670 1.558908 4.640924 -1.186500 0.187377 11.595251 0.285606 -0.209151 
<Inverted_Deviation>
0.006316 0.019670 0.070711 0.008150 0.035737 0.070711 0.017520 0.069394 0.070711 
<LogVarVal> 36.945709
<Mixture> 2 <Weight> 0.299267
<Mean>
909.132813 17.435652 1.445877 21.280516 4.151903 -0.027975 -10.344141 0.079786 -0.149792 
<Inverted_Deviation>
0.007441 0.016154 0.067030 0.006268 0.040691 0.070711 0.024578 0.067930 0.070711 
<LogVarVal> 36.847778
<State> 2
<NumMixes> 3
<Mixture> 0 <Weight> 0.650953
<Mean>
465.923279 -5.066415 13.150030 85.891571 -24.741119 9.712018 7.491023 -9.209283 -0.798719 
<Inverted_Deviation>
0.002903 0.004742 0.010287 0.008586 0.007391 0.010103 0.019412 0.013495 0.014152 
<LogVarVal> 47.686775
<Mixture> 1 <Weight> 0.308927
<Mean>
1578.686035 -127.212204 -17.294291 118.793335 25.987837 -29.809088 -2.934890 26.506889 4.691590 
<Inverted_Deviation>
0.003403 0.003608 0.014888 0.004202 0.005851 0.008045 0.023598 0.009086 0.008037 
<LogVarVal> 49.373543
<Mixture> 2 <Weight> 0.040120
<Mean>
2296.929443 -108.745010 -59.153286 109.288979 124.109886 61.678352 -59.820904 -62.527554 -14.576894 
<Inverted_Deviation>
0.005859 0.005258 0.011114 0.005230 0.004747 0.011174 0.010786 0.010983 0.014989 
<LogVarVal> 48.377777
<TransP>
-0.051940 -2.983515 -10000000000.000000 
-10000000000.000000 -0.025975 -3.663562 
-10000000000.000000 -10000000000.000000 -0.000000 
<EndEmbeddedHMM>
