<NumSuperStates> 5
<NumStates> 3 6 6 6 3 
<NumMixtures> 3 3 3 3 3 3 3 3 3 3 3 3 3 3 3 3 3 3 3 3 3 3 3 3 
<VecSize> 9
<BeginExternalHMM>
<NumStates> 5
<TransP>
-0.065560 -2.757388 -10000000000.000000 -10000000000.000000 -10000000000.000000 
-10000000000.000000 -0.160121 -1.910819 -10000000000.000000 -10000000000.000000 
-10000000000.000000 -10000000000.000000 -0.089428 -2.458704 -10000000000.000000 
-10000000000.000000 -10000000000.000000 -10000000000.000000 -0.030513 -3.504832 
-10000000000.000000 -10000000000.000000 -10000000000.000000 -10000000000.000000 0.000000 
<EndExternalHMM>
<BeginEmbeddedHMM>
<NumStates> 3
<State> 0
<NumMixes> 3
<Mixture> 0 <Weight> 0.598582
<Mean>
435.138367 -14.836727 10.784947 -24.932293 10.701783 0.078831 3.145227 0.140838 -0.100739 
<Inverted_Deviation>
0.005383 0.009811 0.033531 0.014506 0.041873 0.070711 0.063279 0.070711 0.070711 
<LogVarVal> 36.509308
<Mixture> 1 <Weight> 0.278582
<Mean>
943.297058 -12.150485 -2.647546 -61.522274 -7.822730 1.170527 -4.665450 1.463014 0.170631 
<Inverted_Deviation>
0.004343 0.003933 0.019098 0.009629 0.033821 0.052749 0.040870 0.066269 0.070711 
<LogVarVal> 39.619465
<Mixture> 2 <Weight> 0.122837
<Mean>
1706.905884 75.334702 -30.470152 6.867358 -7.938349 0.754045 -1.078187 -0.104968 0.397214 
<Inverted_Deviation>
0.003782 0.005751 0.015764 0.018245 0.033968 0.070711 0.052233 0.062080 0.070711 
<LogVarVal> 38.453171
<State> 1
<NumMixes> 3
<Mixture> 0 <Weight> 0.424380
<Mean>
1259.876221 -0.258019 -0.857272 -0.655246 -1.423310 -0.124594 -1.621897 -0.097961 -0.014321 
<Inverted_Deviation>
0.006101 0.034051 0.070711 0.024981 0.070711 0.070711 0.070711 0.070711 0.070711 
<LogVarVal> 33.215046
<Mixture> 1 <Weight> 0.394412
<Mean>
909.226318 6.921779 -0.090253 -7.681180 -1.344051 -0.087103 -2.198682 -0.099816 -0.018106 
<Inverted_Deviation>
0.007478 0.035367 0.070711 0.026491 0.070711 0.070711 0.070711 0.070711 0.070711 
<LogVarVal> 32.914986
<Mixture> 2 <Weight> 0.181208
<Mean>
585.715271 17.728832 -0.708455 -21.079220 1.234694 -0.296617 -2.513676 0.133452 -0.038795 
<Inverted_Deviation>
0.006741 0.045101 0.070711 0.030843 0.070711 0.070711 0.070711 0.070711 0.070711 
<LogVarVal> 32.623421
<State> 2
<NumMixes> 3
<Mixture> 0 <Weight> 0.147109
<Mean>
1908.151489 -52.987236 -5.458720 63.573071 1.965689 0.669475 -2.715077 0.205943 -0.263140 
<Inverted_Deviation>
0.002032 0.010374 0.030214 0.010338 0.029772 0.058930 0.049856 0.070711 0.070711 
<LogVarVal> 38.632584
<Mixture> 1 <Weight> 0.164739
<Mean>
1032.052490 -100.261627 -15.502490 70.822922 10.024676 -5.358430 -5.140219 0.356937 1.437035 
<Inverted_Deviation>
0.002831 0.003517 0.010227 0.009524 0.017012 0.020604 0.029790 0.037064 0.040327 
<LogVarVal> 43.880699
<Mixture> 2 <Weight> 0.688152
<Mean>
229.793839 1.530870 7.849867 -7.374268 -5.075088 1.015217 2.319158 -0.526996 -0.265707 
<Inverted_Deviation>
0.004033 0.008878 0.023347 0.012987 0.029310 0.048981 0.048902 0.065073 0.070711 
<LogVarVal> 38.435345
<TransP>
-0.067019 -2.736099 -10000000000.000000 
-10000000000.000000 -0.024063 -3.739075 
-10000000000.000000 -10000000000.000000 0.000000 
<EndEmbeddedHMM>
<BeginEmbeddedHMM>
<NumStates> 6
<State> 0
<NumMixes> 3
<Mixture> 0 <Weight> 0.311321
<Mean>
1133.300415 -14.119455 -20.653393 -63.804054 -9.528549 14.813285 -4.800709 4.677577 -0.367583 
<Inverted_Deviation>
0.004461 0.002426 0.008506 0.010954 0.021995 0.029053 0.043104 0.055213 0.060968 
<LogVarVal> 42.059708
<Mixture> 1 <Weight> 0.408019
<Mean>
568.316101 -59.504261 46.294823 -38.382969 12.975327 -4.092211 1.860768 0.459480 -0.710147 
<Inverted_Deviation>
0.004175 0.004737 0.012852 0.015282 0.023869 0.042536 0.060073 0.067999 0.070711 
<LogVarVal> 39.559898
<Mixture> 2 <Weight> 0.280660
<Mean>
1725.386108 25.679760 -39.948994 -10.396289 -8.247301 -1.198682 -4.390636 0.811759 0.587328 
<Inverted_Deviation>
0.005294 0.005475 0.010434 0.019596 0.018256 0.048599 0.047716 0.059765 0.070711 
<LogVarVal> 39.631718
<State> 1
<NumMixes> 3
<Mixture> 0 <Weight> 0.367115
<Mean>
1397.177734 70.237427 -18.537666 36.953991 -21.497316 -9.091475 -10.937057 -4.250226 2.285047 
<Inverted_Deviation>
0.003703 0.006060 0.014630 0.005296 0.008942 0.016755 0.007325 0.012032 0.023003 
<LogVarVal> 47.236355
<Mixture> 1 <Weight> 0.201655
<Mean>
548.154785 16.507021 7.822871 34.486271 1.722010 -0.239141 0.690996 3.654675 -0.598994 
<Inverted_Deviation>
0.006230 0.010065 0.023148 0.006982 0.011684 0.023652 0.008624 0.014724 0.023402 
<LogVarVal> 44.478855
<Mixture> 2 <Weight> 0.431231
<Mean>
886.143433 45.904850 2.337201 55.895260 0.010690 -0.064344 18.333786 -6.402099 -0.622718 
<Inverted_Deviation>
0.006439 0.007383 0.023333 0.006375 0.014052 0.030239 0.009476 0.017517 0.034744 
<LogVarVal> 43.745613
<State> 2
<NumMixes> 3
<Mixture> 0 <Weight> 0.497888
<Mean>
869.957825 5.487885 -0.163845 61.315674 0.941563 -0.165629 -5.525645 -0.244775 -0.031250 
<Inverted_Deviation>
0.007307 0.018907 0.070711 0.008822 0.041641 0.070711 0.026843 0.070711 0.070711 
<LogVarVal> 36.162090
<Mixture> 1 <Weight> 0.232718
<Mean>
542.786255 0.893010 3.272560 87.204659 0.951922 -0.000201 17.215843 1.156272 -0.051183 
<Inverted_Deviation>
0.006440 0.019271 0.070711 0.007375 0.040311 0.070711 0.019557 0.057186 0.070711 
<LogVarVal> 37.009789
<Mixture> 2 <Weight> 0.269393
<Mean>
1271.131592 13.183870 -4.435741 45.281227 -4.484681 0.376478 -14.179002 0.537063 -0.119717 
<Inverted_Deviation>
0.005637 0.016401 0.070711 0.010586 0.036121 0.070711 0.034545 0.070711 0.070711 
<LogVarVal> 36.271191
<State> 3
<NumMixes> 3
<Mixture> 0 <Weight> 0.554080
<Mean>
727.412964 41.642670 -0.978638 4.391220 3.771578 0.503917 -0.693851 -2.237372 0.297856 
<Inverted_Deviation>
0.008492 0.011377 0.038624 0.006339 0.017688 0.038631 0.015205 0.025952 0.044399 
<LogVarVal> 40.951664
<Mixture> 1 <Weight> 0.109108
<Mean>
1028.571045 98.980438 -4.275871 104.804871 -17.331133 -6.369454 -13.371454 -9.009336 4.145966 
<Inverted_Deviation>
0.007860 0.012513 0.046716 0.011064 0.022043 0.046808 0.019824 0.030431 0.051781 
<LogVarVal> 39.196308
<Mixture> 2 <Weight> 0.336812
<Mean>
436.732147 19.861347 5.892286 -4.385000 3.172209 -1.248838 5.118249 2.457816 -0.524169 
<Inverted_Deviation>
0.006685 0.012608 0.025061 0.007417 0.013793 0.025438 0.009602 0.016104 0.029310 
<LogVarVal> 43.382515
<State> 4
<NumMixes> 3
<Mixture> 0 <Weight> 0.312588
<Mean>
158.771240 5.473999 3.232322 8.218105 1.538689 0.651427 17.855400 -0.920922 -0.158110 
<Inverted_Deviation>
0.007870 0.024437 0.070711 0.009264 0.041733 0.070711 0.021306 0.061105 0.070711 
<LogVarVal> 36.157169
<Mixture> 1 <Weight> 0.425597
<Mean>
425.514801 10.370098 1.020458 18.062618 0.345067 -0.372807 5.966183 0.172599 -0.064883 
<Inverted_Deviation>
0.009948 0.018139 0.070711 0.007677 0.038010 0.070711 0.020842 0.060043 0.070711 
<LogVarVal> 36.541683
<Mixture> 2 <Weight> 0.261816
<Mean>
679.097961 4.783628 -1.608100 32.918980 -0.708254 -0.024583 -2.742829 0.799277 0.049688 
<Inverted_Deviation>
0.009566 0.020183 0.070711 0.015247 0.054340 0.070711 0.045447 0.070711 0.070711 
<LogVarVal> 34.487381
<State> 5
<NumMixes> 3
<Mixture> 0 <Weight> 0.103960
<Mean>
1445.435791 -97.883499 -60.677711 0.367871 -15.648559 -5.581511 -9.686382 -0.279965 -0.316803 
<Inverted_Deviation>
0.003732 0.004792 0.007533 0.011808 0.023660 0.034048 0.016628 0.036702 0.057153 
<LogVarVal> 42.798035
<Mixture> 1 <Weight> 0.744774
<Mean>
229.892075 7.114360 9.618887 -4.565280 3.416480 -1.361550 3.459080 -0.103625 -0.023621 
<Inverted_Deviation>
0.005001 0.007380 0.013155 0.013056 0.018369 0.025692 0.027388 0.036344 0.043007 
<LogVarVal> 41.745205
<Mixture> 2 <Weight> 0.151265
<Mean>
734.508362 -204.967667 11.769658 2.831354 1.437733 9.483855 -8.658003 3.152492 0.705250 
<Inverted_Deviation>
0.003913 0.002878 0.006810 0.004950 0.013651 0.017420 0.012165 0.018899 0.024963 
<LogVarVal> 47.255249
<TransP>
-0.122807 -2.157913 -10000000000.000000 -10000000000.000000 -10000000000.000000 -10000000000.000000 
-10000000000.000000 -0.226510 -1.596084 -10000000000.000000 -10000000000.000000 -10000000000.000000 
-10000000000.000000 -10000000000.000000 -0.044543 -3.133496 -10000000000.000000 -10000000000.000000 
-10000000000.000000 -10000000000.000000 -10000000000.000000 -0.205744 -1.682233 -10000000000.000000 
-10000000000.000000 -10000000000.000000 -10000000000.000000 -10000000000.000000 -0.046943 -3.082191 
-10000000000.000000 -10000000000.000000 -10000000000.000000 -10000000000.000000 -10000000000.000000 0.000000 
<EndEmbeddedHMM>
<BeginEmbeddedHMM>
<NumStates> 6
<State> 0
<NumMixes> 3
<Mixture> 0 <Weight> 0.231715
<Mean>
646.256348 -37.705223 38.512135 -14.713793 -9.029350 -3.402780 7.530822 -0.716487 -1.288200 
<Inverted_Deviation>
0.003394 0.004800 0.009728 0.008796 0.014054 0.023295 0.023576 0.027208 0.036390 
<LogVarVal> 44.231934
<Mixture> 1 <Weight> 0.368852
<Mean>
1648.069214 29.653790 -21.673780 -13.775442 -0.529604 -2.566707 -1.745132 0.004285 -0.119383 
<Inverted_Deviation>
0.005597 0.009507 0.017171 0.025291 0.035716 0.060247 0.057105 0.070711 0.070711 
<LogVarVal> 37.036976
<Mixture> 2 <Weight> 0.399433
<Mean>
1234.245483 0.471814 -11.081429 -27.053747 3.188907 4.526927 -2.823791 1.102184 0.949652 
<Inverted_Deviation>
0.004720 0.003488 0.007790 0.013319 0.019997 0.028175 0.036210 0.040827 0.054970 
<LogVarVal> 42.238377
<State> 1
<NumMixes> 3
<Mixture> 0 <Weight> 0.595446
<Mean>
1046.902832 23.862595 -0.069312 -21.828615 2.087437 0.917438 -2.689024 1.052110 0.249950 
<Inverted_Deviation>
0.005424 0.011944 0.040463 0.008781 0.022792 0.055128 0.016097 0.031937 0.064153 
<LogVarVal> 39.737236
<Mixture> 1 <Weight> 0.275901
<Mean>
1518.187988 11.011083 -5.135574 -8.894537 -5.949585 -0.671462 -12.932420 -1.129192 -0.232345 
<Inverted_Deviation>
0.004320 0.010069 0.024472 0.005188 0.017166 0.040791 0.010394 0.024506 0.049155 
<LogVarVal> 42.717896
<Mixture> 2 <Weight> 0.128653
<Mean>
566.108704 11.553091 9.638798 91.596916 7.929407 -3.530759 -6.371556 -2.956361 -0.346575 
<Inverted_Deviation>
0.004782 0.008702 0.035149 0.006635 0.019645 0.049926 0.011477 0.031206 0.070711 
<LogVarVal> 41.112797
<State> 2
<NumMixes> 3
<Mixture> 0 <Weight> 0.397900
<Mean>
711.884216 37.061234 26.263905 -32.110615 5.480049 0.558532 31.498005 -1.005330 -3.629955 
<Inverted_Deviation>
0.004161 0.004698 0.008502 0.005102 0.007073 0.012043 0.008560 0.010898 0.015449 
<LogVarVal> 48.860111
<Mixture> 1 <Weight> 0.172367
<Mean>
1507.703613 42.823383 -46.953888 -14.423109 3.604361 1.389185 -55.099117 -6.742577 5.526471 
<Inverted_Deviation>
0.004580 0.003631 0.006490 0.004454 0.008379 0.012455 0.007455 0.011690 0.016540 
<LogVarVal> 49.224628
<Mixture> 2 <Weight> 0.429732
<Mean>
1117.363037 19.180542 -8.250451 -46.906975 -6.990887 -0.685541 -5.510156 1.482146 1.597021 
<Inverted_Deviation>
0.006639 0.004353 0.008434 0.004344 0.008125 0.012705 0.007805 0.011355 0.016686 
<LogVarVal> 48.420376
<State> 3
<NumMixes> 3
<Mixture> 0 <Weight> 0.565302
<Mean>
381.696167 -1.786124 8.554567 -26.275192 1.217064 0.198544 10.917327 0.963579 -0.102390 
<Inverted_Deviation>
0.005228 0.008538 0.018028 0.008518 0.017785 0.028884 0.018191 0.030084 0.043049 
<LogVarVal> 42.179478
<Mixture> 1 <Weight> 0.310331
<Mean>
783.703247 30.393862 -2.067655 -26.356436 -2.478574 -0.324415 -2.009408 -0.152485 -0.160390 
<Inverted_Deviation>
0.007859 0.008760 0.018736 0.010699 0.018294 0.030297 0.019433 0.030125 0.046061 
<LogVarVal> 41.268681
<Mixture> 2 <Weight> 0.124366
<Mean>
1102.831909 49.213417 -4.911043 32.397495 11.954536 -3.485096 17.478821 2.392745 -0.945528 
<Inverted_Deviation>
0.007524 0.009594 0.038305 0.007521 0.023819 0.053350 0.013850 0.035235 0.064772 
<LogVarVal> 39.869911
<State> 4
<NumMixes> 3
<Mixture> 0 <Weight> 0.210101
<Mean>
830.394897 2.857180 -1.618479 -16.895557 -0.466691 -0.071448 -2.250206 0.056462 0.019139 
<Inverted_Deviation>
0.009197 0.021088 0.070711 0.026132 0.070618 0.070711 0.063077 0.070711 0.070711 
<LogVarVal> 33.354332
<Mixture> 1 <Weight> 0.308735
<Mean>
374.382843 1.243746 1.854499 -17.968933 -0.659078 0.350864 -1.506443 -0.348894 0.021539 
<Inverted_Deviation>
0.008043 0.025587 0.070711 0.010837 0.044513 0.070711 0.032641 0.070711 0.070711 
<LogVarVal> 35.295456
<Mixture> 2 <Weight> 0.481163
<Mean>
599.499023 3.143768 0.130582 -15.383480 -0.166682 0.012928 -2.321757 0.030215 -0.097095 
<Inverted_Deviation>
0.010629 0.024862 0.070711 0.020639 0.070650 0.070711 0.055545 0.070711 0.070711 
<LogVarVal> 33.407661
<State> 5
<NumMixes> 3
<Mixture> 0 <Weight> 0.118085
<Mean>
1414.419556 -91.554893 -42.983921 -12.276174 -9.850755 -3.912523 -0.295897 0.130888 0.276511 
<Inverted_Deviation>
0.003097 0.004964 0.008598 0.016169 0.018170 0.025269 0.044651 0.037953 0.046714 
<LogVarVal> 42.245068
<Mixture> 1 <Weight> 0.618883
<Mean>
280.794678 12.165968 17.155962 -15.146694 0.603621 -0.764486 9.797579 -0.559121 -0.024450 
<Inverted_Deviation>
0.004471 0.006438 0.010385 0.011758 0.017314 0.024762 0.026090 0.030088 0.037867 
<LogVarVal> 42.796017
<Mixture> 2 <Weight> 0.263032
<Mean>
757.032166 -106.105171 -12.158920 -7.782038 1.839849 3.998949 -0.621282 1.514261 0.212458 
<Inverted_Deviation>
0.005075 0.003318 0.006873 0.013663 0.018487 0.018063 0.035147 0.044994 0.039993 
<LogVarVal> 43.089279
<TransP>
-0.113026 -2.236118 -10000000000.000000 -10000000000.000000 -10000000000.000000 -10000000000.000000 
-10000000000.000000 -0.137715 -2.050638 -10000000000.000000 -10000000000.000000 -10000000000.000000 
-10000000000.000000 -10000000000.000000 -0.121940 -2.164577 -10000000000.000000 -10000000000.000000 
-10000000000.000000 -10000000000.000000 -10000000000.000000 -0.141752 -2.023714 -10000000000.000000 
-10000000000.000000 -10000000000.000000 -10000000000.000000 -10000000000.000000 -0.035716 -3.349956 
-10000000000.000000 -10000000000.000000 -10000000000.000000 -10000000000.000000 -10000000000.000000 -0.000000 
<EndEmbeddedHMM>
<BeginEmbeddedHMM>
<NumStates> 6
<State> 0
<NumMixes> 3
<Mixture> 0 <Weight> 0.199775
<Mean>
1225.918701 -7.697164 -3.713529 9.700315 5.370512 1.476302 0.534924 -0.670305 0.238929 
<Inverted_Deviation>
0.003613 0.005997 0.010880 0.011220 0.018960 0.028920 0.024387 0.037478 0.046398 
<LogVarVal> 42.478504
<Mixture> 1 <Weight> 0.609190
<Mean>
1796.217041 27.115299 -6.183527 -2.769081 0.183824 0.025563 -1.038860 -0.024809 0.054574 
<Inverted_Deviation>
0.004076 0.009794 0.020145 0.019142 0.040322 0.054391 0.051285 0.070711 0.070711 
<LogVarVal> 37.531548
<Mixture> 2 <Weight> 0.191035
<Mean>
432.383209 -70.861473 8.676547 27.499720 -7.808558 -2.110518 2.151298 0.954595 -0.478007 
<Inverted_Deviation>
0.003101 0.005437 0.012579 0.010821 0.018718 0.025388 0.031205 0.040734 0.050135 
<LogVarVal> 42.356480
<State> 1
<NumMixes> 3
<Mixture> 0 <Weight> 0.460170
<Mean>
1270.163574 22.446125 -1.235554 0.543896 0.333697 0.047489 -0.704543 0.109517 0.005485 
<Inverted_Deviation>
0.006292 0.017219 0.066632 0.027201 0.064862 0.070711 0.070711 0.070711 0.070711 
<LogVarVal> 33.926636
<Mixture> 1 <Weight> 0.507779
<Mean>
907.654175 15.406568 0.980747 -1.741788 0.229519 0.030439 -0.507950 0.057386 0.028141 
<Inverted_Deviation>
0.006114 0.018265 0.070711 0.026907 0.066688 0.070711 0.070711 0.070711 0.070711 
<LogVarVal> 33.820152
<Mixture> 2 <Weight> 0.032051
<Mean>
1564.255859 32.388149 -0.000029 4.275187 -0.078180 -0.112979 -1.473304 0.591431 -0.203657 
<Inverted_Deviation>
0.014687 0.022505 0.065234 0.033167 0.070711 0.070711 0.070711 0.070711 0.070711 
<LogVarVal> 32.547859
<State> 2
<NumMixes> 3
<Mixture> 0 <Weight> 0.283380
<Mean>
1180.452148 23.975176 -12.596430 36.415382 -19.347742 1.400543 -26.366215 0.842945 2.079663 
<Inverted_Deviation>
0.004767 0.007024 0.016007 0.006062 0.012343 0.022986 0.013507 0.023075 0.034774 
<LogVarVal> 44.296207
<Mixture> 1 <Weight> 0.286009
<Mean>
424.263824 24.887486 8.136779 37.992462 12.110118 -0.045606 31.551001 1.670831 -2.139001 
<Inverted_Deviation>
0.006085 0.010204 0.032581 0.005215 0.016428 0.039836 0.011926 0.025794 0.049285 
<LogVarVal> 41.946987
<Mixture> 2 <Weight> 0.430610
<Mean>
780.982727 27.326899 3.540526 34.083244 -2.179838 -1.734262 -0.104480 -2.227146 -0.196020 
<Inverted_Deviation>
0.006999 0.008228 0.021334 0.005368 0.014032 0.028455 0.012834 0.023676 0.041578 
<LogVarVal> 43.093227
<State> 3
<NumMixes> 3
<Mixture> 0 <Weight> 0.486297
<Mean>
242.091980 2.196515 2.282299 11.741430 0.818659 -0.006258 3.821411 0.395692 0.015762 
<Inverted_Deviation>
0.006689 0.019818 0.068699 0.010951 0.042443 0.070711 0.028064 0.070711 0.070711 
<LogVarVal> 35.952435
<Mixture> 1 <Weight> 0.161199
<Mean>
924.578430 26.804852 -1.993451 22.639345 -0.194586 -0.278976 -7.081740 -0.403436 0.046685 
<Inverted_Deviation>
0.005576 0.015715 0.055090 0.012169 0.038575 0.070711 0.041857 0.070711 0.070711 
<LogVarVal> 36.177425
<Mixture> 2 <Weight> 0.352504
<Mean>
586.874146 18.284641 0.557380 9.617894 0.939269 0.442801 -4.229495 -0.221532 0.109356 
<Inverted_Deviation>
0.007882 0.018265 0.066551 0.011595 0.039678 0.070711 0.035666 0.070711 0.070711 
<LogVarVal> 35.672203
<State> 4
<NumMixes> 3
<Mixture> 0 <Weight> 0.073251
<Mean>
886.042603 -19.875889 -1.126646 -0.928558 -1.200406 0.186188 -0.271580 -0.108385 0.081735 
<Inverted_Deviation>
0.007840 0.013710 0.046698 0.037059 0.069521 0.070711 0.070711 0.070711 0.070711 
<LogVarVal> 33.911537
<Mixture> 1 <Weight> 0.451084
<Mean>
662.985535 -3.419868 1.001556 2.413549 0.140729 -0.039500 -0.663616 -0.070349 0.030195 
<Inverted_Deviation>
0.013435 0.030911 0.070711 0.048498 0.070711 0.070711 0.070711 0.070711 0.070711 
<LogVarVal> 31.858997
<Mixture> 2 <Weight> 0.475665
<Mean>
468.598053 -3.402918 0.702476 4.802219 -0.088266 0.008922 -0.731388 -0.049039 -0.041135 
<Inverted_Deviation>
0.009599 0.034195 0.070711 0.037666 0.070711 0.070711 0.070711 0.070711 0.070711 
<LogVarVal> 32.347031
<State> 5
<NumMixes> 3
<Mixture> 0 <Weight> 0.254489
<Mean>
2016.719604 -61.162479 -27.667856 -22.561901 -5.927372 -2.137540 -8.736431 -3.347358 1.332033 
<Inverted_Deviation>
0.002126 0.005396 0.009625 0.009095 0.012600 0.023269 0.019780 0.027882 0.036181 
<LogVarVal> 44.827354
<Mixture> 1 <Weight> 0.315449
<Mean>
456.644592 -6.647597 20.974218 11.400903 4.930379 -3.002420 19.481068 -8.651199 0.311805 
<Inverted_Deviation>
0.003606 0.005505 0.008254 0.005541 0.010352 0.016153 0.012116 0.020779 0.027078 
<LogVarVal> 46.563419
<Mixture> 2 <Weight> 0.430063
<Mean>
1157.659180 -179.074829 4.087741 -26.001068 5.209830 3.125510 -10.475027 8.400158 -1.305386 
<Inverted_Deviation>
0.003039 0.003467 0.006335 0.004536 0.009011 0.011971 0.012181 0.017214 0.020541 
<LogVarVal> 48.559067
<TransP>
-0.128390 -2.116193 -10000000000.000000 -10000000000.000000 -10000000000.000000 -10000000000.000000 
-10000000000.000000 -0.051342 -2.994799 -10000000000.000000 -10000000000.000000 -10000000000.000000 
-10000000000.000000 -10000000000.000000 -0.199941 -1.708040 -10000000000.000000 -10000000000.000000 
-10000000000.000000 -10000000000.000000 -10000000000.000000 -0.067360 -2.731200 -10000000000.000000 
-10000000000.000000 -10000000000.000000 -10000000000.000000 -10000000000.000000 -0.054403 -2.938421 
-10000000000.000000 -10000000000.000000 -10000000000.000000 -10000000000.000000 -10000000000.000000 0.000000 
<EndEmbeddedHMM>
<BeginEmbeddedHMM>
<NumStates> 3
<State> 0
<NumMixes> 3
<Mixture> 0 <Weight> 0.315052
<Mean>
337.381348 2.266004 22.181690 63.013897 10.174618 1.049713 29.188459 5.388052 -1.796446 
<Inverted_Deviation>
0.003172 0.004798 0.011545 0.005040 0.009116 0.015990 0.011357 0.016794 0.022818 
<LogVarVal> 47.174503
<Mixture> 1 <Weight> 0.262949
<Mean>
1133.094604 85.014954 8.932724 95.032219 -0.457737 -6.758736 -17.312450 -9.786645 0.518434 
<Inverted_Deviation>
0.002614 0.002814 0.007838 0.002904 0.006577 0.011127 0.009063 0.010456 0.015428 
<LogVarVal> 50.619770
<Mixture> 2 <Weight> 0.421999
<Mean>
2095.520264 12.956737 -21.805540 -0.878338 -4.580927 2.935553 -13.439034 2.003623 1.022838 
<Inverted_Deviation>
0.003071 0.004570 0.010696 0.006098 0.009897 0.019862 0.013848 0.021928 0.030509 
<LogVarVal> 46.086880
<State> 1
<NumMixes> 3
<Mixture> 0 <Weight> 0.152873
<Mean>
1016.297302 14.726993 -2.658045 -0.466663 1.752039 0.125985 -3.279125 -0.212916 -0.003103 
<Inverted_Deviation>
0.004065 0.018257 0.070711 0.018449 0.051173 0.070711 0.064535 0.070711 0.070711 
<LogVarVal> 34.962280
<Mixture> 1 <Weight> 0.264000
<Mean>
588.234863 14.399453 -2.176580 -2.577879 -2.096042 0.264976 -1.048438 -0.102073 0.026185 
<Inverted_Deviation>
0.005687 0.012905 0.046653 0.014770 0.039071 0.070711 0.042123 0.070711 0.070711 
<LogVarVal> 36.308231
<Mixture> 2 <Weight> 0.583127
<Mean>
185.867325 4.698132 1.760863 3.930867 -0.206176 0.105255 2.066658 0.187492 -0.006402 
<Inverted_Deviation>
0.006594 0.019216 0.050927 0.015091 0.049344 0.070711 0.040732 0.070711 0.070711 
<LogVarVal> 35.453083
<State> 2
<NumMixes> 3
<Mixture> 0 <Weight> 0.564675
<Mean>
304.760803 -50.301788 41.097157 23.989286 -8.117414 -0.482101 7.070071 0.538405 -3.657654 
<Inverted_Deviation>
0.003238 0.003580 0.007118 0.005095 0.006729 0.010023 0.010937 0.012832 0.016699 
<LogVarVal> 49.309113
<Mixture> 1 <Weight> 0.265266
<Mean>
1330.582397 -233.307983 -35.489067 51.674164 18.872553 -4.766119 -11.767331 2.434069 6.871188 
<Inverted_Deviation>
0.002689 0.001915 0.005414 0.003218 0.005905 0.007495 0.006747 0.010003 0.013041 
<LogVarVal> 52.254288
<Mixture> 2 <Weight> 0.170059
<Mean>
2260.169434 -32.050579 -49.670586 -4.339128 7.583659 5.420959 -16.015976 -8.204309 1.835937 
<Inverted_Deviation>
0.002369 0.003858 0.007834 0.006019 0.006840 0.013975 0.010533 0.013139 0.019864 
<LogVarVal> 48.775913
<TransP>
-0.049979 -3.021034 -10000000000.000000 
-10000000000.000000 -0.023548 -3.760473 
-10000000000.000000 -10000000000.000000 0.000000 
<EndEmbeddedHMM>
