<NumSuperStates> 5
<NumStates> 3 6 6 6 3 
<NumMixtures> 3 3 3 3 3 3 3 3 3 3 3 3 3 3 3 3 3 3 3 3 3 3 3 3 
<VecSize> 9
<BeginExternalHMM>
<NumStates> 5
<TransP>
-0.074414 -2.635081 -10000000000.000000 -10000000000.000000 -10000000000.000000 
-10000000000.000000 -0.064079 -2.779509 -10000000000.000000 -10000000000.000000 
-10000000000.000000 -10000000000.000000 -0.084162 -2.516800 -10000000000.000000 
-10000000000.000000 -10000000000.000000 -10000000000.000000 -0.039653 -3.247355 
-10000000000.000000 -10000000000.000000 -10000000000.000000 -10000000000.000000 0.000000 
<EndExternalHMM>
<BeginEmbeddedHMM>
<NumStates> 3
<State> 0
<NumMixes> 3
<Mixture> 0 <Weight> 0.258780
<Mean>
1791.995361 114.382210 -24.073708 32.003029 -21.172277 -3.413474 -4.092096 -2.127930 1.855816 
<Inverted_Deviation>
0.003260 0.004456 0.018290 0.009868 0.021161 0.026483 0.052434 0.044645 0.048800 
<LogVarVal> 41.474716
<Mixture> 1 <Weight> 0.412569
<Mean>
770.360413 17.659920 9.669715 -23.252991 5.731012 2.187960 5.458277 0.823179 0.303271 
<Inverted_Deviation>
0.005038 0.010231 0.023385 0.013145 0.025205 0.043909 0.044601 0.063289 0.070711 
<LogVarVal> 38.437206
<Mixture> 2 <Weight> 0.328651
<Mean>
1185.665039 78.810478 17.977726 1.649712 16.677094 -0.782368 4.053505 -0.259709 -2.059852 
<Inverted_Deviation>
0.005306 0.004803 0.014312 0.008878 0.020508 0.028319 0.046912 0.046252 0.046934 
<LogVarVal> 41.342834
<State> 1
<NumMixes> 3
<Mixture> 0 <Weight> 0.383164
<Mean>
854.605713 8.042677 0.606175 -22.615030 0.434543 0.168231 1.579389 -0.271693 -0.007035 
<Inverted_Deviation>
0.007951 0.024430 0.070711 0.020972 0.058547 0.070711 0.070711 0.070711 0.070711 
<LogVarVal> 33.646000
<Mixture> 1 <Weight> 0.446217
<Mean>
543.096741 2.498540 1.026163 -8.697352 -1.210168 -0.013260 1.584296 0.072674 0.014416 
<Inverted_Deviation>
0.008330 0.036322 0.070711 0.037226 0.070711 0.070711 0.070711 0.070711 0.070711 
<LogVarVal> 32.440186
<Mixture> 2 <Weight> 0.170619
<Mean>
1194.191406 6.412084 -2.667467 -34.099960 1.041331 0.205852 -3.103333 0.270639 0.217703 
<Inverted_Deviation>
0.005095 0.016866 0.070711 0.021739 0.058096 0.070711 0.070711 0.070711 0.070711 
<LogVarVal> 34.433254
<State> 2
<NumMixes> 3
<Mixture> 0 <Weight> 0.231546
<Mean>
1170.538086 -58.210445 6.126313 38.459934 -6.898859 2.559001 1.339260 -1.058379 -0.166637 
<Inverted_Deviation>
0.004585 0.014441 0.029418 0.022524 0.028254 0.047414 0.070711 0.069189 0.069857 
<LogVarVal> 36.689919
<Mixture> 1 <Weight> 0.102997
<Mean>
1998.196045 -110.828896 -12.895504 53.149406 17.579872 -6.840223 -2.991254 2.832985 0.492646 
<Inverted_Deviation>
0.002892 0.006549 0.019748 0.013060 0.020615 0.023731 0.065029 0.049481 0.047287 
<LogVarVal> 40.701866
<Mixture> 2 <Weight> 0.665457
<Mean>
778.060303 -10.799959 1.111631 10.345456 -1.827836 -0.112320 0.794329 0.158265 -0.031209 
<Inverted_Deviation>
0.008474 0.033173 0.070711 0.040883 0.062586 0.070711 0.070711 0.070711 0.070711 
<LogVarVal> 32.542046
<TransP>
-0.097383 -2.377404 -10000000000.000000 
-10000000000.000000 -0.027426 -3.609948 
-10000000000.000000 -10000000000.000000 0.000000 
<EndEmbeddedHMM>
<BeginEmbeddedHMM>
<NumStates> 6
<State> 0
<NumMixes> 3
<Mixture> 0 <Weight> 0.359827
<Mean>
979.321289 -11.057478 27.612223 -28.486481 15.172316 -1.504001 4.063845 -0.650156 -0.121124 
<Inverted_Deviation>
0.003953 0.005170 0.014149 0.014829 0.022186 0.035104 0.062536 0.070711 0.070711 
<LogVarVal> 39.646851
<Mixture> 1 <Weight> 0.394509
<Mean>
1504.400635 -23.476259 3.564776 -44.450897 1.347868 3.106987 0.050327 1.314790 -0.916186 
<Inverted_Deviation>
0.004645 0.004096 0.013373 0.010508 0.018634 0.030462 0.050299 0.057693 0.070711 
<LogVarVal> 40.856541
<Mixture> 2 <Weight> 0.245665
<Mean>
2047.723755 62.949299 -32.019405 -34.032845 -17.962540 0.449587 -7.820935 0.278521 1.984567 
<Inverted_Deviation>
0.003318 0.003665 0.009733 0.010073 0.014738 0.021995 0.032448 0.047309 0.063905 
<LogVarVal> 42.962402
<State> 1
<NumMixes> 3
<Mixture> 0 <Weight> 0.231233
<Mean>
898.055847 2.426743 7.464557 9.784605 -2.096941 0.673372 24.735102 2.969309 -0.972174 
<Inverted_Deviation>
0.008167 0.011986 0.032017 0.007069 0.021591 0.042270 0.020463 0.036698 0.062124 
<LogVarVal> 39.748459
<Mixture> 1 <Weight> 0.462466
<Mean>
1526.385376 39.834785 -1.544264 -5.016119 -5.971073 -0.679109 -8.253591 -0.148412 0.206893 
<Inverted_Deviation>
0.005771 0.019924 0.070711 0.009801 0.033368 0.070711 0.028972 0.057156 0.070711 
<LogVarVal> 36.598198
<Mixture> 2 <Weight> 0.306301
<Mean>
1168.376221 35.332775 0.464155 24.184801 6.474921 -1.774103 0.395155 -2.708713 0.066468 
<Inverted_Deviation>
0.008229 0.014782 0.041211 0.005897 0.020426 0.049484 0.016474 0.034491 0.070711 
<LogVarVal> 39.507324
<State> 2
<NumMixes> 3
<Mixture> 0 <Weight> 0.133704
<Mean>
948.893555 -1.290292 3.390924 -36.042118 -7.013836 0.532892 18.791199 0.177201 0.095340 
<Inverted_Deviation>
0.013930 0.024044 0.070711 0.010168 0.035860 0.070711 0.038354 0.070711 0.070711 
<LogVarVal> 34.927048
<Mixture> 1 <Weight> 0.435796
<Mean>
1109.826660 -9.458268 0.434841 -2.354838 3.803066 0.211602 -2.050895 0.017798 -0.058536 
<Inverted_Deviation>
0.015377 0.027840 0.070711 0.014554 0.064033 0.070711 0.070711 0.070711 0.070711 
<LogVarVal> 33.131496
<Mixture> 2 <Weight> 0.430500
<Mean>
1290.534424 -4.889536 -2.125209 -9.338686 0.910860 0.180639 -5.218031 0.615052 -0.000297 
<Inverted_Deviation>
0.009815 0.025542 0.070711 0.017663 0.070711 0.070711 0.070711 0.070711 0.070711 
<LogVarVal> 33.373749
<State> 3
<NumMixes> 3
<Mixture> 0 <Weight> 0.299001
<Mean>
1230.920044 19.329830 -2.181321 -23.695656 2.695036 0.345927 -9.312770 -0.455276 0.092815 
<Inverted_Deviation>
0.010214 0.032474 0.070711 0.022804 0.070711 0.070711 0.070711 0.070711 0.070711 
<LogVarVal> 32.838390
<Mixture> 1 <Weight> 0.522867
<Mean>
1041.529175 9.066441 0.480364 -23.649042 -0.724721 0.012698 -4.319878 0.042227 -0.004402 
<Inverted_Deviation>
0.013196 0.026205 0.070711 0.017875 0.065446 0.070711 0.070711 0.070711 0.070711 
<LogVarVal> 33.117641
<Mixture> 2 <Weight> 0.178132
<Mean>
862.718933 11.455113 1.479903 -51.838692 1.014823 0.428693 4.885478 -0.772179 0.053351 
<Inverted_Deviation>
0.012197 0.029603 0.070711 0.012621 0.052595 0.070711 0.056466 0.070711 0.070711 
<LogVarVal> 33.866028
<State> 4
<NumMixes> 3
<Mixture> 0 <Weight> 0.182296
<Mean>
1210.289917 -36.024288 -4.117606 2.250560 17.074343 0.869054 -16.683401 -3.234792 1.127307 
<Inverted_Deviation>
0.008105 0.013407 0.051019 0.007250 0.021084 0.049180 0.022365 0.034160 0.057288 
<LogVarVal> 39.089020
<Mixture> 1 <Weight> 0.335172
<Mean>
922.657410 -7.646037 -1.329958 -3.440109 -4.681111 -2.131401 1.793557 2.709389 0.555659 
<Inverted_Deviation>
0.009880 0.010211 0.028525 0.006373 0.017627 0.033730 0.018486 0.028338 0.045038 
<LogVarVal> 41.047695
<Mixture> 2 <Weight> 0.482532
<Mean>
688.755859 0.689706 6.099019 -14.386070 -5.998207 0.837853 15.901351 -1.061482 -0.851184 
<Inverted_Deviation>
0.009385 0.014966 0.040611 0.010252 0.026651 0.050377 0.024557 0.045775 0.069530 
<LogVarVal> 37.875862
<State> 5
<NumMixes> 3
<Mixture> 0 <Weight> 0.372200
<Mean>
864.358032 26.987097 27.128103 -11.214692 -18.959814 -3.384204 3.655720 0.185018 -0.302950 
<Inverted_Deviation>
0.005173 0.006181 0.016910 0.015675 0.025787 0.040376 0.057080 0.059861 0.070711 
<LogVarVal> 38.933029
<Mixture> 1 <Weight> 0.223014
<Mean>
1669.344116 -140.676331 -19.078127 -23.232634 17.101971 -1.505217 0.568976 1.055423 0.360586 
<Inverted_Deviation>
0.003174 0.003572 0.009293 0.013004 0.020724 0.026269 0.070711 0.070711 0.070711 
<LogVarVal> 41.023106
<Mixture> 2 <Weight> 0.404786
<Mean>
1253.308594 29.245239 -8.553209 -26.488869 3.714300 4.867067 -0.153233 -0.791371 -0.065993 
<Inverted_Deviation>
0.005565 0.004254 0.012682 0.011979 0.019582 0.032615 0.051461 0.059237 0.066390 
<LogVarVal> 40.456017
<TransP>
-0.110673 -2.255999 -10000000000.000000 -10000000000.000000 -10000000000.000000 -10000000000.000000 
-10000000000.000000 -0.082786 -2.532602 -10000000000.000000 -10000000000.000000 -10000000000.000000 
-10000000000.000000 -10000000000.000000 -0.079888 -2.566804 -10000000000.000000 -10000000000.000000 
-10000000000.000000 -10000000000.000000 -10000000000.000000 -0.057339 -2.887302 -10000000000.000000 
-10000000000.000000 -10000000000.000000 -10000000000.000000 -10000000000.000000 -0.079233 -2.574716 
-10000000000.000000 -10000000000.000000 -10000000000.000000 -10000000000.000000 -10000000000.000000 -0.000000 
<EndEmbeddedHMM>
<BeginEmbeddedHMM>
<NumStates> 6
<State> 0
<NumMixes> 3
<Mixture> 0 <Weight> 0.241826
<Mean>
1239.013306 -83.790794 35.012623 -15.391687 2.581739 -1.686869 2.769211 3.199668 0.508381 
<Inverted_Deviation>
0.004584 0.005131 0.009839 0.016725 0.019448 0.039468 0.057714 0.070711 0.070711 
<LogVarVal> 39.844040
<Mixture> 1 <Weight> 0.354102
<Mean>
2219.248779 18.892632 -45.851341 15.113420 -9.733098 -1.525616 -6.560874 -0.661243 1.175043 
<Inverted_Deviation>
0.004003 0.003379 0.007508 0.011433 0.019280 0.028649 0.069218 0.070711 0.070711 
<LogVarVal> 41.195457
<Mixture> 2 <Weight> 0.404072
<Mean>
1779.991089 -30.786322 14.206224 16.658596 1.653479 2.313667 -0.963072 -0.396450 -1.174705 
<Inverted_Deviation>
0.005467 0.003634 0.009649 0.011169 0.023799 0.031827 0.064937 0.069568 0.070711 
<LogVarVal> 40.347862
<State> 1
<NumMixes> 3
<Mixture> 0 <Weight> 0.488077
<Mean>
1622.161377 16.803280 -0.199051 5.049302 0.927666 -0.116997 -0.805349 -0.078868 -0.031899 
<Inverted_Deviation>
0.010445 0.035287 0.070711 0.043136 0.070711 0.070711 0.070711 0.070711 0.070711 
<LogVarVal> 32.095505
<Mixture> 1 <Weight> 0.384444
<Mean>
1431.447998 12.676101 0.223553 4.410003 0.917522 0.073273 -1.006990 0.082913 0.041741 
<Inverted_Deviation>
0.015010 0.038929 0.070711 0.055084 0.070711 0.070711 0.070711 0.070711 0.070711 
<LogVarVal> 31.390221
<Mixture> 2 <Weight> 0.127479
<Mean>
1300.552612 11.334827 2.075311 -1.296900 0.906601 -0.193144 -1.124197 0.158692 -0.054666 
<Inverted_Deviation>
0.022421 0.047814 0.070711 0.041268 0.070711 0.070711 0.070711 0.070711 0.070711 
<LogVarVal> 31.072090
<State> 2
<NumMixes> 3
<Mixture> 0 <Weight> 0.349022
<Mean>
1518.598877 -1.594812 -1.556661 -12.327571 -0.934516 0.143866 -4.079146 0.124931 0.054830 
<Inverted_Deviation>
0.015200 0.024723 0.070711 0.025440 0.070711 0.070711 0.070711 0.070711 0.070711 
<LogVarVal> 32.604115
<Mixture> 1 <Weight> 0.220783
<Mean>
1248.751709 -1.271973 4.085067 -16.080736 -0.451419 -0.127177 -0.636220 -0.161458 -0.129862 
<Inverted_Deviation>
0.015466 0.024302 0.070711 0.019444 0.058533 0.070711 0.070711 0.070711 0.070711 
<LogVarVal> 33.061733
<Mixture> 2 <Weight> 0.430196
<Mean>
1371.432861 -1.799057 0.132129 -18.634911 1.964313 -0.100071 -2.197365 -0.187649 0.077673 
<Inverted_Deviation>
0.017891 0.024225 0.070711 0.024222 0.070711 0.070711 0.070711 0.070711 0.070711 
<LogVarVal> 32.510525
<State> 3
<NumMixes> 3
<Mixture> 0 <Weight> 0.581480
<Mean>
1156.309082 4.315846 3.421836 -28.028448 0.264570 -0.432382 -0.916659 0.115381 -0.098663 
<Inverted_Deviation>
0.011733 0.023086 0.070597 0.031277 0.068608 0.070711 0.070711 0.070711 0.070711 
<LogVarVal> 32.756714
<Mixture> 1 <Weight> 0.136347
<Mean>
1623.291626 1.182704 -12.698964 -21.346401 0.450801 0.400674 -6.207323 -0.073002 0.332390 
<Inverted_Deviation>
0.008499 0.009259 0.024905 0.019426 0.036821 0.070711 0.059673 0.070711 0.070711 
<LogVarVal> 36.303219
<Mixture> 2 <Weight> 0.282173
<Mean>
1336.067261 20.161385 -1.389431 -23.342907 -0.866629 1.196749 -1.057217 0.022976 -0.096846 
<Inverted_Deviation>
0.009799 0.011881 0.047720 0.030580 0.053509 0.070711 0.070711 0.070711 0.070711 
<LogVarVal> 34.263859
<State> 4
<NumMixes> 3
<Mixture> 0 <Weight> 0.441992
<Mean>
1303.038086 -18.179344 -0.083581 -18.768099 0.479156 -0.724822 -3.935450 0.852671 0.184024 
<Inverted_Deviation>
0.008018 0.013260 0.045581 0.010764 0.031757 0.070711 0.030649 0.065598 0.070711 
<LogVarVal> 36.877441
<Mixture> 1 <Weight> 0.249883
<Mean>
967.888611 1.413781 6.294169 -79.849663 -1.597236 1.446508 15.726194 -0.359364 -0.647443 
<Inverted_Deviation>
0.006430 0.010690 0.029580 0.008081 0.017080 0.034829 0.016445 0.033574 0.053742 
<LogVarVal> 40.927914
<Mixture> 2 <Weight> 0.308126
<Mean>
1667.872437 -68.666489 3.008852 42.679691 -10.878339 0.252158 1.986751 -0.188118 -0.459999 
<Inverted_Deviation>
0.004366 0.016425 0.070711 0.014461 0.049013 0.070711 0.048101 0.070711 0.070711 
<LogVarVal> 35.577194
<State> 5
<NumMixes> 3
<Mixture> 0 <Weight> 0.428477
<Mean>
2232.884521 -61.058685 -37.065529 -0.306644 15.477640 -8.932673 -21.435118 2.235919 1.471034 
<Inverted_Deviation>
0.003397 0.004372 0.007375 0.005354 0.013680 0.022666 0.020331 0.031633 0.041113 
<LogVarVal> 45.027470
<Mixture> 1 <Weight> 0.270929
<Mean>
1131.088379 48.882172 41.557877 -60.951290 -10.532111 -4.085099 10.945971 -3.377943 -0.515181 
<Inverted_Deviation>
0.003689 0.003826 0.006455 0.006778 0.012185 0.018646 0.017732 0.025400 0.037577 
<LogVarVal> 45.732735
<Mixture> 2 <Weight> 0.300593
<Mean>
1681.933960 133.648026 -6.205937 -89.157013 -0.218301 15.714878 -6.875491 -1.046112 -0.379836 
<Inverted_Deviation>
0.004138 0.002241 0.004299 0.004929 0.010840 0.014987 0.014187 0.019747 0.031000 
<LogVarVal> 47.880482
<TransP>
-0.148001 -1.983627 -10000000000.000000 -10000000000.000000 -10000000000.000000 -10000000000.000000 
-10000000000.000000 -0.050977 -3.001768 -10000000000.000000 -10000000000.000000 -10000000000.000000 
-10000000000.000000 -10000000000.000000 -0.060773 -2.830837 -10000000000.000000 -10000000000.000000 
-10000000000.000000 -10000000000.000000 -10000000000.000000 -0.084793 -2.509636 -10000000000.000000 
-10000000000.000000 -10000000000.000000 -10000000000.000000 -10000000000.000000 -0.110646 -2.256236 
-10000000000.000000 -10000000000.000000 -10000000000.000000 -10000000000.000000 -10000000000.000000 -0.000000 
<EndEmbeddedHMM>
<BeginEmbeddedHMM>
<NumStates> 6
<State> 0
<NumMixes> 3
<Mixture> 0 <Weight> 0.347875
<Mean>
2159.936523 43.538338 -18.121822 -6.387181 5.294771 -1.479561 -1.950783 0.271093 0.200810 
<Inverted_Deviation>
0.004905 0.008558 0.017602 0.022426 0.035444 0.053372 0.070711 0.070711 0.070711 
<LogVarVal> 37.284679
<Mixture> 1 <Weight> 0.174502
<Mean>
1462.867310 -3.392424 24.866516 -15.323202 -17.286327 -3.169518 5.678867 1.343528 -1.004359 
<Inverted_Deviation>
0.006227 0.005138 0.013734 0.015701 0.020215 0.033234 0.054707 0.055840 0.068375 
<LogVarVal> 39.722351
<Mixture> 2 <Weight> 0.477623
<Mean>
1764.028687 69.288963 -2.586322 -8.897117 -2.672266 2.779897 -0.336577 -1.051415 0.023038 
<Inverted_Deviation>
0.008124 0.007138 0.014239 0.016793 0.030790 0.039489 0.067855 0.070711 0.070711 
<LogVarVal> 37.946129
<State> 1
<NumMixes> 3
<Mixture> 0 <Weight> 0.258463
<Mean>
1090.958008 21.342600 0.060498 11.473124 0.623446 -0.088660 -0.738611 -0.061950 -0.068618 
<Inverted_Deviation>
0.009721 0.040402 0.070711 0.038710 0.070711 0.070711 0.070711 0.070711 0.070711 
<LogVarVal> 32.140213
<Mixture> 1 <Weight> 0.409517
<Mean>
1297.530396 17.626102 0.037562 10.587839 -0.273639 -0.020154 -0.363050 -0.010603 0.045355 
<Inverted_Deviation>
0.012767 0.047076 0.070711 0.056167 0.070711 0.070711 0.070711 0.070711 0.070711 
<LogVarVal> 31.342566
<Mixture> 2 <Weight> 0.332020
<Mean>
1494.201050 19.824409 0.770926 8.345662 -0.762825 -0.075580 -0.163914 0.173084 0.056259 
<Inverted_Deviation>
0.010611 0.037394 0.070711 0.068295 0.070711 0.070711 0.070711 0.070711 0.070711 
<LogVarVal> 31.562269
<State> 2
<NumMixes> 3
<Mixture> 0 <Weight> 0.639915
<Mean>
994.333801 12.321917 0.654985 14.866630 -0.329811 -0.024963 -6.512642 -0.380699 0.310498 
<Inverted_Deviation>
0.009831 0.020160 0.067441 0.008419 0.034486 0.070711 0.025474 0.060795 0.070711 
<LogVarVal> 36.287182
<Mixture> 1 <Weight> 0.219697
<Mean>
1276.824341 0.525940 -2.377291 68.102448 -6.478439 -0.557258 -14.486546 0.979556 0.264053 
<Inverted_Deviation>
0.006639 0.013251 0.045670 0.008924 0.024833 0.064294 0.033557 0.055622 0.070711 
<LogVarVal> 37.667816
<Mixture> 2 <Weight> 0.140388
<Mean>
775.882202 13.076343 6.529727 55.247494 5.191387 -0.445205 33.063328 -1.746265 -1.687291 
<Inverted_Deviation>
0.006428 0.013174 0.047356 0.008124 0.023236 0.065523 0.015102 0.038968 0.070711 
<LogVarVal> 38.965363
<State> 3
<NumMixes> 3
<Mixture> 0 <Weight> 0.156410
<Mean>
1047.231812 -17.613188 5.621229 35.311264 -0.690879 -0.858327 -5.981356 2.076467 -0.195267 
<Inverted_Deviation>
0.007032 0.010683 0.021208 0.006828 0.016637 0.031379 0.021949 0.032002 0.046799 
<LogVarVal> 41.368412
<Mixture> 1 <Weight> 0.061699
<Mean>
1468.477417 14.641803 -17.247648 53.280689 16.330021 4.680110 -24.870502 -3.207576 2.529535 
<Inverted_Deviation>
0.004724 0.006698 0.022674 0.006003 0.010546 0.018869 0.019564 0.021338 0.030018 
<LogVarVal> 44.223965
<Mixture> 2 <Weight> 0.781891
<Mean>
736.902771 -0.943569 2.284169 5.007507 -0.677767 0.145897 8.674704 -0.006567 -0.240475 
<Inverted_Deviation>
0.006120 0.022399 0.070711 0.008899 0.038458 0.070711 0.030762 0.068009 0.070711 
<LogVarVal> 36.143227
<State> 4
<NumMixes> 3
<Mixture> 0 <Weight> 0.300907
<Mean>
1461.103760 -26.307997 1.629053 11.196927 0.633550 -0.113202 -0.402647 -0.230237 0.103140 
<Inverted_Deviation>
0.006909 0.020555 0.070711 0.044684 0.070711 0.070711 0.070711 0.070711 0.070711 
<LogVarVal> 33.013924
<Mixture> 1 <Weight> 0.484631
<Mean>
1225.219360 -15.271460 0.354358 8.285281 1.105874 -0.134309 -0.872015 -0.236744 0.077146 
<Inverted_Deviation>
0.012066 0.029596 0.070711 0.034539 0.070711 0.070711 0.070711 0.070711 0.070711 
<LogVarVal> 32.349453
<Mixture> 2 <Weight> 0.214462
<Mean>
1020.793335 -26.235243 -0.000116 12.523298 -0.800811 -0.599832 0.186578 0.554219 0.092443 
<Inverted_Deviation>
0.009716 0.025370 0.070711 0.025541 0.070711 0.070711 0.070711 0.070711 0.070711 
<LogVarVal> 33.021839
<State> 5
<NumMixes> 3
<Mixture> 0 <Weight> 0.330706
<Mean>
2258.319092 -52.893230 -23.657011 -24.853292 -15.656958 -4.187421 -4.067195 -2.037315 1.349075 
<Inverted_Deviation>
0.004411 0.007071 0.013981 0.011802 0.015891 0.023875 0.047523 0.046359 0.039596 
<LogVarVal> 41.460075
<Mixture> 1 <Weight> 0.202078
<Mean>
1252.525513 16.956207 59.918083 -16.383320 37.266056 -13.545040 11.636886 -6.994522 -1.196500 
<Inverted_Deviation>
0.003469 0.003541 0.008073 0.008526 0.011866 0.017454 0.033650 0.029258 0.028843 
<LogVarVal> 44.993984
<Mixture> 2 <Weight> 0.467216
<Mean>
1754.578125 -93.422569 -15.463985 -28.910295 5.458617 9.394628 0.118474 5.329867 -0.732148 
<Inverted_Deviation>
0.005845 0.003802 0.007481 0.009132 0.013662 0.015214 0.044219 0.031373 0.030771 
<LogVarVal> 43.997520
<TransP>
-0.191313 -1.747978 -10000000000.000000 -10000000000.000000 -10000000000.000000 -10000000000.000000 
-10000000000.000000 -0.050543 -3.010099 -10000000000.000000 -10000000000.000000 -10000000000.000000 
-10000000000.000000 -10000000000.000000 -0.116098 -2.210811 -10000000000.000000 -10000000000.000000 
-10000000000.000000 -10000000000.000000 -10000000000.000000 -0.077096 -2.601008 -10000000000.000000 
-10000000000.000000 -10000000000.000000 -10000000000.000000 -10000000000.000000 -0.056071 -2.909035 
-10000000000.000000 -10000000000.000000 -10000000000.000000 -10000000000.000000 -10000000000.000000 0.000000 
<EndEmbeddedHMM>
<BeginEmbeddedHMM>
<NumStates> 3
<State> 0
<NumMixes> 3
<Mixture> 0 <Weight> 0.422442
<Mean>
2146.969238 65.794006 -30.820055 23.157297 5.607421 -0.029742 -22.483650 3.726209 1.942895 
<Inverted_Deviation>
0.003959 0.005253 0.012588 0.006115 0.014918 0.020993 0.013015 0.025412 0.045618 
<LogVarVal> 44.574265
<Mixture> 1 <Weight> 0.128713
<Mean>
569.011719 33.632374 10.071257 257.533875 67.033104 6.080886 90.645424 12.913619 -6.177807 
<Inverted_Deviation>
0.002843 0.006801 0.016054 0.003165 0.008486 0.017313 0.005838 0.010351 0.020657 
<LogVarVal> 48.311722
<Mixture> 2 <Weight> 0.448845
<Mean>
1451.422607 128.132675 24.710131 125.109077 -8.248500 -3.615825 -26.364916 -7.947839 -0.048598 
<Inverted_Deviation>
0.003633 0.004705 0.010388 0.003352 0.009418 0.015071 0.007955 0.015521 0.024887 
<LogVarVal> 47.946346
<State> 1
<NumMixes> 3
<Mixture> 0 <Weight> 0.426286
<Mean>
856.973816 -1.188649 0.336670 8.088734 -0.097274 -0.064061 -3.767336 -0.170721 0.025239 
<Inverted_Deviation>
0.009089 0.024952 0.070711 0.013765 0.061766 0.070711 0.038976 0.070711 0.070711 
<LogVarVal> 34.454258
<Mixture> 1 <Weight> 0.242406
<Mean>
561.040466 -1.078758 1.710248 0.656410 0.087343 0.300864 11.342586 0.092221 -0.138520 
<Inverted_Deviation>
0.006816 0.026521 0.070711 0.009447 0.048432 0.070711 0.031916 0.070711 0.070711 
<LogVarVal> 35.500439
<Mixture> 2 <Weight> 0.331308
<Mean>
1180.315308 0.289914 0.187452 14.126776 0.892131 -0.092833 -1.871186 -0.039868 0.052065 
<Inverted_Deviation>
0.006750 0.024794 0.070711 0.027521 0.070711 0.070711 0.070711 0.070711 0.070711 
<LogVarVal> 33.334412
<State> 2
<NumMixes> 3
<Mixture> 0 <Weight> 0.363073
<Mean>
1562.211670 -190.496033 26.305677 23.296047 20.388655 -0.922031 -5.667979 13.441278 -3.359405 
<Inverted_Deviation>
0.003000 0.003612 0.006929 0.002905 0.006207 0.010557 0.007339 0.010500 0.016104 
<LogVarVal> 50.630054
<Mixture> 1 <Weight> 0.158612
<Mean>
755.980469 -6.356647 25.016914 108.502625 -25.340269 2.831855 31.162386 -12.148425 0.440985 
<Inverted_Deviation>
0.002787 0.005167 0.011647 0.004420 0.008944 0.017233 0.009544 0.014203 0.020541 
<LogVarVal> 47.743347
<Mixture> 2 <Weight> 0.478315
<Mean>
2412.515381 -77.365494 -30.925297 14.410898 -11.912925 -0.480503 -19.013578 -5.461243 2.300502 
<Inverted_Deviation>
0.002608 0.004255 0.009679 0.004747 0.008792 0.012601 0.009324 0.013967 0.019038 
<LogVarVal> 48.563602
<TransP>
-0.154976 -1.940972 -10000000000.000000 
-10000000000.000000 -0.017776 -4.038807 
-10000000000.000000 -10000000000.000000 0.000000 
<EndEmbeddedHMM>
