<NumSuperStates> 5
<NumStates> 3 6 6 6 3 
<NumMixtures> 3 3 3 3 3 3 3 3 3 3 3 3 3 3 3 3 3 3 3 3 3 3 3 3 
<VecSize> 9
<BeginExternalHMM>
<NumStates> 5
<TransP>
-0.107145 -2.286670 -10000000000.000000 -10000000000.000000 -10000000000.000000 
-10000000000.000000 -0.050076 -3.019140 -10000000000.000000 -10000000000.000000 
-10000000000.000000 -10000000000.000000 -0.077117 -2.600739 -10000000000.000000 
-10000000000.000000 -10000000000.000000 -10000000000.000000 -0.046293 -3.095816 
-10000000000.000000 -10000000000.000000 -10000000000.000000 -10000000000.000000 0.000000 
<EndExternalHMM>
<BeginEmbeddedHMM>
<NumStates> 3
<State> 0
<NumMixes> 3
<Mixture> 0 <Weight> 0.621023
<Mean>
557.158386 -6.427650 3.213856 -23.521193 0.463585 -0.127115 3.780286 0.231120 -0.045577 
<Inverted_Deviation>
0.005702 0.017087 0.040408 0.020689 0.048978 0.070711 0.070360 0.070711 0.070711 
<LogVarVal> 35.092442
<Mixture> 1 <Weight> 0.110920
<Mean>
1503.306763 31.582947 -0.509291 -23.999107 1.263353 0.160217 -1.500829 0.075777 -0.058384 
<Inverted_Deviation>
0.004758 0.012130 0.029262 0.026456 0.056340 0.070711 0.070711 0.070711 0.070711 
<LogVarVal> 35.548042
<Mixture> 2 <Weight> 0.268057
<Mean>
1054.535400 -10.995895 -2.617547 -79.731972 0.724739 0.688064 -3.053722 -0.332891 0.058838 
<Inverted_Deviation>
0.004986 0.012471 0.029435 0.014178 0.024312 0.036530 0.034379 0.039033 0.051290 
<LogVarVal> 39.228729
<State> 1
<NumMixes> 3
<Mixture> 0 <Weight> 0.383522
<Mean>
751.760132 2.665376 2.011574 -23.411592 -2.196070 -0.031594 2.263854 -0.082717 -0.010945 
<Inverted_Deviation>
0.008549 0.024280 0.070711 0.025563 0.070711 0.070711 0.070711 0.070711 0.070711 
<LogVarVal> 33.192902
<Mixture> 1 <Weight> 0.425238
<Mean>
1001.390930 5.980838 -1.394090 -33.896793 1.511834 0.053974 -2.466150 0.087185 0.057477 
<Inverted_Deviation>
0.009865 0.024608 0.070711 0.027197 0.070711 0.070711 0.070711 0.070711 0.070711 
<LogVarVal> 32.974281
<Mixture> 2 <Weight> 0.191240
<Mean>
1272.804443 8.307763 -1.249125 -20.126984 0.434453 -0.388985 -2.535379 0.294705 0.058938 
<Inverted_Deviation>
0.007650 0.027558 0.061994 0.036788 0.070711 0.070711 0.070711 0.070711 0.070711 
<LogVarVal> 32.944931
<State> 2
<NumMixes> 3
<Mixture> 0 <Weight> 0.368976
<Mean>
2272.667480 -42.109741 -22.122263 14.182614 15.583093 7.384351 -5.138990 -4.492960 0.226380 
<Inverted_Deviation>
0.007597 0.008296 0.012190 0.013136 0.012487 0.023367 0.034124 0.031601 0.030463 
<LogVarVal> 42.025856
<Mixture> 1 <Weight> 0.503765
<Mean>
636.431030 -6.474634 20.543335 -18.846401 -13.897156 6.489023 4.449205 -4.860552 1.331987 
<Inverted_Deviation>
0.003817 0.006583 0.012321 0.009955 0.016583 0.027364 0.034024 0.034840 0.051623 
<LogVarVal> 42.148243
<Mixture> 2 <Weight> 0.127259
<Mean>
1394.017822 -552.636353 2.970650 128.833282 -5.193314 -41.564304 8.134665 28.637470 -6.368772 
<Inverted_Deviation>
0.002570 0.005523 0.003554 0.004253 0.005851 0.008191 0.018054 0.012540 0.012662 
<LogVarVal> 50.122204
<TransP>
-0.041028 -3.213944 -10000000000.000000 
-10000000000.000000 -0.024680 -3.714094 
-10000000000.000000 -10000000000.000000 0.000000 
<EndEmbeddedHMM>
<BeginEmbeddedHMM>
<NumStates> 6
<State> 0
<NumMixes> 3
<Mixture> 0 <Weight> 0.375345
<Mean>
1573.464233 -8.289710 2.017415 -45.640266 -2.524838 -1.785159 0.290701 0.209833 0.314774 
<Inverted_Deviation>
0.003325 0.005158 0.012132 0.018314 0.023500 0.034229 0.070711 0.070711 0.070711 
<LogVarVal> 39.609589
<Mixture> 1 <Weight> 0.316774
<Mean>
729.002930 -41.899796 17.281437 -43.490871 4.858598 0.842315 1.287749 0.373477 -0.385719 
<Inverted_Deviation>
0.003142 0.005507 0.017376 0.018529 0.030219 0.040305 0.070711 0.070711 0.070711 
<LogVarVal> 38.815006
<Mixture> 2 <Weight> 0.307881
<Mean>
2388.524658 26.402634 -24.969185 -30.052179 -9.885405 2.262167 -2.994213 -0.033843 0.249056 
<Inverted_Deviation>
0.002660 0.003640 0.010182 0.011389 0.021555 0.031737 0.060878 0.070711 0.070711 
<LogVarVal> 41.143139
<State> 1
<NumMixes> 3
<Mixture> 0 <Weight> 0.160010
<Mean>
940.932068 37.681221 4.121116 39.204029 -4.148822 -0.439770 11.556596 -1.740925 -0.120387 
<Inverted_Deviation>
0.004157 0.011680 0.030737 0.006156 0.019007 0.040048 0.013045 0.027724 0.053473 
<LogVarVal> 41.690548
<Mixture> 1 <Weight> 0.281503
<Mean>
1674.254395 52.347282 1.545020 -3.293293 -0.993211 -0.316500 -2.522595 0.057736 -0.144186 
<Inverted_Deviation>
0.005096 0.015911 0.070711 0.014952 0.044262 0.070711 0.037983 0.070711 0.070711 
<LogVarVal> 35.759083
<Mixture> 2 <Weight> 0.558488
<Mean>
1352.289795 27.251968 -0.969209 -1.875965 -1.412497 -0.053062 -4.590379 0.081633 0.114973 
<Inverted_Deviation>
0.007227 0.019876 0.070711 0.011551 0.041138 0.070711 0.030267 0.069943 0.070711 
<LogVarVal> 35.756454
<State> 2
<NumMixes> 3
<Mixture> 0 <Weight> 0.607178
<Mean>
1121.020142 5.893922 -0.156166 8.532814 1.784831 0.132297 -2.706484 -0.031026 0.005712 
<Inverted_Deviation>
0.011349 0.031939 0.070711 0.016310 0.070711 0.070711 0.070711 0.070711 0.070711 
<LogVarVal> 33.084759
<Mixture> 1 <Weight> 0.166915
<Mean>
801.477600 2.253108 3.313876 23.209005 -3.098149 -0.158651 17.369547 0.357074 -0.362017 
<Inverted_Deviation>
0.006440 0.021357 0.070711 0.010196 0.046600 0.070711 0.046088 0.070711 0.070711 
<LogVarVal> 35.368557
<Mixture> 2 <Weight> 0.225907
<Mean>
1357.542358 11.150571 -1.196188 3.558516 -0.419758 -0.075488 -4.446237 -0.029706 0.029918 
<Inverted_Deviation>
0.009098 0.035487 0.070711 0.029123 0.070711 0.070711 0.070711 0.070711 0.070711 
<LogVarVal> 32.620758
<State> 3
<NumMixes> 3
<Mixture> 0 <Weight> 0.486947
<Mean>
829.434937 1.273914 1.988577 -7.456305 0.565357 -0.112448 0.361554 -0.033683 0.016690 
<Inverted_Deviation>
0.013515 0.029671 0.070711 0.024377 0.070711 0.070711 0.070711 0.070711 0.070711 
<LogVarVal> 32.581882
<Mixture> 1 <Weight> 0.415393
<Mean>
985.857910 5.350803 -0.150221 -5.217739 -0.933419 0.018052 -0.198547 0.013368 -0.000994 
<Inverted_Deviation>
0.015217 0.020682 0.070711 0.024626 0.070711 0.070711 0.070711 0.070711 0.070711 
<LogVarVal> 32.814007
<Mixture> 2 <Weight> 0.097660
<Mean>
1187.097656 -8.011673 -6.300077 -25.152725 -1.661112 0.072386 -2.407351 0.418234 0.085523 
<Inverted_Deviation>
0.010822 0.014904 0.070711 0.024000 0.070711 0.070711 0.070711 0.070711 0.070711 
<LogVarVal> 33.508270
<State> 4
<NumMixes> 3
<Mixture> 0 <Weight> 0.427471
<Mean>
918.654785 -16.503504 -1.549465 9.376394 0.058654 -1.131743 -5.441194 1.657286 0.597263 
<Inverted_Deviation>
0.010148 0.016963 0.052534 0.007453 0.026540 0.057418 0.020669 0.038088 0.070711 
<LogVarVal> 37.946472
<Mixture> 1 <Weight> 0.284125
<Mean>
1188.858521 -15.234861 -4.713022 1.048138 -4.338138 -0.692061 -8.286299 -0.315014 -0.202819 
<Inverted_Deviation>
0.007433 0.014856 0.062710 0.012181 0.035988 0.070711 0.028691 0.056259 0.070711 
<LogVarVal> 36.491447
<Mixture> 2 <Weight> 0.288404
<Mean>
695.840698 1.293385 4.201659 -2.268619 12.919073 0.076218 24.735741 -1.535645 -1.218149 
<Inverted_Deviation>
0.009088 0.013846 0.033345 0.007453 0.020399 0.045662 0.018144 0.031481 0.058565 
<LogVarVal> 39.716019
<State> 5
<NumMixes> 3
<Mixture> 0 <Weight> 0.342757
<Mean>
2216.096436 -85.747070 -39.196335 -3.350409 -3.134152 0.466472 -2.741324 -1.177716 1.209871 
<Inverted_Deviation>
0.003398 0.004877 0.008603 0.014363 0.015531 0.023268 0.053507 0.054288 0.049695 
<LogVarVal> 41.926800
<Mixture> 1 <Weight> 0.453304
<Mean>
705.029297 35.279163 20.462307 -22.776909 3.096020 -0.936068 2.350746 -2.241396 1.050351 
<Inverted_Deviation>
0.003191 0.005891 0.010066 0.019107 0.019083 0.024108 0.063624 0.052018 0.063205 
<LogVarVal> 40.745647
<Mixture> 2 <Weight> 0.203939
<Mean>
1359.721191 -386.507233 56.358471 -34.558388 5.684787 2.966248 1.336019 6.211651 -3.798381 
<Inverted_Deviation>
0.002977 0.002839 0.004099 0.006580 0.009682 0.010284 0.028173 0.028081 0.027142 
<LogVarVal> 47.316391
<TransP>
-0.127025 -2.126210 -10000000000.000000 -10000000000.000000 -10000000000.000000 -10000000000.000000 
-10000000000.000000 -0.097047 -2.380688 -10000000000.000000 -10000000000.000000 -10000000000.000000 
-10000000000.000000 -10000000000.000000 -0.049517 -3.030096 -10000000000.000000 -10000000000.000000 
-10000000000.000000 -10000000000.000000 -10000000000.000000 -0.054052 -2.944710 -10000000000.000000 
-10000000000.000000 -10000000000.000000 -10000000000.000000 -10000000000.000000 -0.182065 -1.793044 
-10000000000.000000 -10000000000.000000 -10000000000.000000 -10000000000.000000 -10000000000.000000 0.000000 
<EndEmbeddedHMM>
<BeginEmbeddedHMM>
<NumStates> 6
<State> 0
<NumMixes> 3
<Mixture> 0 <Weight> 0.246966
<Mean>
917.141479 -101.358932 4.755750 -18.094881 -6.160836 -1.015546 1.086311 0.573943 0.115499 
<Inverted_Deviation>
0.002527 0.005348 0.011002 0.017931 0.030009 0.043003 0.070711 0.070711 0.070711 
<LogVarVal> 39.493977
<Mixture> 1 <Weight> 0.429551
<Mean>
2607.502930 45.640709 -21.012009 0.391870 2.051763 -0.841355 -1.932260 0.486515 0.098130 
<Inverted_Deviation>
0.003507 0.004449 0.009402 0.016825 0.025329 0.035024 0.051795 0.060545 0.070711 
<LogVarVal> 40.412514
<Mixture> 2 <Weight> 0.323483
<Mean>
1963.281006 137.775452 11.599208 -24.355700 -5.426935 1.907783 -2.141745 -1.152901 -0.278495 
<Inverted_Deviation>
0.003615 0.006484 0.011081 0.011729 0.018552 0.025703 0.033832 0.040810 0.049894 
<LogVarVal> 41.991837
<State> 1
<NumMixes> 3
<Mixture> 0 <Weight> 0.561693
<Mean>
1502.995605 22.873911 -0.303259 2.383256 -0.890026 -0.022699 -1.545242 0.307076 0.035474 
<Inverted_Deviation>
0.006741 0.021936 0.070711 0.036467 0.070711 0.070711 0.070711 0.070711 0.070711 
<LogVarVal> 33.176659
<Mixture> 1 <Weight> 0.092669
<Mean>
862.807068 10.357889 5.559714 37.110458 16.526175 -1.164809 42.540192 -2.068715 -0.676994 
<Inverted_Deviation>
0.005607 0.011917 0.038499 0.004036 0.015324 0.039838 0.007254 0.017934 0.039541 
<LogVarVal> 43.113247
<Mixture> 2 <Weight> 0.345638
<Mean>
1278.153320 17.739670 -0.274084 0.502388 -1.502029 0.026961 -6.532784 0.179926 0.237974 
<Inverted_Deviation>
0.008262 0.020652 0.070711 0.010008 0.030720 0.070711 0.020978 0.045665 0.070711 
<LogVarVal> 36.812717
<State> 2
<NumMixes> 3
<Mixture> 0 <Weight> 0.290876
<Mean>
1383.599121 -4.854922 -4.000872 -11.218699 -2.522387 0.246256 -3.861990 0.080964 0.074711 
<Inverted_Deviation>
0.010516 0.020407 0.070711 0.022644 0.060940 0.070711 0.070711 0.070711 0.070711 
<LogVarVal> 33.429531
<Mixture> 1 <Weight> 0.558212
<Mean>
1201.757568 0.853971 1.063461 -4.889521 0.564839 0.017738 -0.793755 0.158725 0.055846 
<Inverted_Deviation>
0.012883 0.025120 0.070711 0.022351 0.070711 0.070711 0.070711 0.070711 0.070711 
<LogVarVal> 32.883102
<Mixture> 2 <Weight> 0.150912
<Mean>
990.523071 -4.695295 2.846437 -38.981182 0.874784 0.208631 -0.993769 -0.147223 -0.311515 
<Inverted_Deviation>
0.009159 0.023539 0.070711 0.017782 0.049965 0.070711 0.032252 0.070711 0.070711 
<LogVarVal> 34.650215
<State> 3
<NumMixes> 3
<Mixture> 0 <Weight> 0.266779
<Mean>
941.887634 20.947525 0.931948 -9.784601 0.192979 0.539930 -0.156299 -0.550471 -0.041513 
<Inverted_Deviation>
0.019196 0.056196 0.070711 0.039937 0.070711 0.070711 0.070711 0.070711 0.070711 
<LogVarVal> 31.098667
<Mixture> 1 <Weight> 0.400587
<Mean>
1071.060059 25.946524 1.531659 0.489670 0.855366 -0.024352 -1.051320 -0.252120 -0.035193 
<Inverted_Deviation>
0.014530 0.038663 0.070711 0.049095 0.070711 0.070711 0.070711 0.070711 0.070711 
<LogVarVal> 31.544662
<Mixture> 2 <Weight> 0.332634
<Mean>
1288.225464 29.786478 -0.982532 2.961303 -0.506307 -0.703079 -0.992194 -0.251915 -0.045028 
<Inverted_Deviation>
0.010837 0.028893 0.070711 0.058604 0.070711 0.070711 0.070711 0.070711 0.070711 
<LogVarVal> 31.952173
<State> 4
<NumMixes> 3
<Mixture> 0 <Weight> 0.087041
<Mean>
1312.290527 -33.870499 -0.057559 -1.250011 1.069147 0.163511 -1.604345 -0.218533 0.006589 
<Inverted_Deviation>
0.008173 0.024587 0.070711 0.048591 0.070711 0.070711 0.070711 0.070711 0.070711 
<LogVarVal> 32.582989
<Mixture> 1 <Weight> 0.627364
<Mean>
853.090027 -1.150581 0.666069 7.514185 -0.487223 -0.102586 0.017589 0.055311 0.019421 
<Inverted_Deviation>
0.011807 0.055486 0.070711 0.047583 0.070711 0.070711 0.070711 0.070711 0.070711 
<LogVarVal> 31.422228
<Mixture> 2 <Weight> 0.285595
<Mean>
1052.102661 -13.098145 0.755774 3.492169 -0.116064 -0.068391 0.714285 0.221245 0.037664 
<Inverted_Deviation>
0.011200 0.038656 0.070711 0.046192 0.070711 0.070711 0.070711 0.070711 0.070711 
<LogVarVal> 31.866072
<State> 5
<NumMixes> 3
<Mixture> 0 <Weight> 0.412611
<Mean>
982.110352 2.728944 22.546894 -9.980039 -4.185480 0.606004 3.998763 -3.184353 0.106378 
<Inverted_Deviation>
0.002972 0.004522 0.007470 0.005667 0.010253 0.013994 0.012399 0.017811 0.023741 
<LogVarVal> 47.446594
<Mixture> 1 <Weight> 0.291981
<Mean>
1648.305664 -351.591156 38.908115 -11.850998 13.332275 6.039068 -5.364412 4.602412 -3.077029 
<Inverted_Deviation>
0.002948 0.003607 0.004123 0.006059 0.009890 0.009876 0.017007 0.028383 0.027828 
<LogVarVal> 47.651936
<Mixture> 2 <Weight> 0.295408
<Mean>
2414.400635 -64.523094 -41.339630 -14.020557 -21.484600 -4.315750 -3.881636 -0.212416 2.822127 
<Inverted_Deviation>
0.003234 0.004978 0.009477 0.011640 0.012994 0.019135 0.033040 0.039176 0.041097 
<LogVarVal> 43.441368
<TransP>
-0.145133 -2.001797 -10000000000.000000 -10000000000.000000 -10000000000.000000 -10000000000.000000 
-10000000000.000000 -0.068366 -2.716865 -10000000000.000000 -10000000000.000000 -10000000000.000000 
-10000000000.000000 -10000000000.000000 -0.047842 -3.063683 -10000000000.000000 -10000000000.000000 
-10000000000.000000 -10000000000.000000 -10000000000.000000 -0.113597 -2.231358 -10000000000.000000 
-10000000000.000000 -10000000000.000000 -10000000000.000000 -10000000000.000000 -0.073851 -2.642400 
-10000000000.000000 -10000000000.000000 -10000000000.000000 -10000000000.000000 -10000000000.000000 0.000000 
<EndEmbeddedHMM>
<BeginEmbeddedHMM>
<NumStates> 6
<State> 0
<NumMixes> 3
<Mixture> 0 <Weight> 0.375724
<Mean>
1223.943237 62.889412 34.011009 0.393608 -1.244490 2.313760 7.576271 0.817445 -2.404500 
<Inverted_Deviation>
0.002668 0.004695 0.009483 0.005124 0.007716 0.014921 0.010599 0.011687 0.019539 
<LogVarVal> 48.371971
<Mixture> 1 <Weight> 0.408966
<Mean>
2201.152344 107.173515 -14.806713 3.761339 5.224910 -3.397405 -3.223722 -1.818433 1.639365 
<Inverted_Deviation>
0.003799 0.004067 0.010097 0.006303 0.013857 0.020066 0.020190 0.028250 0.040363 
<LogVarVal> 44.758327
<Mixture> 2 <Weight> 0.215310
<Mean>
2766.917236 41.713120 -17.544611 2.592921 0.516077 1.443298 -11.035426 0.106225 0.478441 
<Inverted_Deviation>
0.003716 0.006999 0.017239 0.007310 0.020824 0.030429 0.015749 0.043382 0.070711 
<LogVarVal> 41.989212
<State> 1
<NumMixes> 3
<Mixture> 0 <Weight> 0.066453
<Mean>
1917.393677 91.645134 2.192372 -9.844983 -0.430954 0.291065 0.042371 0.170875 0.099558 
<Inverted_Deviation>
0.003806 0.018517 0.057528 0.030977 0.070711 0.070711 0.070711 0.070711 0.070711 
<LogVarVal> 34.287357
<Mixture> 1 <Weight> 0.327301
<Mean>
1366.583374 15.591885 -1.078703 2.885941 -0.313314 -0.141800 -1.090253 0.178691 0.116814 
<Inverted_Deviation>
0.007593 0.023401 0.070711 0.030423 0.070711 0.070711 0.070711 0.070711 0.070711 
<LogVarVal> 33.174301
<Mixture> 2 <Weight> 0.606246
<Mean>
1118.831299 7.246957 0.677348 1.973178 0.515602 0.077019 -0.417977 0.044873 -0.011013 
<Inverted_Deviation>
0.008974 0.031138 0.070711 0.032323 0.070711 0.070711 0.070711 0.070711 0.070711 
<LogVarVal> 32.660965
<State> 2
<NumMixes> 3
<Mixture> 0 <Weight> 0.171494
<Mean>
1311.193848 3.125019 -3.388633 33.684719 -7.710065 0.568539 -12.187874 1.667703 0.099413 
<Inverted_Deviation>
0.007329 0.010389 0.039898 0.010863 0.032941 0.070711 0.041510 0.064917 0.070711 
<LogVarVal> 37.005840
<Mixture> 1 <Weight> 0.453917
<Mean>
765.281921 13.292705 3.556700 28.521114 3.977293 0.279152 20.837919 0.213953 -0.726558 
<Inverted_Deviation>
0.007248 0.019000 0.059921 0.006271 0.022796 0.065896 0.013961 0.036317 0.070711 
<LogVarVal> 38.665127
<Mixture> 2 <Weight> 0.374589
<Mean>
1029.871216 34.271404 -1.293605 45.638752 -3.694035 -0.984725 -11.918794 -1.599534 0.786507 
<Inverted_Deviation>
0.009668 0.015664 0.054126 0.007680 0.026950 0.070711 0.020185 0.043705 0.070711 
<LogVarVal> 37.677326
<State> 3
<NumMixes> 3
<Mixture> 0 <Weight> 0.066356
<Mean>
1383.220703 -6.448555 -5.634446 6.365123 -5.442958 -1.828087 -17.323414 -1.990553 2.959922 
<Inverted_Deviation>
0.003133 0.006935 0.014584 0.004151 0.011373 0.020490 0.007082 0.015488 0.029187 
<LogVarVal> 46.616394
<Mixture> 1 <Weight> 0.424469
<Mean>
939.031677 -2.207435 0.538165 4.449146 1.453200 0.247238 -0.700122 0.224416 0.096561 
<Inverted_Deviation>
0.008242 0.017454 0.046040 0.012576 0.031896 0.066400 0.027292 0.046579 0.070711 
<LogVarVal> 36.926460
<Mixture> 2 <Weight> 0.509176
<Mean>
663.473755 1.857044 1.810403 2.481049 0.044869 -0.116198 3.538678 -0.062214 -0.135918 
<Inverted_Deviation>
0.008472 0.025350 0.070711 0.017510 0.056455 0.070711 0.038645 0.070711 0.070711 
<LogVarVal> 34.366558
<State> 4
<NumMixes> 3
<Mixture> 0 <Weight> 0.327062
<Mean>
506.936157 8.612591 7.040110 7.087214 5.448615 -4.359838 2.926305 -1.860287 1.210622 
<Inverted_Deviation>
0.003838 0.012614 0.022569 0.020196 0.024520 0.029552 0.050458 0.054814 0.065291 
<LogVarVal> 38.629513
<Mixture> 1 <Weight> 0.291606
<Mean>
1331.811035 -297.055725 126.750328 -119.415176 111.216415 -28.672665 17.233507 -6.849031 -16.710100 
<Inverted_Deviation>
0.003283 0.004157 0.009025 0.008645 0.009737 0.009427 0.028199 0.018676 0.015596 
<LogVarVal> 46.817493
<Mixture> 2 <Weight> 0.381331
<Mean>
2213.637207 -353.279114 -94.194603 -147.694336 -82.433762 26.349957 -13.354816 10.077967 10.804511 
<Inverted_Deviation>
0.002379 0.003846 0.006553 0.008779 0.007688 0.006544 0.030874 0.015812 0.015539 
<LogVarVal> 48.203037
<State> 5
<NumMixes> 3
<Mixture> 0 <Weight> 0.155695
<Mean>
835.862000 -39.674026 8.979967 49.059002 -1.285979 5.160291 84.427513 -7.902719 -4.346071 
<Inverted_Deviation>
0.002709 0.005200 0.010128 0.002608 0.007361 0.014302 0.003801 0.010014 0.020467 
<LogVarVal> 50.087414
<Mixture> 1 <Weight> 0.083937
<Mean>
1460.338867 -148.536560 -11.802699 -27.798557 -30.831093 -1.769035 -173.723022 25.217342 7.616610 
<Inverted_Deviation>
0.002866 0.003228 0.007226 0.001841 0.008668 0.014688 0.003099 0.009188 0.019257 
<LogVarVal> 51.354515
<Mixture> 2 <Weight> 0.760369
<Mean>
2613.249512 -4.557858 -2.644219 3.275745 1.236521 -0.426553 -2.028043 -1.408846 -0.411103 
<Inverted_Deviation>
0.004571 0.020821 0.050611 0.024215 0.034083 0.070711 0.052655 0.058255 0.070711 
<LogVarVal> 35.579769
<TransP>
-0.137067 -2.055039 -10000000000.000000 -10000000000.000000 -10000000000.000000 -10000000000.000000 
-10000000000.000000 -0.041722 -3.197506 -10000000000.000000 -10000000000.000000 -10000000000.000000 
-10000000000.000000 -10000000000.000000 -0.148789 -1.978700 -10000000000.000000 -10000000000.000000 
-10000000000.000000 -10000000000.000000 -10000000000.000000 -0.044522 -3.133940 -10000000000.000000 
-10000000000.000000 -10000000000.000000 -10000000000.000000 -10000000000.000000 -0.362273 -1.191032 
-10000000000.000000 -10000000000.000000 -10000000000.000000 -10000000000.000000 -10000000000.000000 0.000000 
<EndEmbeddedHMM>
<BeginEmbeddedHMM>
<NumStates> 3
<State> 0
<NumMixes> 3
<Mixture> 0 <Weight> 0.313450
<Mean>
1619.269653 20.583601 -16.542963 65.693558 -11.672579 -3.958949 1.821313 -1.389224 6.219621 
<Inverted_Deviation>
0.003806 0.003196 0.008138 0.003565 0.005720 0.009757 0.008159 0.011156 0.014358 
<LogVarVal> 50.257706
<Mixture> 1 <Weight> 0.321891
<Mean>
2248.762695 31.831423 -22.338499 16.651340 -16.256325 0.488170 -19.255033 -0.867929 1.738474 
<Inverted_Deviation>
0.002960 0.004721 0.007490 0.003657 0.008191 0.014505 0.006575 0.014418 0.022938 
<LogVarVal> 48.911755
<Mixture> 2 <Weight> 0.364660
<Mean>
942.818176 -17.011278 29.754543 38.946640 24.999994 3.720827 20.419619 3.760944 -6.346995 
<Inverted_Deviation>
0.003182 0.003949 0.012219 0.005990 0.009936 0.014599 0.018027 0.017817 0.024098 
<LogVarVal> 46.565853
<State> 1
<NumMixes> 3
<Mixture> 0 <Weight> 0.516514
<Mean>
643.279480 6.732420 0.969905 3.234831 -0.149910 0.006695 -0.332605 -0.010773 0.008601 
<Inverted_Deviation>
0.006363 0.039120 0.070711 0.026532 0.070711 0.070711 0.070711 0.070711 0.070711 
<LogVarVal> 32.974045
<Mixture> 1 <Weight> 0.313195
<Mean>
1025.860718 23.831074 0.981898 -3.957427 -1.597564 -0.079452 -2.070552 0.004415 -0.078964 
<Inverted_Deviation>
0.005988 0.021176 0.070711 0.018500 0.063550 0.070711 0.061003 0.070711 0.070711 
<LogVarVal> 34.263615
<Mixture> 2 <Weight> 0.170292
<Mean>
1561.717773 42.871357 -2.295262 -6.355259 4.207877 0.594125 -3.899086 -0.691651 -0.162251 
<Inverted_Deviation>
0.003749 0.013391 0.044078 0.018493 0.043925 0.070711 0.070711 0.070711 0.070711 
<LogVarVal> 35.884914
<State> 2
<NumMixes> 3
<Mixture> 0 <Weight> 0.325494
<Mean>
538.551270 -20.698730 10.453103 -13.081621 6.179857 -0.905884 43.608902 -1.078568 -2.105820 
<Inverted_Deviation>
0.003280 0.008719 0.017312 0.004134 0.010523 0.022655 0.007554 0.016777 0.030420 
<LogVarVal> 45.965706
<Mixture> 1 <Weight> 0.380011
<Mean>
1240.182861 -70.114143 -1.007628 43.215126 -17.972544 1.978234 -28.367315 0.784385 0.009157 
<Inverted_Deviation>
0.002847 0.003492 0.006422 0.002240 0.005123 0.007235 0.003732 0.008880 0.011337 
<LogVarVal> 52.816910
<Mixture> 2 <Weight> 0.294495
<Mean>
2584.440674 -29.463905 -14.668817 30.471809 17.427319 -1.827312 -6.035770 -0.045544 1.968472 
<Inverted_Deviation>
0.003995 0.005544 0.018674 0.009401 0.014056 0.021265 0.028110 0.032320 0.041419 
<LogVarVal> 42.819813
<TransP>
-0.079012 -2.577407 -10000000000.000000 
-10000000000.000000 -0.021990 -3.828158 
-10000000000.000000 -10000000000.000000 0.000000 
<EndEmbeddedHMM>
