<NumSuperStates> 5
<NumStates> 3 6 6 6 3 
<NumMixtures> 3 3 3 3 3 3 3 3 3 3 3 3 3 3 3 3 3 3 3 3 3 3 3 3 
<VecSize> 9
<BeginExternalHMM>
<NumStates> 5
<TransP>
-0.070287 -2.690113 -10000000000.000000 -10000000000.000000 -10000000000.000000 
-10000000000.000000 -0.067746 -2.725672 -10000000000.000000 -10000000000.000000 
-10000000000.000000 -10000000000.000000 -0.080472 -2.559808 -10000000000.000000 
-10000000000.000000 -10000000000.000000 -10000000000.000000 -0.042925 -3.169686 
-10000000000.000000 -10000000000.000000 -10000000000.000000 -10000000000.000000 -0.000000 
<EndExternalHMM>
<BeginEmbeddedHMM>
<NumStates> 3
<State> 0
<NumMixes> 3
<Mixture> 0 <Weight> 0.940917
<Mean>
160.105484 -2.258377 1.006872 -1.941926 0.794507 -0.204531 0.705406 -0.176282 0.160734 
<Inverted_Deviation>
0.012467 0.047220 0.070711 0.070711 0.070711 0.070711 0.070711 0.070711 0.070711 
<LogVarVal> 31.133015
<Mixture> 1 <Weight> 0.042435
<Mean>
446.867340 285.218689 131.049057 36.167542 6.721130 -6.499397 7.994891 -4.671108 -4.629260 
<Inverted_Deviation>
0.003258 0.004169 0.007347 0.008969 0.011510 0.013114 0.022562 0.025036 0.027995 
<LogVarVal> 45.838528
<Mixture> 2 <Weight> 0.016648
<Mean>
2190.204346 66.107407 -166.408386 20.193602 -43.279121 8.713888 -24.897154 0.473618 6.931236 
<Inverted_Deviation>
0.002281 0.001443 0.005449 0.005422 0.008096 0.011417 0.009504 0.021209 0.020105 
<LogVarVal> 49.910370
<State> 1
<NumMixes> 3
<Mixture> 0 <Weight> 0.330721
<Mean>
1502.574707 -8.390156 -5.849597 -53.520557 -4.795609 -0.758934 -8.021944 -1.098040 0.109062 
<Inverted_Deviation>
0.004573 0.012348 0.036345 0.010185 0.030900 0.058902 0.037389 0.066819 0.070711 
<LogVarVal> 37.784916
<Mixture> 1 <Weight> 0.264315
<Mean>
935.057129 -54.855247 -4.595776 -107.901115 -7.422660 2.653383 4.017587 3.505488 0.293172 
<Inverted_Deviation>
0.004439 0.007688 0.032453 0.008461 0.024736 0.042517 0.027953 0.046329 0.053541 
<LogVarVal> 40.070786
<Mixture> 2 <Weight> 0.404964
<Mean>
430.824188 -30.798527 4.932595 62.534676 12.006857 -0.259815 65.901550 0.226457 -0.768776 
<Inverted_Deviation>
0.005138 0.014359 0.052257 0.005015 0.032085 0.070711 0.009817 0.070711 0.070711 
<LogVarVal> 38.923103
<State> 2
<NumMixes> 3
<Mixture> 0 <Weight> 0.060595
<Mean>
1889.573242 -77.477798 -52.049259 -23.913389 -0.245038 -3.769171 -45.361767 -0.979894 1.550813 
<Inverted_Deviation>
0.002050 0.002816 0.005872 0.004289 0.012384 0.017970 0.009370 0.031518 0.036386 
<LogVarVal> 47.654041
<Mixture> 1 <Weight> 0.271568
<Mean>
1151.907715 17.507706 -2.943053 -40.825924 1.351737 1.653545 2.603196 0.322221 0.111024 
<Inverted_Deviation>
0.004069 0.004502 0.005806 0.005105 0.013688 0.016169 0.013317 0.028537 0.034327 
<LogVarVal> 46.148369
<Mixture> 2 <Weight> 0.667837
<Mean>
543.629395 -0.101997 7.719186 -21.234152 -2.792464 -0.452828 2.797455 0.163358 -0.128527 
<Inverted_Deviation>
0.005484 0.010189 0.019853 0.017781 0.032694 0.044677 0.070711 0.070711 0.070711 
<LogVarVal> 37.368961
<TransP>
-0.036736 -3.322298 -10000000000.000000 
-10000000000.000000 -0.049313 -3.034126 
-10000000000.000000 -10000000000.000000 0.000000 
<EndEmbeddedHMM>
<BeginEmbeddedHMM>
<NumStates> 6
<State> 0
<NumMixes> 3
<Mixture> 0 <Weight> 0.063920
<Mean>
967.822693 49.654606 1.627659 -12.248702 -5.004345 -3.814749 5.072392 -0.982076 -1.340069 
<Inverted_Deviation>
0.003930 0.004245 0.007677 0.008499 0.010323 0.014893 0.012374 0.023069 0.027639 
<LogVarVal> 46.319965
<Mixture> 1 <Weight> 0.915783
<Mean>
333.830383 4.508708 9.709380 -30.076176 2.251545 0.291950 1.673755 -0.032491 0.019411 
<Inverted_Deviation>
0.004180 0.008989 0.016800 0.020210 0.037793 0.054511 0.053278 0.070711 0.070711 
<LogVarVal> 37.743958
<Mixture> 2 <Weight> 0.020297
<Mean>
1802.249023 -160.866806 -68.620399 29.335012 -17.249521 -2.784970 -13.529707 2.041195 3.003353 
<Inverted_Deviation>
0.002275 0.002994 0.005604 0.005411 0.011042 0.018193 0.015714 0.023855 0.027389 
<LogVarVal> 47.450920
<State> 1
<NumMixes> 3
<Mixture> 0 <Weight> 0.200344
<Mean>
1512.959229 -19.281021 -11.754865 -29.557652 12.704044 2.023836 -28.391994 -8.926628 1.964541 
<Inverted_Deviation>
0.002872 0.007497 0.018652 0.004746 0.010276 0.020923 0.008577 0.014623 0.023835 
<LogVarVal> 46.394886
<Mixture> 1 <Weight> 0.355339
<Mean>
483.939392 -55.641010 9.013927 -39.861347 -3.030399 1.596010 24.458273 -2.675743 -2.064257 
<Inverted_Deviation>
0.006430 0.009482 0.018037 0.005760 0.011817 0.018597 0.010510 0.016630 0.020900 
<LogVarVal> 44.971630
<Mixture> 2 <Weight> 0.444317
<Mean>
867.874268 -55.184490 -5.549641 -33.029770 -6.535452 -1.309065 -9.624287 8.358951 0.965688 
<Inverted_Deviation>
0.005248 0.006994 0.014271 0.003934 0.010144 0.015007 0.008442 0.013033 0.018085 
<LogVarVal> 47.069038
<State> 2
<NumMixes> 3
<Mixture> 0 <Weight> 0.365594
<Mean>
837.929443 -23.705961 5.981036 -9.257427 -1.084085 -0.178475 -0.751122 -0.597188 -0.114205 
<Inverted_Deviation>
0.005785 0.012614 0.043830 0.014098 0.040768 0.070711 0.048497 0.070711 0.070711 
<LogVarVal> 36.239548
<Mixture> 1 <Weight> 0.293620
<Mean>
1282.296997 -62.129288 5.426404 0.248382 -0.320503 -0.483773 -1.464554 -0.319835 -0.126705 
<Inverted_Deviation>
0.005347 0.007719 0.037265 0.013816 0.038256 0.070711 0.065444 0.070711 0.070711 
<LogVarVal> 36.755634
<Mixture> 2 <Weight> 0.340785
<Mean>
1739.177124 -52.631985 -4.627083 -30.450893 2.595550 0.185588 -0.735810 0.115061 -0.002079 
<Inverted_Deviation>
0.006022 0.008112 0.051253 0.017625 0.050063 0.070711 0.070711 0.070711 0.070711 
<LogVarVal> 35.678539
<State> 3
<NumMixes> 3
<Mixture> 0 <Weight> 0.430389
<Mean>
1713.545654 17.102034 0.738622 -18.711166 3.161405 -0.603504 -8.127206 0.429962 -0.166704 
<Inverted_Deviation>
0.006079 0.009386 0.031655 0.007275 0.024762 0.048690 0.021917 0.040217 0.060411 
<LogVarVal> 39.860165
<Mixture> 1 <Weight> 0.460677
<Mean>
2075.427734 1.601859 -10.685512 -17.634020 -0.479155 0.239775 -6.261231 -0.089661 0.102088 
<Inverted_Deviation>
0.005999 0.009977 0.043318 0.015026 0.038880 0.070711 0.047352 0.070711 0.070711 
<LogVarVal> 36.456886
<Mixture> 2 <Weight> 0.108934
<Mean>
1183.781738 38.845062 12.848037 -86.153893 -0.301032 2.396111 14.118405 -1.112777 -0.579360 
<Inverted_Deviation>
0.003884 0.007415 0.025140 0.004542 0.017174 0.038141 0.013654 0.030364 0.045379 
<LogVarVal> 42.895882
<State> 4
<NumMixes> 3
<Mixture> 0 <Weight> 0.381562
<Mean>
1366.109985 -14.765930 7.152825 67.563515 -25.904408 0.111206 15.083226 11.478612 -2.745098 
<Inverted_Deviation>
0.005019 0.003667 0.007820 0.002795 0.006093 0.008872 0.004891 0.007169 0.011250 
<LogVarVal> 51.356491
<Mixture> 1 <Weight> 0.380282
<Mean>
1804.958496 19.150166 -39.295826 -34.380970 40.219986 -4.244963 -26.309652 -4.880127 5.507199 
<Inverted_Deviation>
0.005273 0.004522 0.010429 0.004237 0.008204 0.013261 0.008754 0.012008 0.017150 
<LogVarVal> 48.174282
<Mixture> 2 <Weight> 0.238156
<Mean>
822.023071 -1.742546 28.684311 2.882516 2.008755 -3.184992 65.702248 -8.514558 -0.722862 
<Inverted_Deviation>
0.003703 0.004502 0.009337 0.003643 0.008549 0.010056 0.005844 0.009749 0.011297 
<LogVarVal> 50.059486
<State> 5
<NumMixes> 3
<Mixture> 0 <Weight> 0.263221
<Mean>
1300.426147 146.782822 7.559569 -85.499527 -3.522538 11.893179 0.218382 -5.059693 -1.890341 
<Inverted_Deviation>
0.003175 0.002785 0.006000 0.010168 0.012950 0.013530 0.040870 0.035963 0.031899 
<LogVarVal> 45.109077
<Mixture> 1 <Weight> 0.601193
<Mean>
639.886169 13.431019 18.381813 -16.380358 -9.663175 -3.329444 2.092069 0.990979 0.192141 
<Inverted_Deviation>
0.006447 0.008545 0.018865 0.022572 0.030081 0.038226 0.070711 0.070711 0.070711 
<LogVarVal> 37.434849
<Mixture> 2 <Weight> 0.135586
<Mean>
2126.170898 -26.982843 -72.781548 -39.877029 -0.511306 2.942311 -1.774778 1.245990 0.285989 
<Inverted_Deviation>
0.002021 0.001961 0.003450 0.013159 0.020781 0.021016 0.053735 0.050464 0.045849 
<LogVarVal> 44.318523
<TransP>
-0.071897 -2.668259 -10000000000.000000 -10000000000.000000 -10000000000.000000 -10000000000.000000 
-10000000000.000000 -0.140939 -2.029067 -10000000000.000000 -10000000000.000000 -10000000000.000000 
-10000000000.000000 -10000000000.000000 -0.064466 -2.773680 -10000000000.000000 -10000000000.000000 
-10000000000.000000 -10000000000.000000 -10000000000.000000 -0.060052 -2.842418 -10000000000.000000 
-10000000000.000000 -10000000000.000000 -10000000000.000000 -10000000000.000000 -0.158535 -1.920000 
-10000000000.000000 -10000000000.000000 -10000000000.000000 -10000000000.000000 -10000000000.000000 0.000000 
<EndEmbeddedHMM>
<BeginEmbeddedHMM>
<NumStates> 6
<State> 0
<NumMixes> 3
<Mixture> 0 <Weight> 0.691358
<Mean>
822.533691 -27.116261 2.979875 -3.919375 0.364738 -0.058357 -1.226907 0.162694 0.013605 
<Inverted_Deviation>
0.005844 0.024137 0.038955 0.047132 0.070711 0.070711 0.070711 0.070711 0.070711 
<LogVarVal> 33.563553
<Mixture> 1 <Weight> 0.255461
<Mean>
472.578094 -15.110190 27.533173 -9.062345 0.516929 -0.108911 -0.498066 0.175629 0.039338 
<Inverted_Deviation>
0.004500 0.006128 0.009285 0.027967 0.060299 0.070711 0.070711 0.070711 0.070711 
<LogVarVal> 37.311092
<Mixture> 2 <Weight> 0.053181
<Mean>
2170.579590 -5.256564 -31.313019 -73.570396 4.798193 1.990738 -1.813725 -0.545686 -0.382643 
<Inverted_Deviation>
0.002204 0.003273 0.006409 0.006524 0.009477 0.014461 0.017068 0.019684 0.025886 
<LogVarVal> 47.620972
<State> 1
<NumMixes> 3
<Mixture> 0 <Weight> 0.293192
<Mean>
792.906921 25.659575 3.947616 4.094917 2.789101 -1.434778 0.654969 -0.943179 -0.053994 
<Inverted_Deviation>
0.007927 0.017749 0.069782 0.017123 0.056596 0.070711 0.070711 0.070711 0.070711 
<LogVarVal> 34.218349
<Mixture> 1 <Weight> 0.565189
<Mean>
1050.072876 3.266130 -2.606173 -1.721189 -2.468459 0.245875 -2.389983 0.079857 0.091742 
<Inverted_Deviation>
0.008690 0.021180 0.070711 0.024009 0.070711 0.070711 0.070711 0.070711 0.070711 
<LogVarVal> 33.375893
<Mixture> 2 <Weight> 0.141619
<Mean>
1423.914307 0.639655 -2.671101 2.494064 -1.787710 0.011343 -1.166366 -0.260394 0.006663 
<Inverted_Deviation>
0.005231 0.022298 0.070711 0.025353 0.070711 0.070711 0.070711 0.070711 0.070711 
<LogVarVal> 33.777538
<State> 2
<NumMixes> 3
<Mixture> 0 <Weight> 0.279106
<Mean>
1995.004028 -166.248398 -17.858618 -7.244709 -3.092831 0.191997 0.021579 0.085045 -0.129965 
<Inverted_Deviation>
0.003976 0.012515 0.041121 0.020421 0.064316 0.070711 0.070711 0.070711 0.070711 
<LogVarVal> 35.482666
<Mixture> 1 <Weight> 0.457900
<Mean>
836.090210 -57.261082 11.507138 -10.582751 4.222110 0.702343 1.110826 0.478331 -0.033879 
<Inverted_Deviation>
0.005882 0.015542 0.066345 0.053180 0.070711 0.070711 0.070711 0.070711 0.070711 
<LogVarVal> 33.344189
<Mixture> 2 <Weight> 0.262994
<Mean>
1368.972900 -188.254257 9.004360 -12.316239 -0.882087 0.564254 0.427591 -0.002467 0.004241 
<Inverted_Deviation>
0.004127 0.015586 0.050904 0.029949 0.056768 0.070711 0.070711 0.070711 0.070711 
<LogVarVal> 34.754272
<State> 3
<NumMixes> 3
<Mixture> 0 <Weight> 0.504738
<Mean>
2283.365234 -1.757663 -3.682611 -6.345716 0.666782 -0.284850 -2.612292 -0.010169 -0.044204 
<Inverted_Deviation>
0.011384 0.020470 0.044305 0.018185 0.050430 0.070711 0.059526 0.070711 0.070711 
<LogVarVal> 34.395409
<Mixture> 1 <Weight> 0.379975
<Mean>
2082.170166 1.691772 -2.014893 -38.234177 1.983497 -0.494003 -4.540649 -0.075817 0.105976 
<Inverted_Deviation>
0.008326 0.013613 0.046048 0.013473 0.034417 0.070711 0.031442 0.070711 0.070711 
<LogVarVal> 36.397770
<Mixture> 2 <Weight> 0.115287
<Mean>
1633.713745 1.230651 10.394056 -134.150177 -3.579275 2.561843 -7.512625 1.128657 -0.580833 
<Inverted_Deviation>
0.003849 0.007656 0.033275 0.010393 0.022022 0.054684 0.015516 0.034928 0.070711 
<LogVarVal> 40.444408
<State> 4
<NumMixes> 3
<Mixture> 0 <Weight> 0.004409
<Mean>
1697.375000 425.047699 -208.212311 -68.021355 35.524868 -5.616874 -0.962318 -1.523725 6.680032 
<Inverted_Deviation>
0.009757 0.021187 0.029175 0.030011 0.060622 0.044753 0.070711 0.070711 0.070711 
<LogVarVal> 34.533234
<Mixture> 1 <Weight> 0.650353
<Mean>
2429.907715 7.707243 -5.869884 -8.499727 -0.364210 0.080156 -3.680289 0.198590 0.110786 
<Inverted_Deviation>
0.005983 0.011924 0.059802 0.020638 0.058504 0.070711 0.070711 0.070711 0.070711 
<LogVarVal> 34.831905
<Mixture> 2 <Weight> 0.345238
<Mean>
1986.858521 15.425581 0.732992 -13.585952 -1.666206 -0.376581 -1.622335 -0.093182 -0.214562 
<Inverted_Deviation>
0.005682 0.013028 0.062539 0.026258 0.060163 0.070711 0.070711 0.070711 0.070711 
<LogVarVal> 34.481434
<State> 5
<NumMixes> 3
<Mixture> 0 <Weight> 0.533460
<Mean>
759.410645 41.460636 58.322426 -24.342876 5.841050 -3.932619 1.985766 -1.648644 -0.482604 
<Inverted_Deviation>
0.003789 0.003759 0.008579 0.017597 0.015973 0.023690 0.054603 0.051678 0.056337 
<LogVarVal> 41.735191
<Mixture> 1 <Weight> 0.314394
<Mean>
1692.995117 268.307617 -24.879545 -27.295727 10.749611 7.354966 -2.429383 0.434143 0.088678 
<Inverted_Deviation>
0.002558 0.002099 0.004476 0.011833 0.020507 0.016482 0.054834 0.058057 0.051292 
<LogVarVal> 43.844311
<Mixture> 2 <Weight> 0.152146
<Mean>
2818.944092 -57.138683 -127.315643 -32.106178 -21.265965 -0.349984 -2.127017 0.713252 1.563782 
<Inverted_Deviation>
0.002387 0.001993 0.004023 0.012797 0.018796 0.026177 0.053862 0.052508 0.055325 
<LogVarVal> 43.660892
<TransP>
-0.096641 -2.384688 -10000000000.000000 -10000000000.000000 -10000000000.000000 -10000000000.000000 
-10000000000.000000 -0.064324 -2.775805 -10000000000.000000 -10000000000.000000 -10000000000.000000 
-10000000000.000000 -10000000000.000000 -0.106285 -2.294303 -10000000000.000000 -10000000000.000000 
-10000000000.000000 -10000000000.000000 -10000000000.000000 -0.063234 -2.792366 -10000000000.000000 
-10000000000.000000 -10000000000.000000 -10000000000.000000 -10000000000.000000 -0.089419 -2.458796 
-10000000000.000000 -10000000000.000000 -10000000000.000000 -10000000000.000000 -10000000000.000000 0.000000 
<EndEmbeddedHMM>
<BeginEmbeddedHMM>
<NumStates> 6
<State> 0
<NumMixes> 3
<Mixture> 0 <Weight> 0.137909
<Mean>
790.096313 81.456841 -3.098049 -5.251925 9.337430 1.560905 -31.164108 -5.955793 4.676021 
<Inverted_Deviation>
0.004240 0.005488 0.008909 0.003755 0.008071 0.011114 0.009681 0.015214 0.020304 
<LogVarVal> 48.163929
<Mixture> 1 <Weight> 0.121232
<Mean>
2739.031738 -3.001988 -33.866222 -30.649445 -1.182297 0.527215 -0.092129 -0.131522 -0.092704 
<Inverted_Deviation>
0.003201 0.004242 0.006024 0.014484 0.025043 0.035162 0.043624 0.056403 0.064312 
<LogVarVal> 41.491207
<Mixture> 2 <Weight> 0.740860
<Mean>
277.263397 14.550188 39.949818 23.987291 -4.372221 -1.717582 5.654695 1.618204 -0.652440 
<Inverted_Deviation>
0.004072 0.005710 0.009871 0.010422 0.018167 0.027988 0.021666 0.033902 0.044632 
<LogVarVal> 42.912399
<State> 1
<NumMixes> 3
<Mixture> 0 <Weight> 0.023388
<Mean>
2133.160156 22.165283 2.071404 -6.709337 0.340283 -0.181365 -0.675151 0.005226 0.234718 
<Inverted_Deviation>
0.006973 0.033192 0.070711 0.046958 0.070711 0.070711 0.070711 0.070711 0.070711 
<LogVarVal> 32.475933
<Mixture> 1 <Weight> 0.209644
<Mean>
943.296814 -10.497700 -0.913053 15.533618 -1.100018 -0.211211 -1.716786 0.052475 0.119609 
<Inverted_Deviation>
0.006295 0.021288 0.070711 0.025687 0.064836 0.070711 0.070711 0.070711 0.070711 
<LogVarVal> 33.712421
<Mixture> 2 <Weight> 0.766968
<Mean>
618.910278 -10.718212 -0.013123 8.555997 1.000402 0.182378 -0.154098 -0.119994 -0.005643 
<Inverted_Deviation>
0.007266 0.024020 0.064676 0.027207 0.064411 0.070711 0.070711 0.070711 0.070711 
<LogVarVal> 33.486458
<State> 2
<NumMixes> 3
<Mixture> 0 <Weight> 0.337138
<Mean>
1319.447754 -105.209152 -0.774902 25.239376 -2.687669 0.272425 -4.803025 0.553245 0.492213 
<Inverted_Deviation>
0.004683 0.007808 0.021530 0.009120 0.022425 0.037299 0.025411 0.044779 0.063261 
<LogVarVal> 40.528645
<Mixture> 1 <Weight> 0.363154
<Mean>
769.673096 -55.390312 9.782103 7.063999 -2.885423 0.091881 8.770367 -0.386952 -0.693847 
<Inverted_Deviation>
0.004120 0.009274 0.029011 0.008833 0.020730 0.045325 0.020318 0.038758 0.068458 
<LogVarVal> 40.391323
<Mixture> 2 <Weight> 0.299708
<Mean>
1825.439819 -61.984283 -3.857311 17.021231 -0.627449 -0.426975 -5.890050 -0.224865 0.067266 
<Inverted_Deviation>
0.004659 0.008055 0.039328 0.010356 0.032472 0.066397 0.036149 0.064327 0.070711 
<LogVarVal> 38.000244
<State> 3
<NumMixes> 3
<Mixture> 0 <Weight> 0.391098
<Mean>
1414.157593 -41.001957 8.202508 -15.808314 -1.670574 2.842980 34.065487 0.662430 -1.094789 
<Inverted_Deviation>
0.003084 0.007359 0.017222 0.003506 0.009752 0.020394 0.006184 0.013737 0.022496 
<LogVarVal> 47.250057
<Mixture> 1 <Weight> 0.184961
<Mean>
2289.249023 -9.679863 -19.778055 3.671614 -15.096489 3.302393 -31.671928 1.276756 -0.098991 
<Inverted_Deviation>
0.005749 0.007467 0.017645 0.005757 0.014936 0.024099 0.014652 0.021056 0.031322 
<LogVarVal> 43.878754
<Mixture> 2 <Weight> 0.423941
<Mean>
1909.158447 -27.012533 -5.999910 37.187824 14.816439 -4.412428 -7.680410 0.278039 1.278417 
<Inverted_Deviation>
0.006259 0.007534 0.017955 0.004541 0.012601 0.022576 0.010472 0.016261 0.026962 
<LogVarVal> 44.984058
<State> 4
<NumMixes> 3
<Mixture> 0 <Weight> 0.067211
<Mean>
1548.344971 233.319199 -49.972828 51.366566 -19.568207 -9.790677 -0.168463 -2.558851 4.048951 
<Inverted_Deviation>
0.003173 0.003855 0.006883 0.013610 0.010521 0.011338 0.040093 0.036586 0.033251 
<LogVarVal> 44.700558
<Mixture> 1 <Weight> 0.488576
<Mean>
2226.770996 2.872291 -5.249932 13.125135 -2.418487 0.303900 -2.439654 -0.258099 0.093765 
<Inverted_Deviation>
0.008526 0.014454 0.030620 0.017070 0.029784 0.049368 0.039769 0.056937 0.070711 
<LogVarVal> 36.971104
<Mixture> 2 <Weight> 0.444214
<Mean>
1980.725342 8.493261 -1.174877 17.339397 -0.194175 0.929470 -0.132966 0.260184 -0.498350 
<Inverted_Deviation>
0.007785 0.010489 0.023282 0.018488 0.025625 0.035776 0.045908 0.055967 0.068099 
<LogVarVal> 37.960625
<State> 5
<NumMixes> 3
<Mixture> 0 <Weight> 0.155050
<Mean>
2852.118896 -41.293591 -116.834969 11.422383 -42.482426 -26.314911 -32.264751 -7.637936 2.502297 
<Inverted_Deviation>
0.003117 0.002814 0.004543 0.004179 0.006937 0.013562 0.011343 0.022606 0.023244 
<LogVarVal> 48.968834
<Mixture> 1 <Weight> 0.570880
<Mean>
785.085083 50.463005 48.078701 52.617882 31.320288 -13.972466 17.608107 -5.286082 -3.826380 
<Inverted_Deviation>
0.002869 0.003276 0.006741 0.004439 0.007119 0.009483 0.011860 0.017081 0.017573 
<LogVarVal> 49.292114
<Mixture> 2 <Weight> 0.274070
<Mean>
1726.262817 -111.309105 -26.271971 39.210049 -30.787802 44.804733 -17.550714 15.411542 5.415432 
<Inverted_Deviation>
0.002621 0.001802 0.004187 0.002883 0.005221 0.006190 0.006134 0.010626 0.011404 
<LogVarVal> 53.191349
<TransP>
-0.260058 -1.474064 -10000000000.000000 -10000000000.000000 -10000000000.000000 -10000000000.000000 
-10000000000.000000 -0.043992 -3.145673 -10000000000.000000 -10000000000.000000 -10000000000.000000 
-10000000000.000000 -10000000000.000000 -0.099567 -2.356298 -10000000000.000000 -10000000000.000000 
-10000000000.000000 -10000000000.000000 -10000000000.000000 -0.167565 -1.868997 -10000000000.000000 
-10000000000.000000 -10000000000.000000 -10000000000.000000 -10000000000.000000 -0.054422 -2.938079 
-10000000000.000000 -10000000000.000000 -10000000000.000000 -10000000000.000000 -10000000000.000000 -0.000000 
<EndEmbeddedHMM>
<BeginEmbeddedHMM>
<NumStates> 3
<State> 0
<NumMixes> 3
<Mixture> 0 <Weight> 0.331179
<Mean>
85.764763 -0.734896 16.882402 5.714025 -3.929984 -0.418653 10.654489 0.311969 -0.381545 
<Inverted_Deviation>
0.006330 0.007936 0.014235 0.016282 0.046513 0.070711 0.024132 0.070711 0.070711 
<LogVarVal> 38.159573
<Mixture> 1 <Weight> 0.584411
<Mean>
639.316284 -20.615274 2.715887 2.349056 1.775957 0.327630 2.419250 -0.171248 -0.118355 
<Inverted_Deviation>
0.003196 0.010934 0.026113 0.014330 0.024433 0.042404 0.028828 0.039682 0.060608 
<LogVarVal> 39.752720
<Mixture> 2 <Weight> 0.084411
<Mean>
2786.345215 23.600111 -42.518600 37.840366 7.450386 0.053479 -17.253429 -0.816503 1.634982 
<Inverted_Deviation>
0.001691 0.002784 0.005240 0.007683 0.012001 0.014906 0.011939 0.024895 0.024912 
<LogVarVal> 47.979931
<State> 1
<NumMixes> 3
<Mixture> 0 <Weight> 0.510386
<Mean>
1850.115601 -3.800714 -3.113117 37.667404 -3.870988 0.137839 -18.264750 0.089117 -0.023931 
<Inverted_Deviation>
0.005610 0.018420 0.060655 0.010899 0.040849 0.070711 0.013973 0.070711 0.070711 
<LogVarVal> 37.066490
<Mixture> 1 <Weight> 0.134273
<Mean>
706.164673 -27.422062 1.468828 -66.114983 -1.853678 1.053667 42.899876 3.355530 -0.565354 
<Inverted_Deviation>
0.002479 0.012849 0.050143 0.008436 0.033479 0.070711 0.010605 0.051499 0.070711 
<LogVarVal> 39.481495
<Mixture> 2 <Weight> 0.355341
<Mean>
1393.523560 -30.454641 -0.521122 18.090908 -2.295813 -0.027316 -4.557670 0.776874 -0.028638 
<Inverted_Deviation>
0.004814 0.011361 0.053764 0.007618 0.029935 0.067774 0.013847 0.049129 0.070711 
<LogVarVal> 38.907948
<State> 2
<NumMixes> 3
<Mixture> 0 <Weight> 0.048177
<Mean>
1704.757813 113.168457 -58.080563 137.622742 -83.253532 55.254364 -59.533039 39.192879 -22.954245 
<Inverted_Deviation>
0.006671 0.008426 0.014921 0.006567 0.009709 0.016025 0.010866 0.017092 0.020823 
<LogVarVal> 45.399685
<Mixture> 1 <Weight> 0.115885
<Mean>
1223.891113 326.210693 -60.992863 257.176056 -56.833786 -65.754166 -10.971257 -49.514969 26.833488 
<Inverted_Deviation>
0.003167 0.003759 0.007566 0.007060 0.005355 0.006431 0.017059 0.010139 0.008954 
<LogVarVal> 49.981991
<Mixture> 2 <Weight> 0.835938
<Mean>
486.043213 5.213234 15.922734 19.375357 17.688469 5.454344 16.086863 3.534042 -2.246408 
<Inverted_Deviation>
0.003894 0.006707 0.013961 0.008051 0.010869 0.020488 0.016537 0.024240 0.023606 
<LogVarVal> 44.775612
<TransP>
-0.036396 -3.331444 -10000000000.000000 
-10000000000.000000 -0.035489 -3.356230 
-10000000000.000000 -10000000000.000000 0.000000 
<EndEmbeddedHMM>
