<NumSuperStates> 5
<NumStates> 3 6 6 6 3 
<NumMixtures> 3 3 3 3 3 3 3 3 3 3 3 3 3 3 3 3 3 3 3 3 3 3 3 3 
<VecSize> 9
<BeginExternalHMM>
<NumStates> 5
<TransP>
-0.065958 -2.751535 -10000000000.000000 -10000000000.000000 -10000000000.000000 
-10000000000.000000 -0.072321 -2.662588 -10000000000.000000 -10000000000.000000 
-10000000000.000000 -10000000000.000000 -0.075986 -2.614960 -10000000000.000000 
-10000000000.000000 -10000000000.000000 -10000000000.000000 -0.053584 -2.953173 
-10000000000.000000 -10000000000.000000 -10000000000.000000 -10000000000.000000 0.000000 
<EndExternalHMM>
<BeginEmbeddedHMM>
<NumStates> 3
<State> 0
<NumMixes> 3
<Mixture> 0 <Weight> 0.260328
<Mean>
695.669006 -7.045778 11.561185 7.476005 14.822447 -0.437826 10.613270 0.660301 -0.251302 
<Inverted_Deviation>
0.006117 0.009358 0.037805 0.008301 0.028940 0.068406 0.031933 0.054440 0.070711 
<LogVarVal> 38.214893
<Mixture> 1 <Weight> 0.394454
<Mean>
1132.234619 -26.882889 7.373205 3.116351 9.710831 1.325053 -1.867885 -0.104052 -0.144552 
<Inverted_Deviation>
0.005468 0.006826 0.028795 0.006108 0.031437 0.058380 0.032168 0.047292 0.070711 
<LogVarVal> 39.430775
<Mixture> 2 <Weight> 0.345218
<Mean>
1594.299194 5.719541 -7.221386 -14.413475 -15.689002 -0.704857 -10.519683 0.619401 0.625131 
<Inverted_Deviation>
0.004851 0.006408 0.027601 0.009393 0.026818 0.045639 0.036727 0.050162 0.068894 
<LogVarVal> 39.465363
<State> 1
<NumMixes> 3
<Mixture> 0 <Weight> 0.400479
<Mean>
1555.358276 0.966580 -0.064236 6.496064 0.251358 -0.121964 -1.520970 -0.159141 -0.057268 
<Inverted_Deviation>
0.023616 0.057440 0.070711 0.036285 0.070711 0.070711 0.070711 0.070711 0.070711 
<LogVarVal> 30.965414
<Mixture> 1 <Weight> 0.401011
<Mean>
1660.489746 1.110631 -1.283343 2.805666 -0.363080 -0.279705 -2.338007 -0.144989 -0.037964 
<Inverted_Deviation>
0.016524 0.052913 0.070711 0.040117 0.070711 0.070711 0.070711 0.070711 0.070711 
<LogVarVal> 31.304247
<Mixture> 2 <Weight> 0.198510
<Mean>
1453.266968 1.673407 -0.340631 21.201097 1.134263 -0.119744 -2.761826 -0.099971 -0.066387 
<Inverted_Deviation>
0.021589 0.051664 0.070711 0.021048 0.070711 0.070711 0.070711 0.070711 0.070711 
<LogVarVal> 31.705751
<State> 2
<NumMixes> 3
<Mixture> 0 <Weight> 0.124159
<Mean>
2005.156982 -166.146133 -38.252804 -15.826357 9.726982 4.444511 -0.400444 -0.392627 0.085931 
<Inverted_Deviation>
0.002479 0.004602 0.011147 0.032157 0.028780 0.040788 0.070711 0.070711 0.065114 
<LogVarVal> 39.243599
<Mixture> 1 <Weight> 0.332087
<Mean>
1291.502930 -7.279487 -17.399380 -27.056139 15.485458 -2.339649 -4.381061 0.680343 1.022193 
<Inverted_Deviation>
0.003923 0.002791 0.012849 0.013092 0.035703 0.035458 0.070711 0.070711 0.070711 
<LogVarVal> 39.883308
<Mixture> 2 <Weight> 0.543755
<Mean>
594.293640 6.412504 31.407806 -1.715297 -13.821842 0.611092 1.667904 -0.570559 -0.591342 
<Inverted_Deviation>
0.004256 0.005032 0.017957 0.017088 0.030272 0.044924 0.070711 0.070711 0.070711 
<LogVarVal> 38.539707
<TransP>
-0.054665 -2.933744 -10000000000.000000 
-10000000000.000000 -0.025331 -3.688347 
-10000000000.000000 -10000000000.000000 0.000000 
<EndEmbeddedHMM>
<BeginEmbeddedHMM>
<NumStates> 6
<State> 0
<NumMixes> 3
<Mixture> 0 <Weight> 0.352510
<Mean>
799.526123 3.580699 36.518337 -10.393306 2.326295 -1.979338 0.976674 0.364301 0.052600 
<Inverted_Deviation>
0.004536 0.005810 0.019648 0.031466 0.043106 0.070711 0.070711 0.070711 0.070711 
<LogVarVal> 36.824520
<Mixture> 1 <Weight> 0.464435
<Mean>
1767.121948 9.380637 -23.400606 -1.129441 -9.745008 -0.164347 -1.908479 -0.255501 0.135434 
<Inverted_Deviation>
0.005613 0.005743 0.017047 0.020579 0.041896 0.069398 0.070711 0.070711 0.070711 
<LogVarVal> 37.236965
<Mixture> 2 <Weight> 0.183054
<Mean>
1289.881226 -291.139008 3.067334 -26.541355 2.019248 5.380577 -0.816122 0.848401 0.172980 
<Inverted_Deviation>
0.003895 0.009032 0.011638 0.037715 0.045039 0.070711 0.070711 0.070711 0.070711 
<LogVarVal> 36.834400
<State> 1
<NumMixes> 3
<Mixture> 0 <Weight> 0.277702
<Mean>
772.748901 12.308008 12.487048 12.853326 -5.016576 3.097045 54.777988 4.029713 -4.887157 
<Inverted_Deviation>
0.004781 0.007155 0.017157 0.004023 0.011127 0.022022 0.010413 0.015096 0.026142 
<LogVarVal> 45.731949
<Mixture> 1 <Weight> 0.344733
<Mean>
1495.247559 95.028076 2.456839 16.772591 0.498092 -2.670902 -5.674735 -0.341368 -0.640187 
<Inverted_Deviation>
0.005814 0.012075 0.039917 0.009304 0.020927 0.052248 0.023437 0.042931 0.070711 
<LogVarVal> 38.982727
<Mixture> 2 <Weight> 0.377565
<Mean>
1150.176392 42.529655 -2.351790 10.794650 4.214218 -2.240786 -28.941967 -3.410482 3.465517 
<Inverted_Deviation>
0.007152 0.010457 0.028050 0.004652 0.012702 0.032616 0.009792 0.018225 0.039809 
<LogVarVal> 43.240219
<State> 2
<NumMixes> 3
<Mixture> 0 <Weight> 0.603842
<Mean>
1316.346924 -2.328320 0.370810 64.520416 2.181990 -0.233035 -14.074621 0.844011 0.145724 
<Inverted_Deviation>
0.007385 0.021766 0.070711 0.008231 0.045553 0.070711 0.032204 0.070711 0.070711 
<LogVarVal> 35.808056
<Mixture> 1 <Weight> 0.268908
<Mean>
1049.031982 20.588326 -1.702695 -77.383705 14.322500 4.148075 1.638739 -2.233958 0.432983 
<Inverted_Deviation>
0.009414 0.012483 0.031514 0.008537 0.024639 0.043008 0.022188 0.041518 0.066601 
<LogVarVal> 38.969498
<Mixture> 2 <Weight> 0.127251
<Mean>
841.929688 -17.272156 1.913441 66.660606 2.755935 -4.978666 32.841129 1.292969 0.722718 
<Inverted_Deviation>
0.008018 0.012708 0.022542 0.007699 0.017306 0.021782 0.025670 0.035983 0.037945 
<LogVarVal> 41.144066
<State> 3
<NumMixes> 3
<Mixture> 0 <Weight> 0.129032
<Mean>
1366.813721 6.650941 -8.039989 -16.790276 -4.695604 0.802136 -3.657853 -0.697705 0.061885 
<Inverted_Deviation>
0.006525 0.015055 0.065966 0.014391 0.058059 0.070711 0.070711 0.070711 0.070711 
<LogVarVal> 34.782074
<Mixture> 1 <Weight> 0.420318
<Mean>
1088.045898 2.742501 -0.671275 -0.432733 0.023513 0.081359 3.559249 -0.041512 0.052373 
<Inverted_Deviation>
0.009109 0.015400 0.070711 0.014714 0.055521 0.070711 0.066817 0.070711 0.070711 
<LogVarVal> 34.435520
<Mixture> 2 <Weight> 0.450650
<Mean>
823.535156 4.467090 4.210318 -15.497435 -3.103892 0.061707 10.190245 -0.367472 -0.152989 
<Inverted_Deviation>
0.008055 0.019238 0.070711 0.013639 0.048411 0.070711 0.040648 0.070711 0.070711 
<LogVarVal> 35.045906
<State> 4
<NumMixes> 3
<Mixture> 0 <Weight> 0.390710
<Mean>
1395.524780 -36.822834 -19.194069 15.036016 17.735685 3.713639 -11.988157 -4.501237 0.462430 
<Inverted_Deviation>
0.006372 0.010709 0.024283 0.009149 0.017285 0.032647 0.029686 0.033844 0.047325 
<LogVarVal> 40.589447
<Mixture> 1 <Weight> 0.355191
<Mean>
1040.288574 -71.337242 3.587887 129.744263 1.508726 -8.410958 -1.472983 12.975365 0.819094 
<Inverted_Deviation>
0.006348 0.010334 0.024349 0.005765 0.011246 0.020165 0.009816 0.016605 0.025259 
<LogVarVal> 44.446358
<Mixture> 2 <Weight> 0.254098
<Mean>
667.805542 -6.314343 10.388600 39.053791 -17.995266 3.582398 43.697933 -7.538477 -2.243398 
<Inverted_Deviation>
0.004999 0.007545 0.015452 0.004989 0.011900 0.019205 0.009092 0.015825 0.026736 
<LogVarVal> 45.659286
<State> 5
<NumMixes> 3
<Mixture> 0 <Weight> 0.644889
<Mean>
587.153992 68.544525 32.413750 -9.650023 8.776146 -5.743862 2.322205 -2.013062 0.947868 
<Inverted_Deviation>
0.002933 0.003415 0.008309 0.023217 0.023200 0.031536 0.070711 0.070711 0.070711 
<LogVarVal> 40.383568
<Mixture> 1 <Weight> 0.187566
<Mean>
1398.813599 -421.987000 -4.106956 -99.099503 22.542597 37.344048 6.451596 7.332524 -5.965077 
<Inverted_Deviation>
0.002284 0.001922 0.003878 0.008382 0.009544 0.010085 0.045897 0.036039 0.027763 
<LogVarVal> 47.058823
<Mixture> 2 <Weight> 0.167545
<Mean>
2478.634033 -111.607506 -61.598839 -52.042812 -41.761738 -16.573259 -3.438639 -0.782926 2.946397 
<Inverted_Deviation>
0.003055 0.004095 0.007872 0.011104 0.011271 0.022032 0.054467 0.040554 0.039515 
<LogVarVal> 43.431988
<TransP>
-0.094265 -2.408411 -10000000000.000000 -10000000000.000000 -10000000000.000000 -10000000000.000000 
-10000000000.000000 -0.125163 -2.140066 -10000000000.000000 -10000000000.000000 -10000000000.000000 
-10000000000.000000 -10000000000.000000 -0.108968 -2.270686 -10000000000.000000 -10000000000.000000 
-10000000000.000000 -10000000000.000000 -10000000000.000000 -0.042288 -3.184333 -10000000000.000000 
-10000000000.000000 -10000000000.000000 -10000000000.000000 -10000000000.000000 -0.124981 -2.141433 
-10000000000.000000 -10000000000.000000 -10000000000.000000 -10000000000.000000 -10000000000.000000 0.000000 
<EndEmbeddedHMM>
<BeginEmbeddedHMM>
<NumStates> 6
<State> 0
<NumMixes> 3
<Mixture> 0 <Weight> 0.557252
<Mean>
1710.453125 8.306802 -22.432505 -8.944177 -14.224519 -2.521553 -3.450391 0.084196 0.393558 
<Inverted_Deviation>
0.005110 0.003675 0.008904 0.015300 0.029555 0.033983 0.056000 0.050683 0.062939 
<LogVarVal> 40.468781
<Mixture> 1 <Weight> 0.361832
<Mean>
1103.758301 -75.400688 58.339634 -40.741295 -6.981459 1.713572 0.576270 0.325779 -0.831971 
<Inverted_Deviation>
0.003458 0.003256 0.010303 0.018538 0.024840 0.034694 0.054339 0.070711 0.070711 
<LogVarVal> 40.376389
<Mixture> 2 <Weight> 0.080916
<Mean>
2495.763916 419.642151 -75.387466 -83.783623 29.179371 16.044819 -9.226734 0.600390 2.896499 
<Inverted_Deviation>
0.002016 0.003348 0.005037 0.013465 0.013440 0.013058 0.030735 0.035107 0.037299 
<LogVarVal> 45.424412
<State> 1
<NumMixes> 3
<Mixture> 0 <Weight> 0.162044
<Mean>
1043.473999 3.324917 5.105487 -10.911325 5.239380 -0.521137 13.043460 -0.092048 -0.530495 
<Inverted_Deviation>
0.011950 0.022191 0.070711 0.011203 0.070711 0.070711 0.029443 0.070711 0.070711 
<LogVarVal> 34.649052
<Mixture> 1 <Weight> 0.468613
<Mean>
1478.728516 38.733730 1.352618 19.153719 1.791223 -0.383597 -0.621116 -0.466634 -0.000411 
<Inverted_Deviation>
0.006716 0.027119 0.070711 0.033826 0.070711 0.070711 0.070711 0.070711 0.070711 
<LogVarVal> 33.043556
<Mixture> 2 <Weight> 0.369343
<Mean>
1240.708008 15.151339 1.754779 0.720940 2.568372 0.019078 0.550115 0.049169 0.072500 
<Inverted_Deviation>
0.013283 0.025000 0.070711 0.018687 0.067574 0.070711 0.054792 0.070711 0.070711 
<LogVarVal> 33.336727
<State> 2
<NumMixes> 3
<Mixture> 0 <Weight> 0.414843
<Mean>
1544.765015 -21.330297 -6.172612 -4.983965 -1.480120 -0.180127 -3.574805 -0.335446 0.019442 
<Inverted_Deviation>
0.007774 0.013576 0.025052 0.030601 0.050371 0.070711 0.069450 0.070711 0.070711 
<LogVarVal> 35.084179
<Mixture> 1 <Weight> 0.069458
<Mean>
1139.142456 -40.842548 6.465333 -66.693649 13.005657 -0.581360 -21.682713 1.254971 0.053762 
<Inverted_Deviation>
0.008714 0.017266 0.042622 0.017406 0.020359 0.033214 0.018225 0.034163 0.053174 
<LogVarVal> 38.774197
<Mixture> 2 <Weight> 0.515699
<Mean>
1347.676270 -22.032200 0.779582 -16.769268 -3.427093 0.859774 -3.652198 0.609514 0.065196 
<Inverted_Deviation>
0.013898 0.022979 0.069823 0.021578 0.049044 0.070711 0.070711 0.070711 0.070711 
<LogVarVal> 33.310024
<State> 3
<NumMixes> 3
<Mixture> 0 <Weight> 0.150512
<Mean>
1020.101501 8.215320 4.506097 -41.266453 -3.546539 0.628322 -6.385397 0.181749 0.004841 
<Inverted_Deviation>
0.008505 0.017132 0.070711 0.016825 0.036999 0.070711 0.020423 0.049065 0.070711 
<LogVarVal> 36.220066
<Mixture> 1 <Weight> 0.386514
<Mean>
1486.708374 6.108288 -1.624876 -6.823799 1.385656 -0.384794 -0.636098 0.051241 -0.005756 
<Inverted_Deviation>
0.008872 0.016297 0.067785 0.049230 0.070711 0.070711 0.070711 0.070711 0.070711 
<LogVarVal> 32.941326
<Mixture> 2 <Weight> 0.462974
<Mean>
1257.572388 3.791252 1.704308 -16.703903 0.678817 -0.035718 -1.942371 -0.053205 0.047898 
<Inverted_Deviation>
0.010542 0.017484 0.070711 0.025520 0.059029 0.070711 0.057306 0.070711 0.070711 
<LogVarVal> 33.704102
<State> 4
<NumMixes> 3
<Mixture> 0 <Weight> 0.375706
<Mean>
1584.515503 -21.305107 -22.688890 -10.808437 -3.480271 3.366607 -4.344527 -0.593472 -0.631131 
<Inverted_Deviation>
0.006022 0.012200 0.022060 0.023224 0.029092 0.041521 0.047906 0.055888 0.070711 
<LogVarVal> 37.537449
<Mixture> 1 <Weight> 0.355932
<Mean>
801.005981 -3.221572 13.544604 -124.688629 4.113359 6.316157 11.925611 -5.032779 -1.961435 
<Inverted_Deviation>
0.004009 0.006021 0.013305 0.008809 0.010652 0.017321 0.014581 0.016895 0.021985 
<LogVarVal> 45.558449
<Mixture> 2 <Weight> 0.268362
<Mean>
1237.046509 -62.124935 -10.142720 -80.653625 -7.228241 -9.868032 -15.903189 6.449214 3.070063 
<Inverted_Deviation>
0.005814 0.006786 0.014105 0.007287 0.009468 0.014645 0.013206 0.016651 0.020729 
<LogVarVal> 45.656631
<State> 5
<NumMixes> 3
<Mixture> 0 <Weight> 0.288268
<Mean>
905.895264 147.866226 57.744411 -48.004959 53.979805 -32.009197 8.922207 -9.817576 2.613653 
<Inverted_Deviation>
0.002116 0.002433 0.003799 0.009920 0.008363 0.012864 0.040703 0.031535 0.029817 
<LogVarVal> 46.822437
<Mixture> 1 <Weight> 0.544134
<Mean>
2661.663330 -42.796524 -29.592144 -29.002184 -28.131109 -17.002140 -5.834495 -5.714322 -1.473977 
<Inverted_Deviation>
0.005379 0.006592 0.009733 0.012727 0.011052 0.017153 0.049090 0.040781 0.042265 
<LogVarVal> 42.342983
<Mixture> 2 <Weight> 0.167598
<Mean>
1713.245605 -650.943115 9.644157 -228.352325 1.803417 108.653969 -0.734053 35.221840 0.475627 
<Inverted_Deviation>
0.002034 0.003044 0.003046 0.011808 0.004753 0.006596 0.028981 0.024110 0.011064 
<LogVarVal> 49.517193
<TransP>
-0.133750 -2.077916 -10000000000.000000 -10000000000.000000 -10000000000.000000 -10000000000.000000 
-10000000000.000000 -0.061720 -2.815847 -10000000000.000000 -10000000000.000000 -10000000000.000000 
-10000000000.000000 -10000000000.000000 -0.081233 -2.550778 -10000000000.000000 -10000000000.000000 
-10000000000.000000 -10000000000.000000 -10000000000.000000 -0.050628 -3.008456 -10000000000.000000 
-10000000000.000000 -10000000000.000000 -10000000000.000000 -10000000000.000000 -0.263495 -1.462578 
-10000000000.000000 -10000000000.000000 -10000000000.000000 -10000000000.000000 -10000000000.000000 0.000000 
<EndEmbeddedHMM>
<BeginEmbeddedHMM>
<NumStates> 6
<State> 0
<NumMixes> 3
<Mixture> 0 <Weight> 0.198748
<Mean>
2756.501465 180.499619 -21.250143 25.687870 -6.801648 1.009163 -35.771606 -1.744414 8.182355 
<Inverted_Deviation>
0.002096 0.004148 0.011561 0.003451 0.008391 0.015351 0.009455 0.010630 0.018803 
<LogVarVal> 49.069408
<Mixture> 1 <Weight> 0.359937
<Mean>
1456.024292 -1.474863 -5.777937 91.884148 26.908220 -0.026667 12.354957 -2.539305 -5.454948 
<Inverted_Deviation>
0.002532 0.003382 0.007688 0.003162 0.007163 0.017356 0.006199 0.009792 0.018844 
<LogVarVal> 50.117645
<Mixture> 2 <Weight> 0.441315
<Mean>
511.140045 -127.327705 25.726246 71.456451 -1.269393 -1.102781 4.289206 3.017339 0.676697 
<Inverted_Deviation>
0.002420 0.004683 0.012304 0.014559 0.020265 0.029236 0.048837 0.048214 0.070711 
<LogVarVal> 41.298096
<State> 1
<NumMixes> 3
<Mixture> 0 <Weight> 0.468103
<Mean>
1362.379028 20.426207 -0.501038 9.790407 0.050868 0.209087 -1.194794 0.203102 -0.054099 
<Inverted_Deviation>
0.006687 0.030198 0.070711 0.040381 0.070711 0.070711 0.070711 0.070711 0.070711 
<LogVarVal> 32.763222
<Mixture> 1 <Weight> 0.072494
<Mean>
822.828308 42.484123 3.732687 49.091606 1.626923 -2.144359 3.943571 -1.805722 -0.019541 
<Inverted_Deviation>
0.006628 0.013449 0.047029 0.014786 0.038705 0.070711 0.070612 0.070711 0.070711 
<LogVarVal> 35.597561
<Mixture> 2 <Weight> 0.459403
<Mean>
1137.660400 10.176414 -0.573169 20.075317 1.500215 0.089680 0.265547 -0.169595 -0.170351 
<Inverted_Deviation>
0.010464 0.027918 0.070711 0.022866 0.062675 0.070711 0.070711 0.070711 0.070711 
<LogVarVal> 33.083202
<State> 2
<NumMixes> 3
<Mixture> 0 <Weight> 0.219721
<Mean>
1327.482788 -2.900350 -5.845440 55.329853 7.060828 0.223617 -18.366182 0.646088 0.749855 
<Inverted_Deviation>
0.005960 0.012334 0.029907 0.008804 0.021985 0.048816 0.035554 0.051605 0.070711 
<LogVarVal> 38.698799
<Mixture> 1 <Weight> 0.406752
<Mean>
965.366394 9.484396 -0.265324 45.883183 2.359427 1.340886 -17.342209 -2.995928 0.767249 
<Inverted_Deviation>
0.006913 0.010508 0.029097 0.005740 0.015233 0.035898 0.014218 0.026015 0.049370 
<LogVarVal> 41.800686
<Mixture> 2 <Weight> 0.373526
<Mean>
549.876526 -1.224389 8.187477 50.235115 -6.924568 -0.539682 30.947607 1.262924 -1.149781 
<Inverted_Deviation>
0.004278 0.011201 0.034432 0.004769 0.018876 0.041190 0.012130 0.026136 0.050088 
<LogVarVal> 42.021538
<State> 3
<NumMixes> 3
<Mixture> 0 <Weight> 0.342906
<Mean>
1173.158325 -30.713760 -1.987538 8.930263 -0.531847 -0.246542 -0.390638 1.231945 0.114514 
<Inverted_Deviation>
0.009700 0.021224 0.067160 0.026934 0.047087 0.070711 0.070711 0.070711 0.070711 
<LogVarVal> 33.606979
<Mixture> 1 <Weight> 0.111430
<Mean>
867.157288 -58.856956 1.951588 5.975796 -2.301772 -1.841865 5.751969 3.177651 -0.632795 
<Inverted_Deviation>
0.009161 0.015391 0.040921 0.013778 0.033462 0.070359 0.043458 0.065275 0.070711 
<LogVarVal> 36.064552
<Mixture> 2 <Weight> 0.545663
<Mean>
1420.872803 -17.013994 -1.318251 5.117274 -0.110978 0.489413 -1.128937 0.046152 0.105340 
<Inverted_Deviation>
0.006058 0.025522 0.070711 0.040894 0.064691 0.070711 0.070711 0.070711 0.070711 
<LogVarVal> 33.106483
<State> 4
<NumMixes> 3
<Mixture> 0 <Weight> 0.593354
<Mean>
393.649902 33.171810 23.863752 102.342636 3.268456 -3.976614 8.214608 -2.382488 -0.482779 
<Inverted_Deviation>
0.003143 0.004013 0.010812 0.011239 0.015196 0.014951 0.047592 0.041777 0.038411 
<LogVarVal> 43.317268
<Mixture> 1 <Weight> 0.216772
<Mean>
1314.034424 100.078262 -30.545050 53.653889 -29.100262 -3.408344 -4.666310 0.493519 5.050208 
<Inverted_Deviation>
0.003303 0.003914 0.005327 0.007156 0.006472 0.009167 0.030301 0.021301 0.019316 
<LogVarVal> 47.607006
<Mixture> 2 <Weight> 0.189873
<Mean>
2173.124512 -369.851929 -24.600777 -95.566933 -14.925614 27.060387 -3.528001 7.867107 2.417733 
<Inverted_Deviation>
0.002494 0.004260 0.004258 0.016421 0.007972 0.008526 0.026645 0.025919 0.020513 
<LogVarVal> 46.932884
<State> 5
<NumMixes> 3
<Mixture> 0 <Weight> 0.102448
<Mean>
980.437317 -210.640274 49.901554 384.331360 -169.201859 17.975140 135.844284 -62.932983 -22.331009 
<Inverted_Deviation>
0.002372 0.004342 0.009195 0.003495 0.006278 0.008434 0.006929 0.007567 0.008409 
<LogVarVal> 51.461040
<Mixture> 1 <Weight> 0.109701
<Mean>
1876.353271 -307.122253 2.410655 589.393188 63.575237 -59.291328 -86.694977 132.359222 28.414824 
<Inverted_Deviation>
0.002603 0.005844 0.009965 0.002820 0.004237 0.010454 0.004501 0.006444 0.007041 
<LogVarVal> 52.152805
<Mixture> 2 <Weight> 0.787851
<Mean>
2679.870361 -20.499163 -7.549678 10.789405 10.502398 4.031190 -13.395350 -10.297882 -1.935206 
<Inverted_Deviation>
0.006005 0.009802 0.026844 0.009339 0.011568 0.023342 0.014794 0.019111 0.034885 
<LogVarVal> 42.926674
<TransP>
-0.198413 -1.714972 -10000000000.000000 -10000000000.000000 -10000000000.000000 -10000000000.000000 
-10000000000.000000 -0.048811 -3.044108 -10000000000.000000 -10000000000.000000 -10000000000.000000 
-10000000000.000000 -10000000000.000000 -0.063610 -2.786620 -10000000000.000000 -10000000000.000000 
-10000000000.000000 -10000000000.000000 -10000000000.000000 -0.068337 -2.717283 -10000000000.000000 
-10000000000.000000 -10000000000.000000 -10000000000.000000 -10000000000.000000 -0.200847 -1.703957 
-10000000000.000000 -10000000000.000000 -10000000000.000000 -10000000000.000000 -10000000000.000000 0.000000 
<EndEmbeddedHMM>
<BeginEmbeddedHMM>
<NumStates> 3
<State> 0
<NumMixes> 3
<Mixture> 0 <Weight> 0.415802
<Mean>
166.897110 -32.168724 9.295865 29.838173 -13.109365 1.055313 4.798134 -0.257804 -1.172528 
<Inverted_Deviation>
0.004373 0.010312 0.028095 0.016261 0.022710 0.030093 0.070711 0.059156 0.058543 
<LogVarVal> 38.452351
<Mixture> 1 <Weight> 0.413408
<Mean>
765.302917 -26.393944 -5.342726 47.886448 11.825006 -2.010988 -1.816393 0.790285 1.292822 
<Inverted_Deviation>
0.005917 0.007713 0.029950 0.014069 0.024953 0.037018 0.070711 0.065626 0.068760 
<LogVarVal> 37.955307
<Mixture> 2 <Weight> 0.170790
<Mean>
1127.103882 1.214243 -11.443250 49.740948 6.956795 1.305826 -2.520633 -1.416604 -0.044161 
<Inverted_Deviation>
0.005135 0.010372 0.034086 0.026954 0.045998 0.064416 0.070711 0.070711 0.070711 
<LogVarVal> 35.752983
<State> 1
<NumMixes> 3
<Mixture> 0 <Weight> 0.271875
<Mean>
1038.272217 -15.540423 -6.129565 1.542510 -5.325893 0.893470 -5.862660 1.072711 -0.557198 
<Inverted_Deviation>
0.006408 0.015517 0.050290 0.019234 0.043950 0.070711 0.055561 0.070711 0.070711 
<LogVarVal> 35.270794
<Mixture> 1 <Weight> 0.449479
<Mean>
727.458984 -8.592388 0.654985 -13.155708 2.094255 0.434024 -15.337607 0.582899 0.283720 
<Inverted_Deviation>
0.007973 0.015662 0.059056 0.007347 0.029990 0.070711 0.020210 0.047034 0.070711 
<LogVarVal> 37.645870
<Mixture> 2 <Weight> 0.278646
<Mean>
449.398834 -0.190146 3.790287 -19.630671 -3.470486 0.268205 28.272066 -0.652557 -0.618777 
<Inverted_Deviation>
0.007114 0.018828 0.070711 0.006377 0.034972 0.070711 0.020197 0.055760 0.070711 
<LogVarVal> 37.214058
<State> 2
<NumMixes> 3
<Mixture> 0 <Weight> 0.007813
<Mean>
2064.399902 -205.993561 -23.518133 530.994080 104.228004 -18.459131 -132.075348 74.204575 27.755390 
<Inverted_Deviation>
0.001769 0.006028 0.024698 0.002334 0.006347 0.012411 0.004578 0.004479 0.011993 
<LogVarVal> 51.028534
<Mixture> 1 <Weight> 0.877344
<Mean>
78.329803 10.407313 7.553557 24.586561 8.597384 2.819406 4.204568 0.767649 -1.319332 
<Inverted_Deviation>
0.007172 0.011673 0.028060 0.015987 0.019518 0.036964 0.047540 0.058350 0.047949 
<LogVarVal> 38.408051
<Mixture> 2 <Weight> 0.114844
<Mean>
776.268799 217.977844 -44.840641 188.800613 -74.930885 -25.000225 -0.175823 -16.597750 10.597581 
<Inverted_Deviation>
0.003224 0.004011 0.011781 0.006584 0.008514 0.008339 0.012792 0.013762 0.014150 
<LogVarVal> 48.327374
<TransP>
-0.049908 -3.022422 -10000000000.000000 
-10000000000.000000 -0.032286 -3.449207 
-10000000000.000000 -10000000000.000000 0.000000 
<EndEmbeddedHMM>
