<NumSuperStates> 5
<NumStates> 3 6 6 6 3 
<NumMixtures> 3 3 3 3 3 3 3 3 3 3 3 3 3 3 3 3 3 3 3 3 3 3 3 3 
<VecSize> 9
<BeginExternalHMM>
<NumStates> 5
<TransP>
-0.080043 -2.564949 -10000000000.000000 -10000000000.000000 -10000000000.000000 
-10000000000.000000 -0.054604 -2.934824 -10000000000.000000 -10000000000.000000 
-10000000000.000000 -10000000000.000000 -0.070316 -2.689701 -10000000000.000000 
-10000000000.000000 -10000000000.000000 -10000000000.000000 -0.060292 -2.838547 
-10000000000.000000 -10000000000.000000 -10000000000.000000 -10000000000.000000 0.000000 
<EndExternalHMM>
<BeginEmbeddedHMM>
<NumStates> 3
<State> 0
<NumMixes> 3
<Mixture> 0 <Weight> 0.360541
<Mean>
291.555176 -8.410366 12.074772 -4.669441 12.802600 0.924507 7.302870 0.664939 -0.009992 
<Inverted_Deviation>
0.004483 0.009774 0.029264 0.009482 0.027488 0.048342 0.036499 0.056395 0.070711 
<LogVarVal> 38.835060
<Mixture> 1 <Weight> 0.179655
<Mean>
1415.875122 86.815376 -21.423025 11.350957 -19.547873 -3.847409 -5.203123 -1.049964 0.861673 
<Inverted_Deviation>
0.002294 0.003916 0.010854 0.010468 0.019430 0.021243 0.028947 0.040335 0.043440 
<LogVarVal> 43.535748
<Mixture> 2 <Weight> 0.459803
<Mean>
813.990662 -20.420742 6.477784 -7.379583 3.324838 1.447061 -5.302458 0.580188 -0.154808 
<Inverted_Deviation>
0.004728 0.006050 0.017369 0.007193 0.024504 0.047261 0.034677 0.049974 0.070711 
<LogVarVal> 40.368965
<State> 1
<NumMixes> 3
<Mixture> 0 <Weight> 0.604607
<Mean>
1151.664429 1.242631 -0.740803 5.608744 0.043900 -0.203385 -2.292985 -0.171188 -0.044431 
<Inverted_Deviation>
0.008395 0.053344 0.070711 0.033104 0.070711 0.070711 0.070711 0.070711 0.070711 
<LogVarVal> 32.165478
<Mixture> 1 <Weight> 0.375355
<Mean>
859.214172 1.104720 -0.194977 5.331013 -0.300649 -0.141868 -1.658902 0.012255 -0.031730 
<Inverted_Deviation>
0.010820 0.053853 0.070711 0.032706 0.070711 0.070711 0.070711 0.070711 0.070711 
<LogVarVal> 31.914261
<Mixture> 2 <Weight> 0.020038
<Mean>
416.584625 3.860127 -0.263567 -53.666447 -1.580328 0.204851 5.866947 0.153864 -0.073043 
<Inverted_Deviation>
0.008058 0.070711 0.070711 0.014813 0.070711 0.070711 0.049820 0.070711 0.070711 
<LogVarVal> 33.078869
<State> 2
<NumMixes> 3
<Mixture> 0 <Weight> 0.538184
<Mean>
220.827087 9.450152 25.904938 -2.011780 -11.367356 0.165516 2.086289 -0.308670 -0.524804 
<Inverted_Deviation>
0.005086 0.006044 0.020285 0.019094 0.031640 0.049485 0.065800 0.070711 0.070711 
<LogVarVal> 37.876343
<Mixture> 1 <Weight> 0.322910
<Mean>
808.349426 18.421070 -9.316865 -33.027851 11.152596 -1.203385 -4.458831 0.120420 0.981436 
<Inverted_Deviation>
0.004357 0.003109 0.014144 0.012959 0.033350 0.037817 0.070711 0.070711 0.070711 
<LogVarVal> 39.588139
<Mixture> 2 <Weight> 0.138906
<Mean>
1459.109741 -145.477356 -44.721214 -15.832511 10.196503 3.962116 -0.773916 -0.150007 0.065071 
<Inverted_Deviation>
0.002519 0.004186 0.012115 0.027664 0.031119 0.045044 0.070711 0.070711 0.066964 
<LogVarVal> 39.184258
<TransP>
-0.060445 -2.836089 -10000000000.000000 
-10000000000.000000 -0.022821 -3.791474 
-10000000000.000000 -10000000000.000000 0.000000 
<EndEmbeddedHMM>
<BeginEmbeddedHMM>
<NumStates> 6
<State> 0
<NumMixes> 3
<Mixture> 0 <Weight> 0.149213
<Mean>
1964.978638 196.134445 -87.192169 -10.362723 6.473551 -0.382648 -0.567198 -0.151561 0.662684 
<Inverted_Deviation>
0.002883 0.003003 0.006588 0.025751 0.030003 0.031550 0.063583 0.064493 0.067997 
<LogVarVal> 40.637726
<Mixture> 1 <Weight> 0.400434
<Mean>
528.186523 -51.582539 35.637627 -17.454836 4.118976 0.160241 0.653215 0.571670 0.107002 
<Inverted_Deviation>
0.003332 0.004861 0.012305 0.031927 0.045233 0.061396 0.070711 0.070711 0.070711 
<LogVarVal> 37.857719
<Mixture> 2 <Weight> 0.450353
<Mean>
1205.781006 19.440491 1.602047 -10.499168 -9.868642 0.323882 -1.425414 -0.451207 -0.181686 
<Inverted_Deviation>
0.003765 0.003137 0.006835 0.020556 0.034378 0.047326 0.070711 0.070711 0.070711 
<LogVarVal> 39.736691
<State> 1
<NumMixes> 3
<Mixture> 0 <Weight> 0.312184
<Mean>
631.631409 40.004429 -2.365178 31.375525 6.483685 -2.792851 -4.478742 -3.568096 1.608541 
<Inverted_Deviation>
0.006929 0.010492 0.029814 0.005432 0.014910 0.034034 0.011888 0.022968 0.044468 
<LogVarVal> 42.313656
<Mixture> 1 <Weight> 0.510387
<Mean>
972.712891 55.412014 -1.116055 5.871595 -2.115560 -0.215364 -5.206207 0.930099 -0.043906 
<Inverted_Deviation>
0.005685 0.016379 0.062065 0.011197 0.030600 0.070711 0.029288 0.054593 0.070711 
<LogVarVal> 36.928226
<Mixture> 2 <Weight> 0.177428
<Mean>
273.950470 3.595351 10.814054 -14.959746 -6.138707 1.116233 39.512306 3.412992 -2.326756 
<Inverted_Deviation>
0.006034 0.008919 0.023053 0.006631 0.016871 0.029464 0.017199 0.024820 0.038756 
<LogVarVal> 42.383339
<State> 2
<NumMixes> 3
<Mixture> 0 <Weight> 0.139662
<Mean>
922.142151 -5.440356 -9.945138 -53.544117 -1.748355 1.608276 -4.732520 -0.093660 0.413160 
<Inverted_Deviation>
0.005887 0.007670 0.024349 0.015606 0.036154 0.067545 0.061882 0.070711 0.070711 
<LogVarVal> 37.127819
<Mixture> 1 <Weight> 0.434394
<Mean>
367.325470 3.789455 2.825410 18.367891 1.611419 0.401947 9.959455 0.287315 -0.141134 
<Inverted_Deviation>
0.008529 0.021290 0.070711 0.007310 0.040753 0.070711 0.027322 0.070711 0.070711 
<LogVarVal> 36.080601
<Mixture> 2 <Weight> 0.425944
<Mean>
593.482056 9.501443 3.625521 -3.492284 1.504896 0.308668 -1.256480 -0.612217 -0.295798 
<Inverted_Deviation>
0.009686 0.012417 0.066390 0.008055 0.043094 0.070711 0.034864 0.070711 0.070711 
<LogVarVal> 36.158871
<State> 3
<NumMixes> 3
<Mixture> 0 <Weight> 0.141234
<Mean>
893.808777 6.634421 -1.450867 23.262941 -1.660517 0.194778 -2.460328 0.207204 0.005546 
<Inverted_Deviation>
0.007280 0.032435 0.070711 0.017848 0.070711 0.070711 0.070711 0.070711 0.070711 
<LogVarVal> 33.423199
<Mixture> 1 <Weight> 0.490584
<Mean>
362.230469 0.608950 1.168875 -11.074571 -0.708202 0.149274 3.341532 -0.028322 -0.059332 
<Inverted_Deviation>
0.006978 0.033104 0.070711 0.020291 0.070711 0.070711 0.070711 0.070711 0.070711 
<LogVarVal> 33.316895
<Mixture> 2 <Weight> 0.368182
<Mean>
613.623779 1.599629 -0.023498 4.571218 0.249064 0.000342 -1.104449 -0.148853 0.031975 
<Inverted_Deviation>
0.009273 0.028511 0.070711 0.017557 0.070711 0.070711 0.070711 0.070711 0.070711 
<LogVarVal> 33.326653
<State> 4
<NumMixes> 3
<Mixture> 0 <Weight> 0.373118
<Mean>
904.513367 -22.352409 -9.318157 29.414089 14.345260 1.665747 -14.369567 -3.147114 0.544202 
<Inverted_Deviation>
0.006626 0.014980 0.043838 0.009141 0.023527 0.052748 0.034235 0.047541 0.070711 
<LogVarVal> 37.952888
<Mixture> 1 <Weight> 0.345161
<Mean>
590.777954 -45.134953 2.498467 87.801804 -0.568537 -3.046669 -4.379154 5.627934 0.238811 
<Inverted_Deviation>
0.007332 0.014427 0.044909 0.006521 0.020075 0.040170 0.013829 0.027043 0.048783 
<LogVarVal> 40.475880
<Mixture> 2 <Weight> 0.281720
<Mean>
249.796127 -6.349452 4.600320 44.300373 -9.262917 -0.108629 30.329210 -2.053405 -0.822407 
<Inverted_Deviation>
0.005972 0.012360 0.029893 0.006764 0.018592 0.035208 0.014422 0.027172 0.052553 
<LogVarVal> 41.293591
<State> 5
<NumMixes> 3
<Mixture> 0 <Weight> 0.168385
<Mean>
1900.791748 -131.575851 -80.640244 -59.384995 -36.123203 -2.284853 -1.568997 1.885210 3.145889 
<Inverted_Deviation>
0.002405 0.002467 0.008535 0.011035 0.013976 0.017973 0.052580 0.042923 0.045820 
<LogVarVal> 43.922642
<Mixture> 1 <Weight> 0.532646
<Mean>
172.421799 36.910084 41.371414 -12.446880 6.150061 -4.450137 2.185110 -1.565552 0.500061 
<Inverted_Deviation>
0.005027 0.004404 0.012610 0.024303 0.025496 0.034954 0.070711 0.070711 0.070711 
<LogVarVal> 38.930370
<Mixture> 2 <Weight> 0.298969
<Mean>
798.355225 -64.830757 -13.287357 -39.000095 16.663546 10.032633 3.356450 2.688074 -2.651138 
<Inverted_Deviation>
0.003405 0.001950 0.005938 0.010265 0.015078 0.016390 0.056964 0.051981 0.043160 
<LogVarVal> 44.050014
<TransP>
-0.119140 -2.186431 -10000000000.000000 -10000000000.000000 -10000000000.000000 -10000000000.000000 
-10000000000.000000 -0.123555 -2.152211 -10000000000.000000 -10000000000.000000 -10000000000.000000 
-10000000000.000000 -10000000000.000000 -0.108569 -2.274166 -10000000000.000000 -10000000000.000000 
-10000000000.000000 -10000000000.000000 -10000000000.000000 -0.034181 -3.393113 -10000000000.000000 
-10000000000.000000 -10000000000.000000 -10000000000.000000 -10000000000.000000 -0.117985 -2.195613 
-10000000000.000000 -10000000000.000000 -10000000000.000000 -10000000000.000000 -10000000000.000000 0.000000 
<EndEmbeddedHMM>
<BeginEmbeddedHMM>
<NumStates> 6
<State> 0
<NumMixes> 3
<Mixture> 0 <Weight> 0.536139
<Mean>
1258.454224 21.594273 -1.205062 -7.041759 -10.277978 -2.066543 -2.390073 -0.208966 -0.108091 
<Inverted_Deviation>
0.005225 0.003856 0.007791 0.012472 0.022316 0.030681 0.033813 0.052529 0.066505 
<LogVarVal> 41.533100
<Mixture> 1 <Weight> 0.180238
<Mean>
2028.662720 230.816010 -59.218628 -23.372675 8.059848 6.152632 -2.259463 -0.451131 1.281651 
<Inverted_Deviation>
0.002766 0.003129 0.006896 0.012631 0.018690 0.020423 0.036977 0.050741 0.059133 
<LogVarVal> 43.134640
<Mixture> 2 <Weight> 0.283623
<Mean>
687.117249 -75.872589 51.369965 -30.844864 -4.048274 1.259998 0.899091 0.698580 -0.487744 
<Inverted_Deviation>
0.003595 0.003669 0.011514 0.017093 0.028062 0.039631 0.056370 0.070711 0.070711 
<LogVarVal> 39.896038
<State> 1
<NumMixes> 3
<Mixture> 0 <Weight> 0.285524
<Mean>
819.463562 23.392639 1.519562 -2.806974 1.925592 0.052529 0.447240 -0.207999 0.064869 
<Inverted_Deviation>
0.011952 0.040920 0.070711 0.028920 0.070711 0.070711 0.070711 0.070711 0.070711 
<LogVarVal> 32.212475
<Mixture> 1 <Weight> 0.368246
<Mean>
1054.832886 36.990284 1.365119 11.797493 1.891734 -0.236057 -0.421435 -0.206223 -0.020695 
<Inverted_Deviation>
0.007237 0.030297 0.070711 0.038293 0.070711 0.070711 0.070711 0.070711 0.070711 
<LogVarVal> 32.733967
<Mixture> 2 <Weight> 0.346231
<Mean>
594.870605 6.861972 1.328534 -10.935078 0.476194 -0.249636 1.351859 -0.191184 -0.054949 
<Inverted_Deviation>
0.011521 0.049676 0.070711 0.031267 0.070711 0.070711 0.067548 0.070711 0.070711 
<LogVarVal> 32.023026
<State> 2
<NumMixes> 3
<Mixture> 0 <Weight> 0.285787
<Mean>
1180.228394 -16.906160 -10.035639 -0.043393 -0.503703 -0.324498 -3.239216 -0.079770 0.100448 
<Inverted_Deviation>
0.007017 0.009381 0.023320 0.019021 0.040144 0.070711 0.053961 0.070711 0.070711 
<LogVarVal> 36.582699
<Mixture> 1 <Weight> 0.520991
<Mean>
924.308105 -23.802223 1.200808 -10.116668 -1.684069 0.332328 -3.116808 0.338929 0.138648 
<Inverted_Deviation>
0.011017 0.020811 0.070711 0.022951 0.057356 0.070711 0.070711 0.070711 0.070711 
<LogVarVal> 33.410576
<Mixture> 2 <Weight> 0.193222
<Mean>
693.258179 -35.850437 4.537781 -26.600256 2.091715 0.797598 2.586790 0.842385 -0.494088 
<Inverted_Deviation>
0.010805 0.023357 0.070711 0.025611 0.051681 0.070711 0.066913 0.070711 0.070711 
<LogVarVal> 33.364265
<State> 3
<NumMixes> 3
<Mixture> 0 <Weight> 0.312243
<Mean>
1062.917114 7.744341 -1.308734 -8.606891 1.460313 -0.397746 -1.326582 0.057124 0.002652 
<Inverted_Deviation>
0.009636 0.017171 0.070711 0.040615 0.070711 0.070711 0.070711 0.070711 0.070711 
<LogVarVal> 32.956642
<Mixture> 1 <Weight> 0.373300
<Mean>
838.337280 4.729296 0.830814 -13.350415 0.313500 0.370278 -0.549569 -0.059933 -0.023397 
<Inverted_Deviation>
0.010017 0.015362 0.070711 0.023440 0.066170 0.070711 0.070711 0.070711 0.070711 
<LogVarVal> 33.645245
<Mixture> 2 <Weight> 0.314457
<Mean>
564.122070 0.174130 3.053554 -16.234127 -2.057743 -0.091676 1.158358 0.074601 -0.010240 
<Inverted_Deviation>
0.009523 0.023282 0.070711 0.026189 0.070711 0.070711 0.055106 0.070711 0.070711 
<LogVarVal> 33.352047
<State> 4
<NumMixes> 3
<Mixture> 0 <Weight> 0.344615
<Mean>
565.207581 3.710791 4.849871 -64.218346 6.346127 1.434341 -12.378872 0.828175 0.570703 
<Inverted_Deviation>
0.006471 0.012483 0.032349 0.009566 0.020861 0.036429 0.016390 0.032477 0.052305 
<LogVarVal> 40.326969
<Mixture> 1 <Weight> 0.249231
<Mean>
1277.669312 -39.850491 -5.970825 -13.560411 1.706156 0.178566 -4.134183 -0.843194 0.221264 
<Inverted_Deviation>
0.005449 0.019056 0.041029 0.021918 0.053217 0.070711 0.070711 0.070711 0.070711 
<LogVarVal> 34.867901
<Mixture> 2 <Weight> 0.406154
<Mean>
914.240845 -8.080946 -3.024772 -6.586697 -4.085367 -1.026437 -9.673011 -0.283690 -0.645659 
<Inverted_Deviation>
0.006510 0.012537 0.045607 0.010075 0.031202 0.066745 0.029282 0.057656 0.070711 
<LogVarVal> 37.457554
<State> 5
<NumMixes> 3
<Mixture> 0 <Weight> 0.499383
<Mean>
2199.026611 -12.311635 -19.402613 -21.707956 -17.636421 -10.250526 -4.605247 -3.747514 -1.282251 
<Inverted_Deviation>
0.003802 0.005441 0.011368 0.015222 0.014230 0.021673 0.055855 0.051108 0.058799 
<LogVarVal> 41.375977
<Mixture> 1 <Weight> 0.385943
<Mean>
608.710876 51.280464 27.547916 -46.210987 24.766405 -14.656066 9.234836 -4.689923 0.513142 
<Inverted_Deviation>
0.002230 0.003101 0.005344 0.009389 0.009188 0.014793 0.025947 0.023125 0.026209 
<LogVarVal> 46.896999
<Mixture> 2 <Weight> 0.114673
<Mean>
1356.536987 -585.442017 -8.517284 -207.007462 -11.227254 92.523193 -0.731925 30.429966 4.126441 
<Inverted_Deviation>
0.002222 0.003013 0.003449 0.010245 0.005306 0.007145 0.031666 0.026430 0.012944 
<LogVarVal> 48.929386
<TransP>
-0.160422 -1.909085 -10000000000.000000 -10000000000.000000 -10000000000.000000 -10000000000.000000 
-10000000000.000000 -0.055551 -2.918104 -10000000000.000000 -10000000000.000000 -10000000000.000000 
-10000000000.000000 -10000000000.000000 -0.085495 -2.501740 -10000000000.000000 -10000000000.000000 
-10000000000.000000 -10000000000.000000 -10000000000.000000 -0.052610 -2.971047 -10000000000.000000 
-10000000000.000000 -10000000000.000000 -10000000000.000000 -10000000000.000000 -0.181706 -1.794841 
-10000000000.000000 -10000000000.000000 -10000000000.000000 -10000000000.000000 -10000000000.000000 0.000000 
<EndEmbeddedHMM>
<BeginEmbeddedHMM>
<NumStates> 6
<State> 0
<NumMixes> 3
<Mixture> 0 <Weight> 0.265655
<Mean>
1405.936401 237.335800 41.220154 12.253090 -4.861780 2.025095 3.072550 -7.628756 -4.659742 
<Inverted_Deviation>
0.002855 0.004155 0.007979 0.003420 0.008577 0.016005 0.007285 0.011627 0.020384 
<LogVarVal> 49.165039
<Mixture> 1 <Weight> 0.314991
<Mean>
2221.162354 74.900864 -38.593643 1.518239 6.302682 -3.465176 -10.600818 1.238921 2.440786 
<Inverted_Deviation>
0.003134 0.005181 0.011003 0.006470 0.013482 0.029547 0.016525 0.019399 0.037815 
<LogVarVal> 44.878490
<Mixture> 2 <Weight> 0.419355
<Mean>
378.293915 -104.676025 7.343934 65.167030 8.054830 1.096878 5.879236 4.258621 1.148458 
<Inverted_Deviation>
0.002259 0.005159 0.010199 0.010458 0.016227 0.030750 0.022519 0.029937 0.055474 
<LogVarVal> 43.453842
<State> 1
<NumMixes> 3
<Mixture> 0 <Weight> 0.425655
<Mean>
717.925964 11.617476 -0.643562 12.047833 0.111620 0.040105 -0.405160 -0.067371 -0.013619 
<Inverted_Deviation>
0.011895 0.030450 0.070711 0.027807 0.070711 0.070711 0.070711 0.070711 0.070711 
<LogVarVal> 32.551998
<Mixture> 1 <Weight> 0.139323
<Mean>
443.584717 22.704559 1.758257 20.949467 0.904039 -0.357395 2.110999 -0.839672 0.026844 
<Inverted_Deviation>
0.007647 0.017979 0.066089 0.020790 0.061759 0.070711 0.070711 0.070711 0.070711 
<LogVarVal> 34.014446
<Mixture> 2 <Weight> 0.435023
<Mean>
929.096008 22.308058 0.118382 6.348652 -0.036474 0.040679 -0.944798 0.191504 -0.018705 
<Inverted_Deviation>
0.007328 0.027782 0.070711 0.039730 0.070711 0.070711 0.070711 0.070711 0.070711 
<LogVarVal> 32.771347
<State> 2
<NumMixes> 3
<Mixture> 0 <Weight> 0.312955
<Mean>
577.649109 2.826154 -1.083915 46.388092 4.142886 1.367950 -15.878605 -0.774318 0.790802 
<Inverted_Deviation>
0.009688 0.012959 0.041125 0.006730 0.020726 0.050048 0.019185 0.036340 0.070711 
<LogVarVal> 39.115292
<Mixture> 1 <Weight> 0.169214
<Mean>
832.292236 -2.758379 -5.437672 61.650005 4.678517 -1.178239 -22.481298 0.411619 1.186248 
<Inverted_Deviation>
0.008837 0.013862 0.033634 0.009045 0.022587 0.058299 0.034676 0.052739 0.070711 
<LogVarVal> 37.842190
<Mixture> 2 <Weight> 0.517831
<Mean>
307.859497 -1.123830 4.287244 19.323833 -2.089167 -0.335857 8.951980 0.030050 -0.439830 
<Inverted_Deviation>
0.007405 0.017138 0.060362 0.007571 0.030401 0.070711 0.022119 0.049857 0.070711 
<LogVarVal> 37.415680
<State> 3
<NumMixes> 3
<Mixture> 0 <Weight> 0.055774
<Mean>
357.960968 -33.741951 10.244498 22.033127 -1.781630 -1.078146 38.431229 1.149235 -1.607145 
<Inverted_Deviation>
0.005837 0.010354 0.027404 0.008539 0.018995 0.034517 0.016416 0.025423 0.044853 
<LogVarVal> 41.441265
<Mixture> 1 <Weight> 0.556054
<Mean>
681.884705 -13.979362 0.351773 4.466357 -1.999582 0.121409 1.253383 0.306999 -0.195297 
<Inverted_Deviation>
0.008613 0.018701 0.054313 0.018858 0.042767 0.070711 0.060752 0.070711 0.070711 
<LogVarVal> 34.669189
<Mixture> 2 <Weight> 0.388173
<Mean>
995.866699 -14.431849 -1.892064 9.189056 0.841094 0.400420 -2.588750 -0.011655 0.010354 
<Inverted_Deviation>
0.006101 0.023204 0.070357 0.025907 0.051679 0.070711 0.070711 0.070711 0.070711 
<LogVarVal> 33.880707
<State> 4
<NumMixes> 3
<Mixture> 0 <Weight> 0.540506
<Mean>
167.672333 35.489494 15.298941 68.817322 0.336108 -3.644317 8.805173 -2.513834 0.064663 
<Inverted_Deviation>
0.004147 0.005113 0.013867 0.012654 0.017963 0.019007 0.065440 0.053842 0.048034 
<LogVarVal> 41.227261
<Mixture> 1 <Weight> 0.174684
<Mean>
1676.636597 -243.817596 -31.465042 -52.365147 -12.994827 13.598594 -0.741087 4.322227 1.384839 
<Inverted_Deviation>
0.003158 0.003984 0.005707 0.016961 0.012053 0.012002 0.065483 0.061147 0.039805 
<LogVarVal> 43.262909
<Mixture> 2 <Weight> 0.284810
<Mean>
902.041687 3.428854 -6.309001 25.880976 -11.445040 1.981605 -2.566060 0.062115 2.575193 
<Inverted_Deviation>
0.003759 0.003970 0.007376 0.009656 0.010894 0.015191 0.046562 0.035878 0.034351 
<LogVarVal> 44.285965
<State> 5
<NumMixes> 3
<Mixture> 0 <Weight> 0.173448
<Mean>
1478.079224 -267.199585 12.510224 325.266693 41.793018 -21.220352 -55.122593 77.348618 12.496349 
<Inverted_Deviation>
0.002825 0.003792 0.007659 0.001989 0.005168 0.008551 0.005722 0.007123 0.009436 
<LogVarVal> 52.485313
<Mixture> 1 <Weight> 0.148465
<Mean>
681.652527 -142.391815 48.472485 226.248276 -90.662506 7.437721 87.597122 -38.774792 -10.962013 
<Inverted_Deviation>
0.003018 0.004749 0.009496 0.002953 0.005534 0.010309 0.007534 0.009886 0.011433 
<LogVarVal> 50.533936
<Mixture> 2 <Weight> 0.678087
<Mean>
2228.700439 -19.529133 -11.803345 11.524300 8.619741 2.332927 -13.301696 -10.412934 -1.544640 
<Inverted_Deviation>
0.005574 0.008773 0.019849 0.009974 0.011844 0.027712 0.016438 0.021666 0.036327 
<LogVarVal> 42.881577
<TransP>
-0.196463 -1.723906 -10000000000.000000 -10000000000.000000 -10000000000.000000 -10000000000.000000 
-10000000000.000000 -0.046211 -3.097549 -10000000000.000000 -10000000000.000000 -10000000000.000000 
-10000000000.000000 -10000000000.000000 -0.070866 -2.682187 -10000000000.000000 -10000000000.000000 
-10000000000.000000 -10000000000.000000 -10000000000.000000 -0.054129 -2.943319 -10000000000.000000 
-10000000000.000000 -10000000000.000000 -10000000000.000000 -10000000000.000000 -0.271776 -1.435591 
-10000000000.000000 -10000000000.000000 -10000000000.000000 -10000000000.000000 -10000000000.000000 0.000000 
<EndEmbeddedHMM>
<BeginEmbeddedHMM>
<NumStates> 3
<State> 0
<NumMixes> 3
<Mixture> 0 <Weight> 0.653737
<Mean>
87.579727 -32.967278 4.433777 27.763693 -6.577863 -1.199742 2.895051 1.094644 0.199164 
<Inverted_Deviation>
0.005595 0.011082 0.033558 0.016387 0.026296 0.038631 0.070711 0.068963 0.070563 
<LogVarVal> 37.212036
<Mixture> 1 <Weight> 0.096500
<Mean>
1084.093994 102.487732 37.617554 -32.864441 -32.860348 -9.192641 7.544775 2.968915 -3.524314 
<Inverted_Deviation>
0.002958 0.004306 0.009883 0.007587 0.011925 0.018187 0.039877 0.038104 0.031750 
<LogVarVal> 44.296116
<Mixture> 2 <Weight> 0.249763
<Mean>
2115.895996 73.020065 -19.969044 -30.156624 16.692085 4.446946 -1.299763 -1.706221 1.460147 
<Inverted_Deviation>
0.003960 0.004183 0.011884 0.012853 0.018096 0.019317 0.059158 0.048561 0.046443 
<LogVarVal> 41.827011
<State> 1
<NumMixes> 3
<Mixture> 0 <Weight> 0.330900
<Mean>
176.594238 0.352837 2.047291 -3.206438 -1.261604 0.127640 12.967795 -0.225011 -0.174818 
<Inverted_Deviation>
0.009315 0.028520 0.070711 0.009683 0.052258 0.070711 0.029382 0.070711 0.070711 
<LogVarVal> 35.097557
<Mixture> 1 <Weight> 0.362465
<Mean>
419.401642 -2.405598 -0.172132 3.722704 1.811883 0.397837 -5.934624 -0.041594 0.078939 
<Inverted_Deviation>
0.009333 0.017175 0.070711 0.011288 0.042721 0.070711 0.032582 0.070711 0.070711 
<LogVarVal> 35.547546
<Mixture> 2 <Weight> 0.306635
<Mean>
708.941711 2.509990 -3.435926 3.526412 -0.332096 0.269693 -2.904470 0.245624 -0.147936 
<Inverted_Deviation>
0.005716 0.016815 0.070711 0.019478 0.060344 0.070711 0.067172 0.070711 0.070711 
<LogVarVal> 34.444519
<State> 2
<NumMixes> 3
<Mixture> 0 <Weight> 0.134626
<Mean>
708.530029 -15.053315 -4.394683 49.793030 -25.951258 -5.039543 9.201342 0.706512 3.552629 
<Inverted_Deviation>
0.003476 0.003281 0.010364 0.004684 0.010949 0.015113 0.013979 0.021683 0.024374 
<LogVarVal> 46.987953
<Mixture> 1 <Weight> 0.771191
<Mean>
28.139500 13.547101 6.069416 15.939841 5.546121 0.186515 3.476222 -0.642075 -0.762596 
<Inverted_Deviation>
0.009812 0.012400 0.032934 0.018822 0.026226 0.038520 0.070099 0.066049 0.065381 
<LogVarVal> 36.551800
<Mixture> 2 <Weight> 0.094183
<Mean>
1515.432617 -77.765602 -26.451590 2.673900 -2.090155 4.090677 -3.157761 -1.011451 2.408094 
<Inverted_Deviation>
0.004467 0.005755 0.014886 0.008715 0.014277 0.023292 0.035013 0.030952 0.037808 
<LogVarVal> 42.781479
<TransP>
-0.102526 -2.328461 -10000000000.000000 
-10000000000.000000 -0.022365 -3.811398 
-10000000000.000000 -10000000000.000000 0.000000 
<EndEmbeddedHMM>
