<NumSuperStates> 5
<NumStates> 3 6 6 6 3 
<NumMixtures> 3 3 3 3 3 3 3 3 3 3 3 3 3 3 3 3 3 3 3 3 3 3 3 3 
<VecSize> 9
<BeginExternalHMM>
<NumStates> 5
<TransP>
-0.091434 -2.437504 -10000000000.000000 -10000000000.000000 -10000000000.000000 
-10000000000.000000 -0.053744 -2.950270 -10000000000.000000 -10000000000.000000 
-10000000000.000000 -10000000000.000000 -0.135545 -2.065455 -10000000000.000000 
-10000000000.000000 -10000000000.000000 -10000000000.000000 -0.034955 -3.371120 
-10000000000.000000 -10000000000.000000 -10000000000.000000 -10000000000.000000 0.000000 
<EndExternalHMM>
<BeginEmbeddedHMM>
<NumStates> 3
<State> 0
<NumMixes> 3
<Mixture> 0 <Weight> 0.335450
<Mean>
1099.102295 -7.479896 20.510563 -62.399349 33.476852 7.422795 10.630740 5.108989 -0.596584 
<Inverted_Deviation>
0.003748 0.006064 0.020333 0.006175 0.013819 0.025958 0.025430 0.029462 0.036974 
<LogVarVal> 43.252972
<Mixture> 1 <Weight> 0.378836
<Mean>
1652.920166 34.191063 -3.231400 -20.542038 -6.618063 -9.926078 -5.710595 -4.870798 0.293719 
<Inverted_Deviation>
0.004443 0.004419 0.020962 0.006632 0.015818 0.021282 0.035673 0.041549 0.037490 
<LogVarVal> 42.664772
<Mixture> 2 <Weight> 0.285714
<Mean>
2183.579590 29.506067 -16.571753 22.488771 -21.052662 4.880808 -5.213064 1.934040 0.686761 
<Inverted_Deviation>
0.003824 0.007425 0.021817 0.011482 0.017877 0.038110 0.046651 0.046240 0.067731 
<LogVarVal> 40.035397
<State> 1
<NumMixes> 3
<Mixture> 0 <Weight> 0.313620
<Mean>
1428.661621 26.830435 -0.076481 -8.363605 -0.913490 -0.250989 -3.040761 -0.435581 -0.050462 
<Inverted_Deviation>
0.004273 0.038717 0.070711 0.034958 0.070711 0.070711 0.070711 0.070711 0.070711 
<LogVarVal> 33.106670
<Mixture> 1 <Weight> 0.201472
<Mean>
908.879456 19.444901 -1.230623 -63.309586 4.339872 -0.172818 -4.935534 -0.540442 0.192673 
<Inverted_Deviation>
0.009655 0.036388 0.070711 0.019379 0.070711 0.070711 0.070711 0.070711 0.070711 
<LogVarVal> 32.943588
<Mixture> 2 <Weight> 0.484908
<Mean>
1115.169312 8.740287 -0.095627 -15.606483 0.942093 -0.043664 -2.193733 0.150383 -0.004943 
<Inverted_Deviation>
0.011860 0.060591 0.070711 0.031208 0.070711 0.070711 0.070711 0.070711 0.070711 
<LogVarVal> 31.751505
<State> 2
<NumMixes> 3
<Mixture> 0 <Weight> 0.339125
<Mean>
2383.793213 -70.547760 -28.010464 33.780277 25.875715 8.717710 -3.841893 -2.094775 1.262046 
<Inverted_Deviation>
0.003591 0.005988 0.014966 0.012579 0.015635 0.031984 0.058412 0.055666 0.048530 
<LogVarVal> 40.831139
<Mixture> 1 <Weight> 0.119691
<Mean>
1415.365112 -444.905029 48.123852 163.797470 -39.619041 -46.718513 6.960310 16.481358 -10.036631 
<Inverted_Deviation>
0.002624 0.006603 0.006652 0.013158 0.008818 0.010632 0.035174 0.027026 0.021933 
<LogVarVal> 45.510990
<Mixture> 2 <Weight> 0.541184
<Mean>
703.262085 -8.569957 11.687086 -10.664970 -17.680328 4.964642 6.703008 -2.375999 1.119142 
<Inverted_Deviation>
0.007111 0.011315 0.033937 0.014556 0.033322 0.045836 0.070711 0.070711 0.070711 
<LogVarVal> 36.623661
<TransP>
-0.056039 -2.909603 -10000000000.000000 
-10000000000.000000 -0.025601 -3.677897 
-10000000000.000000 -10000000000.000000 0.000000 
<EndEmbeddedHMM>
<BeginEmbeddedHMM>
<NumStates> 6
<State> 0
<NumMixes> 3
<Mixture> 0 <Weight> 0.352971
<Mean>
1485.369995 -0.249170 28.359175 -21.948145 24.161684 -1.535173 11.415067 -0.926541 -1.295286 
<Inverted_Deviation>
0.003494 0.004347 0.012632 0.007648 0.012921 0.020994 0.017623 0.026427 0.041332 
<LogVarVal> 44.561584
<Mixture> 1 <Weight> 0.164653
<Mean>
2505.454102 15.542260 -56.470776 -22.790728 -44.249664 -3.571637 -8.198703 0.471251 2.938018 
<Inverted_Deviation>
0.004287 0.003495 0.008820 0.010303 0.012634 0.014962 0.040393 0.041571 0.039072 
<LogVarVal> 43.771553
<Mixture> 2 <Weight> 0.482377
<Mean>
2058.268555 1.246633 -5.633370 -17.458464 -4.934373 3.398510 -4.053644 0.591529 -0.014242 
<Inverted_Deviation>
0.005153 0.004029 0.009924 0.008957 0.013551 0.019006 0.025938 0.030950 0.042993 
<LogVarVal> 43.800270
<State> 1
<NumMixes> 3
<Mixture> 0 <Weight> 0.430072
<Mean>
1766.016357 63.027489 0.734796 12.135354 -5.129112 -0.669133 -5.561995 -0.426588 -0.082791 
<Inverted_Deviation>
0.004476 0.016823 0.068999 0.011590 0.036675 0.070711 0.042753 0.070711 0.070711 
<LogVarVal> 36.182106
<Mixture> 1 <Weight> 0.337203
<Mean>
1359.636475 57.552166 1.903559 44.325981 2.797909 -0.447426 -2.315962 0.156921 0.036162 
<Inverted_Deviation>
0.006764 0.023004 0.070711 0.009045 0.045024 0.070711 0.033725 0.070711 0.070711 
<LogVarVal> 35.711861
<Mixture> 2 <Weight> 0.232725
<Mean>
995.693848 35.969135 5.052703 17.132538 1.479868 0.273428 14.491668 0.416035 -0.208487 
<Inverted_Deviation>
0.007210 0.020937 0.068612 0.007557 0.039175 0.070711 0.026023 0.061809 0.070711 
<LogVarVal> 36.484791
<State> 2
<NumMixes> 3
<Mixture> 0 <Weight> 0.277347
<Mean>
1254.661499 9.806239 -1.903566 0.667323 0.298252 0.209425 -4.315257 -0.050314 -0.011585 
<Inverted_Deviation>
0.012545 0.027739 0.070711 0.023638 0.070711 0.070711 0.070711 0.070711 0.070711 
<LogVarVal> 32.754456
<Mixture> 1 <Weight> 0.486649
<Mean>
1090.116333 1.342815 -0.408585 7.533390 1.843300 0.265984 -3.151629 -0.001596 0.047047 
<Inverted_Deviation>
0.014743 0.029190 0.070711 0.020744 0.070711 0.070711 0.070711 0.070711 0.070711 
<LogVarVal> 32.672668
<Mixture> 2 <Weight> 0.236003
<Mean>
900.789551 -8.500093 2.716681 1.884119 -2.105543 -0.486677 6.870389 0.545505 -0.026779 
<Inverted_Deviation>
0.010457 0.026889 0.070711 0.015638 0.051683 0.070711 0.055960 0.070711 0.070711 
<LogVarVal> 33.928207
<State> 3
<NumMixes> 3
<Mixture> 0 <Weight> 0.457386
<Mean>
739.703308 23.496374 2.725734 7.543777 -0.375825 -0.689676 2.568943 -0.788803 0.074808 
<Inverted_Deviation>
0.013885 0.028029 0.070711 0.017658 0.070711 0.070711 0.070711 0.070711 0.070711 
<LogVarVal> 32.934303
<Mixture> 1 <Weight> 0.116477
<Mean>
1117.231201 49.479450 -2.696570 -8.135709 -4.993690 0.546491 -2.441771 -0.403847 0.047331 
<Inverted_Deviation>
0.014926 0.043495 0.070711 0.019484 0.070711 0.070711 0.070711 0.070711 0.070711 
<LogVarVal> 32.324142
<Mixture> 2 <Weight> 0.426136
<Mean>
942.201050 37.883980 -1.248011 17.589861 -4.593593 0.033680 -0.164732 0.002505 0.054306 
<Inverted_Deviation>
0.013299 0.035820 0.070711 0.016960 0.070711 0.070711 0.070711 0.070711 0.070711 
<LogVarVal> 32.772434
<State> 4
<NumMixes> 3
<Mixture> 0 <Weight> 0.325059
<Mean>
972.177490 -12.876622 -2.577975 14.055096 4.259389 -1.238704 -5.870250 0.301397 -0.108825 
<Inverted_Deviation>
0.013137 0.030639 0.070711 0.016678 0.055662 0.070711 0.070711 0.070711 0.070711 
<LogVarVal> 33.197037
<Mixture> 1 <Weight> 0.366824
<Mean>
806.849976 -18.666349 0.010617 17.239332 -0.786332 -0.199772 -4.232870 0.200239 0.289761 
<Inverted_Deviation>
0.013662 0.029240 0.070711 0.010347 0.052778 0.070711 0.048098 0.070711 0.070711 
<LogVarVal> 34.120483
<Mixture> 2 <Weight> 0.308117
<Mean>
606.782593 -3.554667 3.288006 0.594531 3.027063 0.493878 18.827812 0.513386 -0.674871 
<Inverted_Deviation>
0.011559 0.020913 0.054884 0.010002 0.032789 0.070711 0.031798 0.054256 0.070711 
<LogVarVal> 36.064930
<State> 5
<NumMixes> 3
<Mixture> 0 <Weight> 0.547297
<Mean>
798.027283 15.388736 24.246595 -9.434385 -6.258137 4.555369 1.471138 -1.905221 0.631945 
<Inverted_Deviation>
0.005702 0.005748 0.010760 0.023147 0.021908 0.029755 0.070711 0.070054 0.068811 
<LogVarVal> 39.094620
<Mixture> 1 <Weight> 0.268018
<Mean>
2179.377930 -66.286270 -34.656178 25.031294 9.976152 4.952061 -0.380252 -0.242575 0.359222 
<Inverted_Deviation>
0.004275 0.007220 0.013028 0.022253 0.025330 0.041532 0.068129 0.069770 0.070711 
<LogVarVal> 38.538212
<Mixture> 2 <Weight> 0.184685
<Mean>
1438.325806 -489.778717 -2.308234 41.801193 -9.525970 -15.871378 2.710069 3.838106 -1.231121 
<Inverted_Deviation>
0.002902 0.007483 0.004578 0.010965 0.014564 0.014785 0.036932 0.040098 0.033325 
<LogVarVal> 44.148056
<TransP>
-0.090588 -2.446383 -10000000000.000000 -10000000000.000000 -10000000000.000000 -10000000000.000000 
-10000000000.000000 -0.099909 -2.353035 -10000000000.000000 -10000000000.000000 -10000000000.000000 
-10000000000.000000 -10000000000.000000 -0.050644 -3.008155 -10000000000.000000 -10000000000.000000 
-10000000000.000000 -10000000000.000000 -10000000000.000000 -0.130290 -2.102431 -10000000000.000000 
-10000000000.000000 -10000000000.000000 -10000000000.000000 -10000000000.000000 -0.070176 -2.691637 
-10000000000.000000 -10000000000.000000 -10000000000.000000 -10000000000.000000 -10000000000.000000 0.000000 
<EndEmbeddedHMM>
<BeginEmbeddedHMM>
<NumStates> 6
<State> 0
<NumMixes> 3
<Mixture> 0 <Weight> 0.340970
<Mean>
2716.195068 35.349388 -44.892288 -31.896372 -15.330185 -3.557758 -6.160666 -1.737357 1.760737 
<Inverted_Deviation>
0.005007 0.004576 0.009882 0.010104 0.011900 0.018852 0.022030 0.019810 0.037001 
<LogVarVal> 44.482895
<Mixture> 1 <Weight> 0.420485
<Mean>
2287.951416 15.396749 6.591720 -25.478571 -1.629105 4.266657 -1.579012 0.571566 -0.903061 
<Inverted_Deviation>
0.005211 0.003726 0.008564 0.008232 0.012158 0.017377 0.017585 0.022828 0.031651 
<LogVarVal> 45.296513
<Mixture> 2 <Weight> 0.238544
<Mean>
1694.193726 32.805176 19.943298 -54.001492 7.437159 0.098770 7.526433 1.239633 -0.627881 
<Inverted_Deviation>
0.003320 0.005352 0.014384 0.006131 0.010170 0.025630 0.013031 0.023878 0.045085 
<LogVarVal> 44.852341
<State> 1
<NumMixes> 3
<Mixture> 0 <Weight> 0.321934
<Mean>
1406.755371 54.161449 2.497657 -8.566475 4.215478 0.029405 0.365338 -0.191081 0.050327 
<Inverted_Deviation>
0.007039 0.034715 0.070711 0.017097 0.070711 0.070711 0.036897 0.070711 0.070711 
<LogVarVal> 34.082432
<Mixture> 1 <Weight> 0.430425
<Mean>
1883.605347 74.557816 2.887487 11.878905 1.538219 -0.338554 1.238212 -0.199989 -0.166554 
<Inverted_Deviation>
0.003376 0.026688 0.070711 0.020873 0.052600 0.070711 0.067589 0.070711 0.070711 
<LogVarVal> 34.571339
<Mixture> 2 <Weight> 0.247642
<Mean>
1094.209229 29.263954 3.672022 -28.576649 3.465025 -0.576432 3.050898 -1.495458 -0.069553 
<Inverted_Deviation>
0.006955 0.033636 0.070711 0.014841 0.046159 0.070711 0.033615 0.070711 0.070711 
<LogVarVal> 34.787209
<State> 2
<NumMixes> 3
<Mixture> 0 <Weight> 0.538840
<Mean>
1409.076172 -6.386030 -1.980729 -40.043930 -1.193734 0.044544 -1.563238 -0.123266 0.015125 
<Inverted_Deviation>
0.009722 0.019787 0.070711 0.031099 0.070711 0.070711 0.070711 0.070711 0.070711 
<LogVarVal> 33.072830
<Mixture> 1 <Weight> 0.116028
<Mean>
1639.427979 2.042542 -8.978975 -44.205959 -9.995852 1.082211 -3.721534 1.156602 0.141491 
<Inverted_Deviation>
0.007502 0.011736 0.053718 0.018601 0.031676 0.070711 0.066107 0.070711 0.070711 
<LogVarVal> 35.513676
<Mixture> 2 <Weight> 0.345133
<Mean>
1163.818359 -22.208853 2.406843 -42.672642 0.565352 0.492337 1.273803 1.018646 0.014696 
<Inverted_Deviation>
0.008480 0.028212 0.070711 0.021889 0.070711 0.070711 0.070711 0.070711 0.070711 
<LogVarVal> 33.206116
<State> 3
<NumMixes> 3
<Mixture> 0 <Weight> 0.275744
<Mean>
1270.423096 59.938309 0.455892 -7.098833 -0.761965 -0.915835 -1.431941 -0.166792 -0.068121 
<Inverted_Deviation>
0.008840 0.039353 0.070711 0.043008 0.070711 0.070711 0.070711 0.070711 0.070711 
<LogVarVal> 32.156292
<Mixture> 1 <Weight> 0.304348
<Mean>
862.874512 27.786894 0.566242 -32.878849 3.440339 0.496519 -0.645907 -1.259824 0.193478 
<Inverted_Deviation>
0.012082 0.067396 0.070711 0.027832 0.070711 0.070711 0.070711 0.070711 0.070711 
<LogVarVal> 31.741034
<Mixture> 2 <Weight> 0.419908
<Mean>
1035.739624 32.144253 2.085646 -13.392319 2.084569 -0.070445 -1.794523 0.018658 0.055500 
<Inverted_Deviation>
0.012579 0.038153 0.070711 0.037795 0.070711 0.070711 0.070711 0.070711 0.070711 
<LogVarVal> 31.963741
<State> 4
<NumMixes> 3
<Mixture> 0 <Weight> 0.300244
<Mean>
1067.907104 -19.281511 -0.015894 -8.606823 -1.402817 -0.601195 -4.724462 -0.070967 -0.146844 
<Inverted_Deviation>
0.010955 0.048551 0.070711 0.026077 0.070711 0.070711 0.070711 0.070711 0.070711 
<LogVarVal> 32.232101
<Mixture> 1 <Weight> 0.389748
<Mean>
901.680176 -12.075955 0.954616 -20.546780 -0.356844 0.045668 -4.321835 0.930109 0.138838 
<Inverted_Deviation>
0.014922 0.040915 0.070711 0.015865 0.070711 0.070711 0.044537 0.070711 0.070711 
<LogVarVal> 33.053383
<Mixture> 2 <Weight> 0.310008
<Mean>
724.937744 -3.549106 2.733260 -29.636614 -1.813158 0.385910 4.839181 -0.346708 -0.353709 
<Inverted_Deviation>
0.014432 0.033109 0.070711 0.013702 0.041078 0.070711 0.027844 0.070711 0.070711 
<LogVarVal> 34.457840
<State> 5
<NumMixes> 3
<Mixture> 0 <Weight> 0.336152
<Mean>
2207.832031 -61.395569 -15.997190 -7.530136 -0.399679 -1.098935 -1.256117 -1.030714 -0.776248 
<Inverted_Deviation>
0.003523 0.009783 0.033580 0.044580 0.057207 0.070711 0.070711 0.070711 0.070711 
<LogVarVal> 35.388828
<Mixture> 1 <Weight> 0.221987
<Mean>
1513.234253 -324.728149 2.258647 -9.021341 -8.216277 -2.935913 -0.297703 1.676798 1.254982 
<Inverted_Deviation>
0.003644 0.005032 0.004356 0.018759 0.028756 0.020098 0.050325 0.056040 0.042073 
<LogVarVal> 41.965546
<Mixture> 2 <Weight> 0.441860
<Mean>
1028.152954 -1.095615 15.049679 -22.059690 0.964367 2.384879 0.986591 -0.129655 0.060672 
<Inverted_Deviation>
0.005244 0.006023 0.007725 0.024675 0.027082 0.028865 0.070711 0.068710 0.070711 
<LogVarVal> 39.209621
<TransP>
-0.100580 -2.346669 -10000000000.000000 -10000000000.000000 -10000000000.000000 -10000000000.000000 
-10000000000.000000 -0.087440 -2.480201 -10000000000.000000 -10000000000.000000 -10000000000.000000 
-10000000000.000000 -10000000000.000000 -0.072370 -2.661932 -10000000000.000000 -10000000000.000000 
-10000000000.000000 -10000000000.000000 -10000000000.000000 -0.084726 -2.510401 -10000000000.000000 
-10000000000.000000 -10000000000.000000 -10000000000.000000 -10000000000.000000 -0.059506 -2.851276 
-10000000000.000000 -10000000000.000000 -10000000000.000000 -10000000000.000000 -10000000000.000000 0.000000 
<EndEmbeddedHMM>
<BeginEmbeddedHMM>
<NumStates> 6
<State> 0
<NumMixes> 3
<Mixture> 0 <Weight> 0.205059
<Mean>
2912.977783 58.772720 -19.320320 3.160374 -5.033553 -0.558874 -1.891599 -0.692888 -0.001089 
<Inverted_Deviation>
0.005178 0.006554 0.014332 0.018354 0.030535 0.035893 0.058407 0.070711 0.070711 
<LogVarVal> 38.640137
<Mixture> 1 <Weight> 0.294188
<Mean>
2342.306152 89.285660 -1.386780 10.518146 2.380245 -0.336729 0.258529 0.175528 -0.033699 
<Inverted_Deviation>
0.004772 0.007139 0.018729 0.023775 0.044678 0.069614 0.070711 0.070711 0.070711 
<LogVarVal> 36.875816
<Mixture> 2 <Weight> 0.500753
<Mean>
1895.126099 37.046261 4.754986 2.650880 0.043723 0.039786 -0.186467 0.039205 -0.061387 
<Inverted_Deviation>
0.005750 0.009307 0.036873 0.032578 0.057487 0.070711 0.070711 0.070711 0.070711 
<LogVarVal> 35.164047
<State> 1
<NumMixes> 3
<Mixture> 0 <Weight> 0.267458
<Mean>
1682.927124 27.758091 -1.847915 -10.367620 -1.681465 0.809300 -0.539202 0.504041 -0.029999 
<Inverted_Deviation>
0.011487 0.017874 0.070711 0.027837 0.063827 0.070711 0.070711 0.070711 0.070711 
<LogVarVal> 33.220966
<Mixture> 1 <Weight> 0.391750
<Mean>
1489.974609 23.304976 1.727122 -1.705083 -0.269084 -0.270198 -1.118073 0.059184 0.040226 
<Inverted_Deviation>
0.012414 0.019495 0.070711 0.032938 0.063264 0.070711 0.070711 0.070711 0.070711 
<LogVarVal> 32.897133
<Mixture> 2 <Weight> 0.340793
<Mean>
1279.939209 15.679607 2.095607 -5.449823 1.294944 0.094742 0.010451 0.015845 -0.184919 
<Inverted_Deviation>
0.008619 0.024930 0.070711 0.035604 0.070711 0.070711 0.070711 0.070711 0.070711 
<LogVarVal> 32.826984
<State> 2
<NumMixes> 3
<Mixture> 0 <Weight> 0.206455
<Mean>
1693.342773 19.709738 -18.244175 47.789223 -25.592892 -0.049581 -23.390053 -0.676110 1.456472 
<Inverted_Deviation>
0.004050 0.005790 0.015803 0.006189 0.011192 0.020390 0.020734 0.023468 0.031499 
<LogVarVal> 44.515862
<Mixture> 1 <Weight> 0.481253
<Mean>
1260.421997 48.612339 -0.059235 52.812595 -3.490867 -0.674958 -8.560818 -0.005891 0.858267 
<Inverted_Deviation>
0.006882 0.009900 0.029640 0.007169 0.019530 0.045209 0.021128 0.039858 0.068354 
<LogVarVal> 39.996799
<Mixture> 2 <Weight> 0.312292
<Mean>
913.503784 32.262737 6.808223 20.086344 17.225565 0.064167 24.265226 -0.756467 -2.243364 
<Inverted_Deviation>
0.006441 0.010749 0.033416 0.005570 0.018204 0.046298 0.016410 0.032525 0.063810 
<LogVarVal> 40.684559
<State> 3
<NumMixes> 3
<Mixture> 0 <Weight> 0.229046
<Mean>
1028.744141 32.419201 0.979800 17.060032 1.856345 -0.023088 -3.659052 -0.596866 0.092778 
<Inverted_Deviation>
0.010013 0.021986 0.070711 0.015301 0.053503 0.070711 0.058473 0.070711 0.070711 
<LogVarVal> 34.116142
<Mixture> 1 <Weight> 0.439378
<Mean>
620.820984 0.474560 2.108762 8.046533 -0.978670 0.081466 5.521204 0.065994 -0.134912 
<Inverted_Deviation>
0.009650 0.026877 0.070711 0.013695 0.055414 0.070711 0.037477 0.070711 0.070711 
<LogVarVal> 34.472824
<Mixture> 2 <Weight> 0.331576
<Mean>
802.636963 9.419382 1.043368 21.265694 2.113160 0.152906 -3.060804 0.537747 0.332152 
<Inverted_Deviation>
0.012654 0.021815 0.070711 0.013228 0.049437 0.070711 0.042028 0.070711 0.070711 
<LogVarVal> 34.444706
<State> 4
<NumMixes> 3
<Mixture> 0 <Weight> 0.618706
<Mean>
859.874451 -7.846214 0.532553 6.382132 0.098004 -0.046946 -0.378408 -0.061698 -0.022321 
<Inverted_Deviation>
0.014245 0.052759 0.070711 0.058205 0.070711 0.070711 0.070711 0.070711 0.070711 
<LogVarVal> 31.083363
<Mixture> 1 <Weight> 0.363488
<Mean>
1032.081299 -11.244793 0.759748 6.068751 0.044942 0.042856 -0.951718 -0.037579 0.024202 
<Inverted_Deviation>
0.010931 0.050633 0.070711 0.064261 0.070711 0.070711 0.070711 0.070711 0.070711 
<LogVarVal> 31.290323
<Mixture> 2 <Weight> 0.017806
<Mean>
488.460754 -17.510788 1.799940 49.623329 -0.520608 -0.640112 11.441459 2.435670 -0.148669 
<Inverted_Deviation>
0.008341 0.033171 0.070711 0.023323 0.048538 0.070711 0.049663 0.070711 0.070711 
<LogVarVal> 33.726776
<State> 5
<NumMixes> 3
<Mixture> 0 <Weight> 0.247517
<Mean>
1586.840332 -350.452850 2.065200 -22.084789 -0.556674 13.557242 0.247838 1.945698 -0.526492 
<Inverted_Deviation>
0.004172 0.007725 0.005249 0.026863 0.029088 0.026111 0.070711 0.070711 0.070711 
<LogVarVal> 39.491035
<Mixture> 1 <Weight> 0.310924
<Mean>
1118.537109 -65.477036 27.416044 -4.857069 11.779846 -6.310375 1.168075 -1.217682 0.327894 
<Inverted_Deviation>
0.005962 0.007027 0.009258 0.031749 0.030350 0.040445 0.070711 0.070711 0.070711 
<LogVarVal> 38.014133
<Mixture> 2 <Weight> 0.441558
<Mean>
2191.383301 -62.266865 -20.741255 -2.410320 -4.925287 -3.085436 -0.476703 -0.202545 0.027076 
<Inverted_Deviation>
0.004080 0.009732 0.017618 0.033930 0.040186 0.056158 0.070711 0.070711 0.070711 
<LogVarVal> 36.748798
<TransP>
-0.082178 -2.539677 -10000000000.000000 -10000000000.000000 -10000000000.000000 -10000000000.000000 
-10000000000.000000 -0.073258 -2.650173 -10000000000.000000 -10000000000.000000 -10000000000.000000 
-10000000000.000000 -10000000000.000000 -0.132786 -2.084676 -10000000000.000000 -10000000000.000000 
-10000000000.000000 -10000000000.000000 -10000000000.000000 -0.071557 -2.672832 -10000000000.000000 
-10000000000.000000 -10000000000.000000 -10000000000.000000 -10000000000.000000 -0.055114 -2.925785 
-10000000000.000000 -10000000000.000000 -10000000000.000000 -10000000000.000000 -10000000000.000000 0.000000 
<EndEmbeddedHMM>
<BeginEmbeddedHMM>
<NumStates> 3
<State> 0
<NumMixes> 3
<Mixture> 0 <Weight> 0.122943
<Mean>
2516.878662 25.317110 -24.271357 82.402832 26.672272 1.546947 -61.766533 -10.297460 2.676521 
<Inverted_Deviation>
0.002843 0.003266 0.006918 0.002878 0.007937 0.014074 0.006827 0.013307 0.021452 
<LogVarVal> 49.810963
<Mixture> 1 <Weight> 0.498548
<Mean>
1793.469360 19.660530 -4.297163 60.775745 10.089211 0.735149 1.121922 1.238437 -0.312944 
<Inverted_Deviation>
0.004035 0.008241 0.020876 0.006013 0.013387 0.026725 0.021355 0.033107 0.055148 
<LogVarVal> 42.533371
<Mixture> 2 <Weight> 0.378509
<Mean>
1190.936279 20.894489 5.222215 43.662140 -1.174404 -1.281956 5.263199 0.675100 -0.211389 
<Inverted_Deviation>
0.003268 0.006499 0.026639 0.006739 0.019776 0.035383 0.021434 0.045066 0.064084 
<LogVarVal> 41.491009
<State> 1
<NumMixes> 3
<Mixture> 0 <Weight> 0.156953
<Mean>
1051.897705 14.711978 -1.883527 16.775572 -5.733305 -0.539397 -3.036087 -0.432270 0.118878 
<Inverted_Deviation>
0.011193 0.016301 0.064705 0.019809 0.047453 0.070711 0.063363 0.070711 0.070711 
<LogVarVal> 34.174175
<Mixture> 1 <Weight> 0.584213
<Mean>
564.257813 0.930318 1.014627 8.544486 0.853944 0.046261 2.741890 0.000621 0.004135 
<Inverted_Deviation>
0.007561 0.033528 0.070711 0.020110 0.070711 0.070711 0.070711 0.070711 0.070711 
<LogVarVal> 33.232845
<Mixture> 2 <Weight> 0.258834
<Mean>
804.552063 11.330177 1.508135 18.765808 0.919353 0.212763 -0.203925 0.543621 0.170636 
<Inverted_Deviation>
0.009525 0.019081 0.070711 0.018913 0.068306 0.070711 0.070711 0.070711 0.070711 
<LogVarVal> 33.661617
<State> 2
<NumMixes> 3
<Mixture> 0 <Weight> 0.312329
<Mean>
979.422058 -227.331024 62.332981 -55.188766 61.695793 12.375172 27.529856 0.852881 -9.980079 
<Inverted_Deviation>
0.002394 0.004397 0.010720 0.005374 0.008483 0.008177 0.015144 0.015519 0.015624 
<LogVarVal> 48.465542
<Mixture> 1 <Weight> 0.049315
<Mean>
1274.985962 -26.810682 -11.963437 623.277161 -20.550877 -9.293096 -58.266453 2.326927 0.128134 
<Inverted_Deviation>
0.002203 0.009258 0.041034 0.005384 0.012034 0.067439 0.002878 0.027673 0.070711 
<LogVarVal> 43.572746
<Mixture> 2 <Weight> 0.638356
<Mean>
1975.213013 -92.667778 -29.105080 -26.020956 -25.679630 -4.946463 -4.554112 -0.737922 4.364534 
<Inverted_Deviation>
0.003606 0.006013 0.013777 0.011950 0.013124 0.018713 0.045130 0.034399 0.028468 
<LogVarVal> 42.940704
<TransP>
-0.048597 -3.048402 -10000000000.000000 
-10000000000.000000 -0.022744 -3.794801 
-10000000000.000000 -10000000000.000000 0.000000 
<EndEmbeddedHMM>
