<NumSuperStates> 5
<NumStates> 3 6 6 6 3 
<NumMixtures> 3 3 3 3 3 3 3 3 3 3 3 3 3 3 3 3 3 3 3 3 3 3 3 3 
<VecSize> 9
<BeginExternalHMM>
<NumStates> 5
<TransP>
-0.064958 -2.766319 -10000000000.000000 -10000000000.000000 -10000000000.000000 
-10000000000.000000 -0.069472 -2.701361 -10000000000.000000 -10000000000.000000 
-10000000000.000000 -10000000000.000000 -0.105361 -2.302585 -10000000000.000000 
-10000000000.000000 -10000000000.000000 -10000000000.000000 -0.037598 -3.299534 
-10000000000.000000 -10000000000.000000 -10000000000.000000 -10000000000.000000 0.000000 
<EndExternalHMM>
<BeginEmbeddedHMM>
<NumStates> 3
<State> 0
<NumMixes> 3
<Mixture> 0 <Weight> 0.665037
<Mean>
346.024261 -5.088631 7.118731 -17.132402 7.097996 2.792638 4.201370 1.344069 1.007242 
<Inverted_Deviation>
0.008258 0.014670 0.040439 0.020937 0.033887 0.040920 0.055266 0.068619 0.070711 
<LogVarVal> 36.048740
<Mixture> 1 <Weight> 0.120416
<Mean>
1409.029907 332.702759 -50.594414 57.792721 -50.529198 -29.015924 -4.630714 -5.899364 6.500718 
<Inverted_Deviation>
0.002509 0.002838 0.005475 0.008107 0.009953 0.008292 0.024141 0.023648 0.021985 
<LogVarVal> 47.714386
<Mixture> 2 <Weight> 0.214548
<Mean>
662.910278 57.157867 47.642868 -27.121141 27.671003 4.635021 -0.795115 -0.015235 -6.938843 
<Inverted_Deviation>
0.007028 0.003581 0.007760 0.006997 0.012249 0.017457 0.032334 0.038496 0.032051 
<LogVarVal> 44.141983
<State> 1
<NumMixes> 3
<Mixture> 0 <Weight> 0.539504
<Mean>
865.533020 1.795775 -1.407285 -32.077003 0.715297 -0.015113 -4.779809 0.087666 0.057177 
<Inverted_Deviation>
0.008853 0.034534 0.070711 0.030670 0.070711 0.070711 0.070711 0.070711 0.070711 
<LogVarVal> 32.623577
<Mixture> 1 <Weight> 0.328431
<Mean>
587.168945 15.365584 -0.987939 -71.305183 2.111459 0.403580 -4.070004 -0.868363 0.212094 
<Inverted_Deviation>
0.009008 0.027776 0.070711 0.019528 0.059439 0.070711 0.069680 0.070711 0.070711 
<LogVarVal> 33.463726
<Mixture> 2 <Weight> 0.132065
<Mean>
323.397034 22.558647 3.548455 -67.407806 -10.851678 0.969337 12.851512 -2.019841 -1.143411 
<Inverted_Deviation>
0.009105 0.029925 0.070711 0.016158 0.040565 0.070711 0.047894 0.070528 0.070711 
<LogVarVal> 34.327488
<State> 2
<NumMixes> 3
<Mixture> 0 <Weight> 0.614024
<Mean>
214.487259 -1.507286 0.997570 -15.271049 -0.596028 -0.136328 2.678103 0.285840 -0.007125 
<Inverted_Deviation>
0.008210 0.036460 0.070711 0.025187 0.069227 0.070711 0.070711 0.070711 0.070711 
<LogVarVal> 32.862831
<Mixture> 1 <Weight> 0.383977
<Mean>
452.368591 -5.595347 -0.036058 -15.366804 -0.342618 0.446807 -0.772361 -0.272606 0.341407 
<Inverted_Deviation>
0.008374 0.026860 0.070711 0.020958 0.054327 0.070711 0.070711 0.070711 0.070711 
<LogVarVal> 33.574749
<Mixture> 2 <Weight> 0.001999
<Mean>
1061.185913 -499.950012 155.268509 227.819000 -127.411720 -41.469280 15.034204 29.022388 -47.231586 
<Inverted_Deviation>
0.002510 0.005769 0.006060 0.024590 0.005032 0.005197 0.035474 0.017423 0.011566 
<LogVarVal> 47.505711
<TransP>
-0.102241 -2.331105 -10000000000.000000 
-10000000000.000000 -0.046932 -3.082429 
-10000000000.000000 -10000000000.000000 0.000000 
<EndEmbeddedHMM>
<BeginEmbeddedHMM>
<NumStates> 6
<State> 0
<NumMixes> 3
<Mixture> 0 <Weight> 0.070737
<Mean>
797.637878 371.131317 187.312241 16.865629 19.205313 -2.273136 3.319161 -9.889393 -8.566611 
<Inverted_Deviation>
0.003430 0.003708 0.005672 0.018340 0.010045 0.012654 0.034133 0.027686 0.031144 
<LogVarVal> 44.998520
<Mixture> 1 <Weight> 0.562919
<Mean>
436.482086 -19.081110 16.138166 -15.278486 8.138774 -0.283357 4.872859 0.840310 0.036315 
<Inverted_Deviation>
0.009248 0.010209 0.029568 0.021113 0.033401 0.053110 0.048466 0.061179 0.070711 
<LogVarVal> 36.602627
<Mixture> 2 <Weight> 0.366344
<Mean>
761.138184 -62.118584 -22.806896 -44.420429 -9.971419 4.343393 1.566870 2.113868 1.565789 
<Inverted_Deviation>
0.006296 0.006181 0.009570 0.008582 0.013238 0.020220 0.011394 0.019629 0.029474 
<LogVarVal> 44.867947
<State> 1
<NumMixes> 3
<Mixture> 0 <Weight> 0.382522
<Mean>
760.047913 0.712739 -0.284756 65.644356 -0.278226 -0.707934 6.077656 -0.997464 -0.077259 
<Inverted_Deviation>
0.011699 0.020488 0.070711 0.008056 0.034730 0.070711 0.012658 0.042238 0.070711 
<LogVarVal> 37.150299
<Mixture> 1 <Weight> 0.445840
<Mean>
901.199402 3.820434 -3.335353 -22.958759 -1.786034 -0.361236 -11.056638 0.799812 0.343147 
<Inverted_Deviation>
0.011496 0.027437 0.070711 0.007572 0.040078 0.070711 0.008041 0.047991 0.070711 
<LogVarVal> 37.120564
<Mixture> 2 <Weight> 0.171638
<Mean>
575.161133 19.165649 2.449893 -40.427654 -10.448512 1.389514 33.447350 -4.693089 -0.398595 
<Inverted_Deviation>
0.009214 0.023248 0.070711 0.006697 0.039227 0.070711 0.017725 0.063944 0.070711 
<LogVarVal> 36.574341
<State> 2
<NumMixes> 3
<Mixture> 0 <Weight> 0.190934
<Mean>
1091.700073 23.220268 -22.064238 -201.094330 19.851490 18.661989 -4.062948 -28.940224 -3.597336 
<Inverted_Deviation>
0.003733 0.005483 0.016340 0.005794 0.006458 0.014345 0.006420 0.008737 0.015439 
<LogVarVal> 48.459156
<Mixture> 1 <Weight> 0.289835
<Mean>
553.800903 -19.544617 10.869991 34.990643 -3.184484 -5.028337 34.909271 6.957670 -2.188894 
<Inverted_Deviation>
0.010400 0.011504 0.024221 0.008104 0.015420 0.027242 0.014919 0.025658 0.037959 
<LogVarVal> 41.632557
<Mixture> 2 <Weight> 0.519231
<Mean>
793.596558 -14.465700 2.497282 6.844709 -11.416382 -4.841710 3.789091 11.170900 2.019458 
<Inverted_Deviation>
0.009425 0.009889 0.024539 0.009022 0.013067 0.028789 0.011920 0.016431 0.036275 
<LogVarVal> 42.587761
<State> 3
<NumMixes> 3
<Mixture> 0 <Weight> 0.387907
<Mean>
722.266663 8.121921 1.477453 12.771120 0.323977 -0.237074 -10.130868 0.018127 0.217357 
<Inverted_Deviation>
0.011194 0.019784 0.070711 0.014733 0.054669 0.070711 0.046991 0.070711 0.070711 
<LogVarVal> 34.345074
<Mixture> 1 <Weight> 0.053838
<Mean>
478.953064 22.729107 4.943950 -13.629052 6.933421 0.302067 2.880267 -2.707637 -0.360151 
<Inverted_Deviation>
0.009499 0.015932 0.051416 0.015579 0.032160 0.070711 0.039401 0.063720 0.070711 
<LogVarVal> 35.799427
<Mixture> 2 <Weight> 0.558255
<Mean>
930.977234 0.213700 -2.268986 9.724735 -0.634172 0.094813 -5.914696 0.034328 -0.058736 
<Inverted_Deviation>
0.012079 0.025654 0.070711 0.029317 0.070711 0.070711 0.070711 0.070711 0.070711 
<LogVarVal> 32.655186
<State> 4
<NumMixes> 3
<Mixture> 0 <Weight> 0.411106
<Mean>
710.798035 -15.757115 -0.475862 -60.192314 1.254861 0.869536 -2.312743 3.008348 0.149448 
<Inverted_Deviation>
0.007962 0.032638 0.070711 0.014299 0.039529 0.070711 0.010715 0.042182 0.070711 
<LogVarVal> 36.534351
<Mixture> 1 <Weight> 0.279445
<Mean>
636.873352 3.633557 1.319752 90.380753 2.054758 -2.424723 -1.542817 -5.134157 0.226900 
<Inverted_Deviation>
0.011920 0.030514 0.070711 0.013093 0.030504 0.070711 0.012256 0.032603 0.070711 
<LogVarVal> 36.668568
<Mixture> 2 <Weight> 0.309449
<Mean>
456.218414 -5.335847 2.011487 -15.896878 7.349428 0.816083 19.720606 0.459181 -0.384213 
<Inverted_Deviation>
0.009209 0.030501 0.070711 0.010270 0.040945 0.070711 0.028317 0.070711 0.070711 
<LogVarVal> 35.263844
<State> 5
<NumMixes> 3
<Mixture> 0 <Weight> 0.166346
<Mean>
1295.541016 -285.805359 -14.925708 -89.206558 62.572819 -4.823770 -15.471184 15.123560 3.458328 
<Inverted_Deviation>
0.002905 0.003507 0.002617 0.004433 0.006719 0.007479 0.009310 0.011317 0.013159 
<LogVarVal> 51.397369
<Mixture> 1 <Weight> 0.580769
<Mean>
649.351135 7.856363 6.948634 -15.312547 -5.449543 0.817889 12.357207 -1.508937 -0.441865 
<Inverted_Deviation>
0.006074 0.008040 0.014536 0.010091 0.014998 0.027161 0.016148 0.023670 0.038251 
<LogVarVal> 42.844425
<Mixture> 2 <Weight> 0.252885
<Mean>
1074.593994 132.345398 -20.917177 -91.374207 -29.267923 3.907086 9.827196 -6.619863 -1.827756 
<Inverted_Deviation>
0.003254 0.003275 0.004792 0.005519 0.007024 0.008899 0.008854 0.011455 0.015057 
<LogVarVal> 50.213406
<TransP>
-0.117597 -2.198715 -10000000000.000000 -10000000000.000000 -10000000000.000000 -10000000000.000000 
-10000000000.000000 -0.081177 -2.551436 -10000000000.000000 -10000000000.000000 -10000000000.000000 
-10000000000.000000 -10000000000.000000 -0.228999 -1.586355 -10000000000.000000 -10000000000.000000 
-10000000000.000000 -10000000000.000000 -10000000000.000000 -0.042008 -3.190835 -10000000000.000000 
-10000000000.000000 -10000000000.000000 -10000000000.000000 -10000000000.000000 -0.069057 -2.707155 
-10000000000.000000 -10000000000.000000 -10000000000.000000 -10000000000.000000 -10000000000.000000 0.000000 
<EndEmbeddedHMM>
<BeginEmbeddedHMM>
<NumStates> 6
<State> 0
<NumMixes> 3
<Mixture> 0 <Weight> 0.612300
<Mean>
1078.255493 5.316576 -5.328335 -16.552706 -0.993519 -0.988217 -1.795256 0.035133 0.078176 
<Inverted_Deviation>
0.013503 0.014769 0.032578 0.027577 0.044017 0.063168 0.070711 0.070711 0.070711 
<LogVarVal> 34.518867
<Mixture> 1 <Weight> 0.147059
<Mean>
1234.737183 2.649958 -2.601538 -21.410742 0.383468 -0.438360 -1.983368 -0.448594 0.065248 
<Inverted_Deviation>
0.011470 0.018232 0.043706 0.029249 0.043733 0.070711 0.070711 0.070711 0.070711 
<LogVarVal> 34.012318
<Mixture> 2 <Weight> 0.240642
<Mean>
832.140320 -6.067519 19.720568 -25.829853 6.269860 2.094864 -1.046348 -0.244945 0.190070 
<Inverted_Deviation>
0.010139 0.005145 0.008249 0.015444 0.021188 0.028354 0.045482 0.047178 0.052002 
<LogVarVal> 40.498631
<State> 1
<NumMixes> 3
<Mixture> 0 <Weight> 0.417671
<Mean>
1015.302307 4.260595 1.950245 -27.116871 -0.746933 -0.223224 15.038521 -1.182863 0.005112 
<Inverted_Deviation>
0.011185 0.026620 0.070711 0.009433 0.043889 0.070711 0.018223 0.059571 0.070711 
<LogVarVal> 35.833324
<Mixture> 1 <Weight> 0.314859
<Mean>
1218.360962 -4.398276 -1.940512 31.332750 -2.807284 0.459217 -30.073824 1.205901 -0.158850 
<Inverted_Deviation>
0.010592 0.021725 0.054349 0.005617 0.022848 0.060197 0.008857 0.023497 0.059638 
<LogVarVal> 39.508446
<Mixture> 2 <Weight> 0.267470
<Mean>
770.959717 11.688132 3.205028 -76.051842 0.691262 0.601914 -3.058423 -1.282199 -0.109897 
<Inverted_Deviation>
0.005738 0.023769 0.061661 0.022351 0.046291 0.070711 0.023742 0.065963 0.070711 
<LogVarVal> 35.468502
<State> 2
<NumMixes> 3
<Mixture> 0 <Weight> 0.355307
<Mean>
1404.816040 -74.879349 -29.283184 -3.336344 -45.063709 12.889195 -27.532686 7.106983 2.985444 
<Inverted_Deviation>
0.004579 0.006789 0.010403 0.006173 0.010049 0.021104 0.008563 0.012741 0.022986 
<LogVarVal> 46.537861
<Mixture> 1 <Weight> 0.191061
<Mean>
1112.657715 318.260529 -3.090282 154.134216 41.230968 -57.950367 21.097784 -34.813587 -11.388569 
<Inverted_Deviation>
0.004185 0.004542 0.005053 0.006999 0.007215 0.011532 0.010208 0.011495 0.014891 
<LogVarVal> 48.923378
<Mixture> 2 <Weight> 0.453631
<Mean>
790.883423 -25.000349 25.762470 -28.932756 20.874750 14.098584 8.439361 10.600249 2.597006 
<Inverted_Deviation>
0.004851 0.006916 0.011575 0.010465 0.011463 0.018554 0.022785 0.023702 0.036227 
<LogVarVal> 43.769737
<State> 3
<NumMixes> 3
<Mixture> 0 <Weight> 0.266920
<Mean>
961.902161 9.469300 -11.951463 -22.141146 -5.114071 -1.973867 -3.540727 -1.353964 0.039300 
<Inverted_Deviation>
0.009255 0.013443 0.055580 0.034575 0.057221 0.070711 0.070711 0.070711 0.070711 
<LogVarVal> 33.855259
<Mixture> 1 <Weight> 0.314829
<Mean>
720.861328 16.465206 -3.504641 -23.759525 4.963302 0.883437 -0.352969 0.644518 0.410031 
<Inverted_Deviation>
0.012378 0.009579 0.040475 0.022968 0.044724 0.070670 0.070711 0.070711 0.070711 
<LogVarVal> 34.876457
<Mixture> 2 <Weight> 0.418251
<Mean>
542.940979 -6.380056 9.132104 -9.015396 -4.781116 0.111187 3.169806 -0.196170 -0.317976 
<Inverted_Deviation>
0.008909 0.012651 0.031592 0.022617 0.031280 0.040770 0.056524 0.061049 0.053962 
<LogVarVal> 36.739109
<State> 4
<NumMixes> 3
<Mixture> 0 <Weight> 0.111111
<Mean>
563.414978 -8.500751 4.198672 -101.368530 1.969268 1.575361 4.841515 2.610908 0.038446 
<Inverted_Deviation>
0.006624 0.021938 0.058261 0.014556 0.034705 0.070711 0.015055 0.044655 0.070711 
<LogVarVal> 37.024471
<Mixture> 1 <Weight> 0.555556
<Mean>
927.680908 -5.935382 0.159414 -8.231021 0.873054 0.375663 -0.783716 -0.296216 0.089381 
<Inverted_Deviation>
0.014535 0.037126 0.070711 0.025351 0.070711 0.070711 0.070711 0.070711 0.070711 
<LogVarVal> 32.245827
<Mixture> 2 <Weight> 0.333333
<Mean>
785.801392 -18.679623 -0.071692 -26.593298 1.010966 -0.070867 -3.915936 -0.227350 -0.056857 
<Inverted_Deviation>
0.014696 0.027139 0.070711 0.017502 0.059904 0.070711 0.038421 0.070711 0.070711 
<LogVarVal> 33.694439
<State> 5
<NumMixes> 3
<Mixture> 0 <Weight> 0.228148
<Mean>
1669.292725 -453.420898 26.892248 10.745826 -14.678122 0.832610 -21.248278 13.483291 -3.669699 
<Inverted_Deviation>
0.002830 0.004670 0.003619 0.004727 0.007332 0.010872 0.014198 0.015213 0.020503 
<LogVarVal> 49.125805
<Mixture> 1 <Weight> 0.250370
<Mean>
1721.495972 325.766907 -226.897812 43.459499 8.231706 -20.124363 -24.212507 -16.660658 4.308964 
<Inverted_Deviation>
0.002706 0.002499 0.002200 0.004013 0.006770 0.006768 0.012622 0.016046 0.012471 
<LogVarVal> 51.572491
<Mixture> 2 <Weight> 0.521481
<Mean>
1062.632202 -70.592583 56.180687 22.105307 3.651754 11.148407 7.932394 3.256224 -0.333114 
<Inverted_Deviation>
0.005259 0.003922 0.008652 0.007455 0.009097 0.015389 0.019651 0.021905 0.024431 
<LogVarVal> 45.925541
<TransP>
-0.069184 -2.705380 -10000000000.000000 -10000000000.000000 -10000000000.000000 -10000000000.000000 
-10000000000.000000 -0.083731 -2.521721 -10000000000.000000 -10000000000.000000 -10000000000.000000 
-10000000000.000000 -10000000000.000000 -0.118482 -2.191653 -10000000000.000000 -10000000000.000000 
-10000000000.000000 -10000000000.000000 -10000000000.000000 -0.079093 -2.576422 -10000000000.000000 
-10000000000.000000 -10000000000.000000 -10000000000.000000 -10000000000.000000 -0.061596 -2.817801 
-10000000000.000000 -10000000000.000000 -10000000000.000000 -10000000000.000000 -10000000000.000000 0.000000 
<EndEmbeddedHMM>
<BeginEmbeddedHMM>
<NumStates> 6
<State> 0
<NumMixes> 3
<Mixture> 0 <Weight> 0.268404
<Mean>
1617.327393 287.922058 15.196458 -66.679543 -33.696209 29.184708 -7.990741 -16.106104 -2.038977 
<Inverted_Deviation>
0.003779 0.004146 0.005383 0.004058 0.007441 0.010462 0.009976 0.013165 0.013642 
<LogVarVal> 49.639881
<Mixture> 1 <Weight> 0.464495
<Mean>
2243.445557 56.884445 -18.064148 -4.684072 17.278347 -5.149304 -9.583141 6.416021 -0.630592 
<Inverted_Deviation>
0.004510 0.008220 0.014911 0.009807 0.013909 0.023919 0.021762 0.024129 0.032284 
<LogVarVal> 43.177448
<Mixture> 2 <Weight> 0.267101
<Mean>
1004.588013 68.606812 38.048294 30.665537 -10.310855 -19.582823 15.767794 4.357835 2.609719 
<Inverted_Deviation>
0.002770 0.005861 0.011895 0.003942 0.007775 0.014207 0.012430 0.010539 0.017311 
<LogVarVal> 48.254917
<State> 1
<NumMixes> 3
<Mixture> 0 <Weight> 0.421234
<Mean>
1105.705811 6.863471 -0.886390 -0.782315 -0.527622 -0.033375 -1.237905 0.015237 0.065586 
<Inverted_Deviation>
0.012942 0.040048 0.070711 0.039101 0.070711 0.070711 0.070711 0.070711 0.070711 
<LogVarVal> 31.852821
<Mixture> 1 <Weight> 0.456843
<Mean>
928.799500 8.305037 -0.023357 4.333641 0.108887 0.033133 -0.273902 0.252949 -0.044917 
<Inverted_Deviation>
0.011799 0.038411 0.070711 0.034322 0.070711 0.070711 0.070711 0.070711 0.070711 
<LogVarVal> 32.117340
<Mixture> 2 <Weight> 0.121923
<Mean>
1393.791626 16.106548 0.330851 -6.490200 -1.200167 -0.183333 -0.825250 0.096053 0.100026 
<Inverted_Deviation>
0.006417 0.043388 0.070711 0.045203 0.070711 0.070711 0.070711 0.070711 0.070711 
<LogVarVal> 32.329247
<State> 2
<NumMixes> 3
<Mixture> 0 <Weight> 0.298904
<Mean>
965.327881 12.693833 -4.859118 0.404166 -4.810107 0.180307 -8.326181 0.243518 0.639408 
<Inverted_Deviation>
0.010154 0.017304 0.047130 0.008321 0.037381 0.070711 0.028642 0.070711 0.070711 
<LogVarVal> 36.428814
<Mixture> 1 <Weight> 0.564503
<Mean>
788.239929 17.256292 0.305593 22.905354 0.555732 -0.187679 -1.284465 -0.943870 0.107339 
<Inverted_Deviation>
0.014486 0.019359 0.052166 0.009384 0.030128 0.070711 0.026438 0.058057 0.070711 
<LogVarVal> 36.232410
<Mixture> 2 <Weight> 0.136594
<Mean>
545.927490 9.723563 4.949480 -30.698017 -0.415051 0.746571 56.640518 1.948074 -1.345056 
<Inverted_Deviation>
0.007554 0.011250 0.026797 0.005115 0.014005 0.026328 0.011162 0.022878 0.039432 
<LogVarVal> 42.830875
<State> 3
<NumMixes> 3
<Mixture> 0 <Weight> 0.347859
<Mean>
454.887024 -0.553697 2.908642 5.188389 1.174794 0.110158 10.900899 0.747183 -0.199233 
<Inverted_Deviation>
0.011311 0.026480 0.070711 0.011273 0.045233 0.070711 0.032075 0.070711 0.070711 
<LogVarVal> 34.882256
<Mixture> 1 <Weight> 0.619273
<Mean>
627.115601 7.675760 1.453207 8.544289 0.384744 -0.013745 -4.438344 -0.797653 0.108812 
<Inverted_Deviation>
0.014022 0.023390 0.070711 0.015882 0.056770 0.070711 0.056883 0.070711 0.070711 
<LogVarVal> 33.648537
<Mixture> 2 <Weight> 0.032869
<Mean>
851.159058 72.668648 -3.030792 -3.845245 0.919070 1.400108 -4.750987 -0.658673 0.040585 
<Inverted_Deviation>
0.011963 0.033067 0.070711 0.032875 0.070711 0.070711 0.070711 0.070711 0.070711 
<LogVarVal> 32.296432
<State> 4
<NumMixes> 3
<Mixture> 0 <Weight> 0.130640
<Mean>
694.692505 -56.984856 4.520437 12.149066 -2.509992 -1.628610 1.157463 1.270098 -0.198633 
<Inverted_Deviation>
0.010872 0.022436 0.044267 0.029456 0.048069 0.070711 0.070711 0.070711 0.070711 
<LogVarVal> 33.744068
<Mixture> 1 <Weight> 0.290288
<Mean>
1094.775757 -11.637073 -0.674728 0.271165 0.882186 -0.001587 -1.035393 -0.133865 0.129574 
<Inverted_Deviation>
0.008371 0.026583 0.070711 0.045750 0.070711 0.070711 0.070711 0.070711 0.070711 
<LogVarVal> 32.541306
<Mixture> 2 <Weight> 0.579072
<Mean>
884.565735 -15.246730 0.917278 4.540718 1.727064 -0.131805 -0.259508 -0.100811 0.018464 
<Inverted_Deviation>
0.013106 0.025218 0.070711 0.042199 0.070711 0.070711 0.070711 0.070711 0.070711 
<LogVarVal> 32.226460
<State> 5
<NumMixes> 3
<Mixture> 0 <Weight> 0.283273
<Mean>
1661.905273 -417.589691 34.212296 -67.170464 13.076167 17.381336 1.874185 3.104343 -3.001005 
<Inverted_Deviation>
0.003689 0.005153 0.004310 0.010757 0.011750 0.012241 0.025521 0.021574 0.023277 
<LogVarVal> 46.112415
<Mixture> 1 <Weight> 0.388489
<Mean>
1222.492310 -68.789070 18.712263 -23.688021 16.863997 -14.926104 4.789032 -3.336821 0.206683 
<Inverted_Deviation>
0.003907 0.002908 0.003837 0.016270 0.015735 0.019133 0.033601 0.036959 0.037924 
<LogVarVal> 44.289490
<Mixture> 2 <Weight> 0.328237
<Mean>
2414.901367 -108.705864 -72.586906 -53.970181 -16.499685 0.369305 -6.962160 1.791152 1.686058 
<Inverted_Deviation>
0.002552 0.004033 0.005340 0.008749 0.012525 0.015243 0.018042 0.022580 0.028658 
<LogVarVal> 46.528641
<TransP>
-0.194249 -1.734167 -10000000000.000000 -10000000000.000000 -10000000000.000000 -10000000000.000000 
-10000000000.000000 -0.045489 -3.112941 -10000000000.000000 -10000000000.000000 -10000000000.000000 
-10000000000.000000 -10000000000.000000 -0.121320 -2.169370 -10000000000.000000 -10000000000.000000 
-10000000000.000000 -10000000000.000000 -10000000000.000000 -0.069865 -2.695923 -10000000000.000000 
-10000000000.000000 -10000000000.000000 -10000000000.000000 -10000000000.000000 -0.059994 -2.843364 
-10000000000.000000 -10000000000.000000 -10000000000.000000 -10000000000.000000 -10000000000.000000 0.000000 
<EndEmbeddedHMM>
<BeginEmbeddedHMM>
<NumStates> 3
<State> 0
<NumMixes> 3
<Mixture> 0 <Weight> 0.215909
<Mean>
552.176453 178.361557 43.154079 310.620026 163.279999 12.024011 103.826447 23.834286 -29.477131 
<Inverted_Deviation>
0.003091 0.005802 0.015557 0.004223 0.008073 0.009217 0.010673 0.006119 0.008337 
<LogVarVal> 49.640137
<Mixture> 1 <Weight> 0.264205
<Mean>
1412.190063 265.266785 12.223525 300.180573 -72.598335 -23.540546 -61.240948 -47.073353 31.745619 
<Inverted_Deviation>
0.002916 0.005026 0.007261 0.002715 0.005241 0.008609 0.008180 0.005873 0.009362 
<LogVarVal> 51.736992
<Mixture> 2 <Weight> 0.519886
<Mean>
2253.475098 77.581749 -19.710066 47.047844 -12.003934 4.610052 -20.661522 11.791957 -4.057864 
<Inverted_Deviation>
0.003095 0.006349 0.012724 0.007154 0.011818 0.021873 0.017199 0.017294 0.033054 
<LogVarVal> 45.083488
<State> 1
<NumMixes> 3
<Mixture> 0 <Weight> 0.201212
<Mean>
272.300262 -30.760002 12.665671 41.691620 -6.689662 -1.544386 9.303321 0.645508 -1.559689 
<Inverted_Deviation>
0.004187 0.009639 0.033590 0.015390 0.023212 0.031361 0.045983 0.049207 0.054933 
<LogVarVal> 39.054588
<Mixture> 1 <Weight> 0.384242
<Mean>
936.172607 3.917614 2.604521 3.049720 -0.777013 0.397201 6.008837 -1.517086 -0.509741 
<Inverted_Deviation>
0.004827 0.009462 0.036210 0.006543 0.023023 0.060400 0.021039 0.052392 0.070711 
<LogVarVal> 39.530487
<Mixture> 2 <Weight> 0.414545
<Mean>
1379.559692 2.256545 -1.921099 -5.669942 3.044372 -0.055805 -21.639351 0.258419 0.413324 
<Inverted_Deviation>
0.005202 0.009835 0.025996 0.006081 0.037719 0.070711 0.019508 0.067121 0.070711 
<LogVarVal> 38.998207
<State> 2
<NumMixes> 3
<Mixture> 0 <Weight> 0.174784
<Mean>
1115.188477 -84.309746 10.227310 49.335938 -10.462628 -4.596602 -22.685165 12.748671 -3.665943 
<Inverted_Deviation>
0.003250 0.004377 0.008482 0.003222 0.008646 0.016154 0.008219 0.011192 0.018319 
<LogVarVal> 48.989014
<Mixture> 1 <Weight> 0.749804
<Mean>
660.021484 -2.663199 1.155441 6.811497 0.296190 0.467452 3.629484 -1.070058 0.282407 
<Inverted_Deviation>
0.004766 0.013112 0.026314 0.009397 0.020895 0.035292 0.020541 0.032505 0.056476 
<LogVarVal> 40.534767
<Mixture> 2 <Weight> 0.075412
<Mean>
2556.242676 -167.628540 -36.287361 36.221893 37.002617 6.917985 -50.565590 -14.967699 7.165607 
<Inverted_Deviation>
0.002325 0.003600 0.010593 0.002928 0.005966 0.011226 0.007063 0.010185 0.014772 
<LogVarVal> 50.589161
<TransP>
-0.156521 -1.931805 -10000000000.000000 
-10000000000.000000 -0.063812 -2.783558 
-10000000000.000000 -10000000000.000000 0.000000 
<EndEmbeddedHMM>
