<NumSuperStates> 5
<NumStates> 3 6 6 6 3 
<NumMixtures> 3 3 3 3 3 3 3 3 3 3 3 3 3 3 3 3 3 3 3 3 3 3 3 3 
<VecSize> 9
<BeginExternalHMM>
<NumStates> 5
<TransP>
-0.072321 -2.662588 -10000000000.000000 -10000000000.000000 -10000000000.000000 
-10000000000.000000 -0.084218 -2.516159 -10000000000.000000 -10000000000.000000 
-10000000000.000000 -10000000000.000000 -0.136576 -2.058388 -10000000000.000000 
-10000000000.000000 -10000000000.000000 -10000000000.000000 -0.030908 -3.492169 
-10000000000.000000 -10000000000.000000 -10000000000.000000 -10000000000.000000 0.000000 
<EndExternalHMM>
<BeginEmbeddedHMM>
<NumStates> 3
<State> 0
<NumMixes> 3
<Mixture> 0 <Weight> 0.206299
<Mean>
1458.342773 118.321922 -21.677515 21.722689 -13.172823 -1.871407 -1.808264 -0.647557 0.665127 
<Inverted_Deviation>
0.002226 0.004045 0.014372 0.011103 0.022360 0.032546 0.035294 0.046662 0.059468 
<LogVarVal> 41.969082
<Mixture> 1 <Weight> 0.602085
<Mean>
143.834824 -3.381041 6.828549 -20.835573 7.958432 0.676796 3.788548 0.543030 -0.110937 
<Inverted_Deviation>
0.005785 0.013208 0.045591 0.017468 0.049186 0.070711 0.070711 0.070711 0.070711 
<LogVarVal> 35.375019
<Mixture> 2 <Weight> 0.191616
<Mean>
632.401917 120.442108 20.790913 18.765261 10.931040 -0.130116 3.438352 -0.102745 -0.533651 
<Inverted_Deviation>
0.003833 0.004154 0.013417 0.009404 0.019682 0.031576 0.033962 0.041155 0.054592 
<LogVarVal> 42.041321
<State> 1
<NumMixes> 3
<Mixture> 0 <Weight> 0.308505
<Mean>
406.545654 1.389192 -0.461000 -41.309071 0.251992 0.031732 -2.407326 0.043452 0.088892 
<Inverted_Deviation>
0.008641 0.027901 0.070711 0.021104 0.070711 0.070711 0.070711 0.070711 0.070711 
<LogVarVal> 33.234879
<Mixture> 1 <Weight> 0.476683
<Mean>
666.919495 -0.299745 -0.855993 -24.943148 -0.304587 -0.179345 -1.889268 -0.015205 -0.016459 
<Inverted_Deviation>
0.008358 0.039979 0.070711 0.034413 0.070711 0.070711 0.070711 0.070711 0.070711 
<LogVarVal> 32.419506
<Mixture> 2 <Weight> 0.214813
<Mean>
1023.271667 -5.273221 -0.301848 -9.276555 -1.189641 -0.015878 -1.790043 -0.096739 0.008011 
<Inverted_Deviation>
0.004505 0.044918 0.070711 0.022550 0.070711 0.070711 0.070711 0.070711 0.070711 
<LogVarVal> 33.343670
<State> 2
<NumMixes> 3
<Mixture> 0 <Weight> 0.626541
<Mean>
173.164871 -2.091169 10.198396 -8.344792 -11.012101 2.319051 4.066836 -1.370345 0.211733 
<Inverted_Deviation>
0.004763 0.009007 0.028215 0.015567 0.032392 0.058569 0.052634 0.059535 0.070711 
<LogVarVal> 37.620422
<Mixture> 1 <Weight> 0.255079
<Mean>
2064.895996 -84.891197 -34.397594 41.064888 21.563395 4.856704 -3.405359 -0.911372 0.792469 
<Inverted_Deviation>
0.002222 0.004396 0.011135 0.011065 0.016126 0.030104 0.031627 0.033208 0.042270 
<LogVarVal> 43.342300
<Mixture> 2 <Weight> 0.118379
<Mean>
1062.744019 -431.532257 41.498314 117.722214 -13.928507 -22.639769 6.041346 8.451229 -3.131580 
<Inverted_Deviation>
0.002292 0.003736 0.006026 0.007577 0.009699 0.012694 0.014415 0.018890 0.020211 
<LogVarVal> 47.926445
<TransP>
-0.066193 -2.748101 -10000000000.000000 
-10000000000.000000 -0.023397 -3.766824 
-10000000000.000000 -10000000000.000000 0.000000 
<EndEmbeddedHMM>
<BeginEmbeddedHMM>
<NumStates> 6
<State> 0
<NumMixes> 3
<Mixture> 0 <Weight> 0.156794
<Mean>
1488.599121 296.431152 -40.931618 -13.471834 1.066425 1.619411 -2.127488 -1.354759 0.630147 
<Inverted_Deviation>
0.002059 0.002848 0.006612 0.013296 0.017972 0.023209 0.028492 0.036852 0.039830 
<LogVarVal> 44.401337
<Mixture> 1 <Weight> 0.438560
<Mean>
670.646301 14.154552 13.848994 -28.839926 -8.542827 2.698687 -0.932339 1.337729 0.149505 
<Inverted_Deviation>
0.004980 0.003892 0.010707 0.016609 0.023662 0.038537 0.049499 0.049351 0.063512 
<LogVarVal> 40.408318
<Mixture> 2 <Weight> 0.404646
<Mean>
247.673813 -22.187584 21.431023 -25.069523 9.311090 -1.372142 2.042643 0.309556 -0.274342 
<Inverted_Deviation>
0.004486 0.007636 0.024688 0.024236 0.035971 0.061808 0.070711 0.070711 0.070711 
<LogVarVal> 36.910645
<State> 1
<NumMixes> 3
<Mixture> 0 <Weight> 0.380115
<Mean>
338.741760 4.784030 2.635316 40.260891 -1.409632 -0.069988 14.123215 1.290335 -0.241246 
<Inverted_Deviation>
0.008484 0.022856 0.070711 0.009277 0.031714 0.070711 0.020348 0.044781 0.070711 
<LogVarVal> 36.778809
<Mixture> 1 <Weight> 0.395940
<Mean>
630.898193 26.844418 -0.072226 44.712238 -3.827067 -1.717735 -3.306003 -1.081966 -0.201943 
<Inverted_Deviation>
0.006268 0.015373 0.047826 0.008738 0.030889 0.069972 0.022819 0.045753 0.070711 
<LogVarVal> 37.829826
<Mixture> 2 <Weight> 0.223945
<Mean>
1271.028931 21.443480 -4.591399 0.468574 -4.727808 -0.130868 -4.369386 0.544774 0.509273 
<Inverted_Deviation>
0.004373 0.015428 0.041720 0.019081 0.035048 0.070711 0.045505 0.070711 0.070711 
<LogVarVal> 36.279385
<State> 2
<NumMixes> 3
<Mixture> 0 <Weight> 0.441106
<Mean>
620.088196 -1.758627 -0.710661 29.310631 0.627796 0.146192 -8.226470 0.011531 0.053033 
<Inverted_Deviation>
0.010430 0.041591 0.070711 0.016679 0.070711 0.070711 0.068470 0.070711 0.070711 
<LogVarVal> 32.914997
<Mixture> 1 <Weight> 0.353626
<Mean>
926.352295 -2.771075 -0.875635 37.226837 0.254859 0.113724 -10.093049 -0.168802 -0.078410 
<Inverted_Deviation>
0.007282 0.044875 0.070711 0.016689 0.070711 0.070711 0.058202 0.070711 0.070711 
<LogVarVal> 33.360115
<Mixture> 2 <Weight> 0.205267
<Mean>
422.517792 -4.876050 0.580333 11.052198 2.292967 0.255067 -6.960690 -0.542340 0.203553 
<Inverted_Deviation>
0.014791 0.032695 0.070711 0.017204 0.059981 0.070711 0.054853 0.070711 0.070711 
<LogVarVal> 33.161598
<State> 3
<NumMixes> 3
<Mixture> 0 <Weight> 0.543669
<Mean>
323.367706 6.420384 1.371668 -3.792334 -0.943580 0.065528 3.647744 -0.281651 0.038707 
<Inverted_Deviation>
0.010360 0.025583 0.070711 0.015571 0.070711 0.070711 0.053922 0.070711 0.070711 
<LogVarVal> 33.715286
<Mixture> 1 <Weight> 0.365851
<Mean>
523.831360 12.545713 -1.707179 30.567324 -0.027314 -0.239976 0.398887 -0.143493 0.039194 
<Inverted_Deviation>
0.010725 0.024482 0.070711 0.012161 0.070711 0.070711 0.069221 0.070711 0.070711 
<LogVarVal> 33.722050
<Mixture> 2 <Weight> 0.090480
<Mean>
818.487305 27.765356 -1.500702 71.681633 -6.722034 0.306548 -9.849368 0.289064 0.038288 
<Inverted_Deviation>
0.008459 0.032630 0.070711 0.014592 0.060688 0.070711 0.044024 0.070711 0.070711 
<LogVarVal> 34.095325
<State> 4
<NumMixes> 3
<Mixture> 0 <Weight> 0.152758
<Mean>
726.866455 -9.685575 -6.770973 41.846439 14.238523 -1.327005 -12.043710 -0.249288 0.488349 
<Inverted_Deviation>
0.007436 0.012943 0.041791 0.008700 0.026895 0.070711 0.024772 0.054325 0.070711 
<LogVarVal> 37.844261
<Mixture> 1 <Weight> 0.455559
<Mean>
199.515244 -0.296534 5.304419 9.230765 0.805969 -0.074456 16.202454 -0.220220 -0.496210 
<Inverted_Deviation>
0.009652 0.018124 0.060305 0.009505 0.039134 0.070711 0.027347 0.064567 0.070711 
<LogVarVal> 36.144920
<Mixture> 2 <Weight> 0.391683
<Mean>
428.041046 -6.869692 -0.530479 9.918121 0.833118 0.284902 -4.965507 -0.105989 0.221442 
<Inverted_Deviation>
0.009819 0.013409 0.050017 0.008044 0.032014 0.070711 0.019827 0.051057 0.070711 
<LogVarVal> 37.540119
<State> 5
<NumMixes> 3
<Mixture> 0 <Weight> 0.198374
<Mean>
2046.537354 -180.699692 -96.787941 -11.846406 -6.877337 -2.062742 0.035139 1.130094 1.310743 
<Inverted_Deviation>
0.001946 0.002868 0.005689 0.010192 0.014084 0.019775 0.022713 0.024814 0.029311 
<LogVarVal> 46.199970
<Mixture> 1 <Weight> 0.179070
<Mean>
1090.944092 -543.024475 65.996300 -12.157717 4.713944 6.926450 4.443875 1.745407 -3.229613 
<Inverted_Deviation>
0.002439 0.003039 0.004287 0.008231 0.012785 0.012587 0.017968 0.022547 0.019737 
<LogVarVal> 47.686901
<Mixture> 2 <Weight> 0.622555
<Mean>
348.241974 3.107152 18.159119 -7.135968 1.035801 -0.708026 1.989922 -0.790096 0.452422 
<Inverted_Deviation>
0.003649 0.005235 0.010547 0.013084 0.016203 0.023640 0.025877 0.026078 0.033963 
<LogVarVal> 43.456211
<TransP>
-0.128731 -2.113704 -10000000000.000000 -10000000000.000000 -10000000000.000000 -10000000000.000000 
-10000000000.000000 -0.086779 -2.487468 -10000000000.000000 -10000000000.000000 -10000000000.000000 
-10000000000.000000 -10000000000.000000 -0.071302 -2.676268 -10000000000.000000 -10000000000.000000 
-10000000000.000000 -10000000000.000000 -10000000000.000000 -0.060148 -2.840876 -10000000000.000000 
-10000000000.000000 -10000000000.000000 -10000000000.000000 -10000000000.000000 -0.077213 -2.599551 
-10000000000.000000 -10000000000.000000 -10000000000.000000 -10000000000.000000 -10000000000.000000 0.000000 
<EndEmbeddedHMM>
<BeginEmbeddedHMM>
<NumStates> 6
<State> 0
<NumMixes> 3
<Mixture> 0 <Weight> 0.420628
<Mean>
241.498032 -31.642525 18.662958 -2.539621 -6.738842 -1.212916 10.717527 0.858647 -0.775139 
<Inverted_Deviation>
0.003624 0.005717 0.012169 0.011368 0.017900 0.024429 0.019916 0.027126 0.034265 
<LogVarVal> 43.453602
<Mixture> 1 <Weight> 0.427419
<Mean>
1537.623291 48.643818 -21.923767 -6.975581 3.037467 -1.116630 -1.653651 0.480803 -0.187385 
<Inverted_Deviation>
0.002936 0.004853 0.009760 0.015132 0.021955 0.029259 0.032266 0.053491 0.056762 
<LogVarVal> 41.711651
<Mixture> 2 <Weight> 0.151952
<Mean>
963.674805 212.500015 31.911716 -35.570492 -5.452509 9.387513 4.791093 -2.153016 0.034358 
<Inverted_Deviation>
0.003763 0.002935 0.006101 0.008892 0.013912 0.019779 0.024948 0.029236 0.034209 
<LogVarVal> 45.183270
<State> 1
<NumMixes> 3
<Mixture> 0 <Weight> 0.521521
<Mean>
478.880646 1.343217 7.256577 -15.531364 1.418903 0.132161 7.695256 0.216298 -0.129698 
<Inverted_Deviation>
0.006225 0.009997 0.019084 0.007755 0.015111 0.026742 0.014290 0.022122 0.033351 
<LogVarVal> 42.928200
<Mixture> 1 <Weight> 0.355691
<Mean>
817.993347 15.851319 1.096564 -26.602228 -0.948099 -0.075332 -2.697734 -1.013831 -0.821463 
<Inverted_Deviation>
0.006248 0.006016 0.013040 0.005453 0.011452 0.018418 0.009326 0.016777 0.021620 
<LogVarVal> 45.952297
<Mixture> 2 <Weight> 0.122788
<Mean>
1433.310059 86.095657 -20.890182 11.085963 17.996805 -4.348283 -34.552361 1.337898 4.388081 
<Inverted_Deviation>
0.002066 0.003001 0.006239 0.003497 0.007003 0.008705 0.006770 0.011583 0.015597 
<LogVarVal> 51.194107
<State> 2
<NumMixes> 3
<Mixture> 0 <Weight> 0.195833
<Mean>
1072.886841 13.452257 -11.421166 -17.034462 -1.884010 -0.996052 -5.183572 0.621328 -0.037687 
<Inverted_Deviation>
0.005117 0.009447 0.028026 0.013975 0.026888 0.052509 0.032855 0.055292 0.070711 
<LogVarVal> 38.456539
<Mixture> 1 <Weight> 0.508333
<Mean>
734.796692 -3.035379 -7.878067 -30.879515 0.934184 -0.345329 -2.038755 -0.655579 0.686306 
<Inverted_Deviation>
0.008544 0.008893 0.023612 0.017017 0.031371 0.047173 0.037677 0.055555 0.070711 
<LogVarVal> 37.789867
<Mixture> 2 <Weight> 0.295833
<Mean>
477.520172 3.385005 16.097818 -39.599033 0.203604 2.603312 4.996871 -0.436522 -0.703872 
<Inverted_Deviation>
0.007158 0.007152 0.014786 0.012424 0.020075 0.028748 0.029339 0.035888 0.044132 
<LogVarVal> 41.067638
<State> 3
<NumMixes> 3
<Mixture> 0 <Weight> 0.228798
<Mean>
574.489014 4.192245 -3.901171 -39.060387 -0.839006 1.180729 -1.970141 0.112138 -0.190302 
<Inverted_Deviation>
0.009487 0.011635 0.026946 0.014205 0.023817 0.039514 0.026496 0.038539 0.052274 
<LogVarVal> 38.937447
<Mixture> 1 <Weight> 0.037745
<Mean>
871.369385 33.946888 -4.331974 0.090493 12.778200 -0.603325 -1.020963 -3.080654 -0.947273 
<Inverted_Deviation>
0.007763 0.011557 0.027737 0.010016 0.025196 0.036376 0.015479 0.030268 0.055919 
<LogVarVal> 40.203499
<Mixture> 2 <Weight> 0.733458
<Mean>
312.206055 1.427038 3.004529 -15.290342 0.479870 -0.327809 9.728907 0.100431 -0.070478 
<Inverted_Deviation>
0.006580 0.012407 0.027649 0.013122 0.029239 0.048006 0.030656 0.049370 0.070711 
<LogVarVal> 38.197277
<State> 4
<NumMixes> 3
<Mixture> 0 <Weight> 0.339576
<Mean>
863.389404 -5.574261 -1.441586 -10.596710 -0.459157 -0.183080 -2.129754 0.019543 0.080007 
<Inverted_Deviation>
0.007768 0.025103 0.070711 0.025281 0.070711 0.070711 0.070711 0.070711 0.070711 
<LogVarVal> 33.266415
<Mixture> 1 <Weight> 0.492108
<Mean>
597.544067 -3.607425 -0.325327 -31.959648 -0.388736 -0.181446 -2.511264 0.242047 -0.020271 
<Inverted_Deviation>
0.009262 0.021737 0.070711 0.017324 0.061874 0.070711 0.057750 0.070711 0.070711 
<LogVarVal> 33.948441
<Mixture> 2 <Weight> 0.168316
<Mean>
329.044830 -5.463602 4.869326 -63.253479 0.283136 0.582022 4.658742 -0.024431 0.007656 
<Inverted_Deviation>
0.007499 0.014769 0.039538 0.018378 0.041011 0.065245 0.038055 0.070581 0.070711 
<LogVarVal> 35.979000
<State> 5
<NumMixes> 3
<Mixture> 0 <Weight> 0.618679
<Mean>
565.132385 -11.006140 21.404909 -51.101372 4.906750 0.272960 5.143999 -1.176003 -0.516822 
<Inverted_Deviation>
0.002974 0.003990 0.006844 0.007378 0.010091 0.012783 0.014832 0.016838 0.019795 
<LogVarVal> 47.559868
<Mixture> 1 <Weight> 0.211256
<Mean>
1433.386475 -385.100250 -7.307951 -43.475674 -10.256500 3.759596 -11.195410 10.737923 3.695107 
<Inverted_Deviation>
0.002488 0.002490 0.004148 0.004358 0.006896 0.007101 0.010053 0.012345 0.011814 
<LogVarVal> 51.421215
<Mixture> 2 <Weight> 0.170065
<Mean>
2345.886963 -86.023567 -52.631535 -17.565853 -12.560340 -5.669853 -9.362200 -8.341766 -2.136873 
<Inverted_Deviation>
0.002861 0.004607 0.007183 0.008771 0.009347 0.015657 0.017532 0.017568 0.022245 
<LogVarVal> 46.780754
<TransP>
-0.150408 -1.968663 -10000000000.000000 -10000000000.000000 -10000000000.000000 -10000000000.000000 
-10000000000.000000 -0.090884 -2.443272 -10000000000.000000 -10000000000.000000 -10000000000.000000 
-10000000000.000000 -10000000000.000000 -0.133099 -2.082477 -10000000000.000000 -10000000000.000000 
-10000000000.000000 -10000000000.000000 -10000000000.000000 -0.079751 -2.568450 -10000000000.000000 
-10000000000.000000 -10000000000.000000 -10000000000.000000 -10000000000.000000 -0.039522 -3.250587 
-10000000000.000000 -10000000000.000000 -10000000000.000000 -10000000000.000000 -10000000000.000000 0.000000 
<EndEmbeddedHMM>
<BeginEmbeddedHMM>
<NumStates> 6
<State> 0
<NumMixes> 3
<Mixture> 0 <Weight> 0.373472
<Mean>
1363.106567 139.438248 15.765407 -35.200596 -11.397346 4.533168 0.431168 -2.303448 -2.067531 
<Inverted_Deviation>
0.004486 0.003911 0.008406 0.009306 0.015540 0.020064 0.024867 0.029017 0.036392 
<LogVarVal> 44.178703
<Mixture> 1 <Weight> 0.295295
<Mean>
2055.960205 85.279541 -33.293453 -23.257809 18.809080 -2.035505 -5.718587 0.509298 2.255671 
<Inverted_Deviation>
0.003359 0.005010 0.010707 0.011156 0.017419 0.024819 0.028972 0.035468 0.043644 
<LogVarVal> 42.935001
<Mixture> 2 <Weight> 0.331234
<Mean>
856.744873 8.460793 21.271843 -23.460354 -5.572776 -2.179651 2.747258 2.090321 0.290593 
<Inverted_Deviation>
0.003899 0.005891 0.013185 0.012038 0.020360 0.032962 0.028844 0.040888 0.056221 
<LogVarVal> 41.508728
<State> 1
<NumMixes> 3
<Mixture> 0 <Weight> 0.451359
<Mean>
866.345276 17.427570 0.376187 -0.713627 -0.553277 -0.087346 -0.666708 0.108881 0.036804 
<Inverted_Deviation>
0.009425 0.033157 0.070711 0.051430 0.070711 0.070711 0.070711 0.070711 0.070711 
<LogVarVal> 32.084641
<Mixture> 1 <Weight> 0.177961
<Mean>
1225.797607 17.943251 -0.958244 0.715451 0.043595 -0.062804 -0.240216 0.003160 -0.029610 
<Inverted_Deviation>
0.005940 0.019303 0.047708 0.050095 0.070711 0.070711 0.070711 0.070711 0.070711 
<LogVarVal> 33.507160
<Mixture> 2 <Weight> 0.370680
<Mean>
630.341125 14.131916 0.531514 1.993564 -0.117357 -0.082800 -0.623261 0.107889 -0.036832 
<Inverted_Deviation>
0.009084 0.039081 0.070711 0.038342 0.070711 0.070711 0.070711 0.070711 0.070711 
<LogVarVal> 32.250835
<State> 2
<NumMixes> 3
<Mixture> 0 <Weight> 0.280896
<Mean>
907.788635 14.362601 -6.671991 1.375351 1.058175 1.364351 -11.645098 0.109043 0.741489 
<Inverted_Deviation>
0.004793 0.008322 0.023653 0.008571 0.017150 0.031357 0.020474 0.032388 0.047585 
<LogVarVal> 41.676239
<Mixture> 1 <Weight> 0.326184
<Mean>
338.960480 14.766590 4.235957 8.642839 3.457942 -0.271786 6.083512 -0.648096 -0.504849 
<Inverted_Deviation>
0.010806 0.017023 0.059411 0.007681 0.030544 0.070711 0.019773 0.046289 0.070711 
<LogVarVal> 37.227543
<Mixture> 2 <Weight> 0.392920
<Mean>
563.273254 16.106775 2.004050 44.683132 -3.921981 -0.915953 -7.417113 -0.593184 0.073307 
<Inverted_Deviation>
0.009056 0.012934 0.039922 0.007948 0.021890 0.048980 0.021295 0.038567 0.067433 
<LogVarVal> 38.898392
<State> 3
<NumMixes> 3
<Mixture> 0 <Weight> 0.548618
<Mean>
230.247208 -2.908468 1.837063 5.910370 -1.771426 0.161632 9.835279 0.329474 -0.171499 
<Inverted_Deviation>
0.009791 0.029960 0.070711 0.011848 0.053902 0.070711 0.030830 0.070711 0.070711 
<LogVarVal> 34.717537
<Mixture> 1 <Weight> 0.339185
<Mean>
459.484070 -13.195682 0.481970 1.216606 1.072076 0.010008 -2.191838 0.561426 0.109661 
<Inverted_Deviation>
0.009850 0.020429 0.070711 0.013455 0.045340 0.070711 0.055700 0.070711 0.070711 
<LogVarVal> 34.548832
<Mixture> 2 <Weight> 0.112196
<Mean>
755.283997 -7.671268 -2.871974 19.935921 3.693209 -0.193955 -8.215508 -0.325053 0.522795 
<Inverted_Deviation>
0.006999 0.017651 0.054421 0.010193 0.032702 0.070711 0.049606 0.070711 0.070711 
<LogVarVal> 36.018791
<State> 4
<NumMixes> 3
<Mixture> 0 <Weight> 0.368582
<Mean>
676.242126 -11.332767 0.829872 3.452403 0.183162 -0.002826 -0.715377 -0.121741 -0.035567 
<Inverted_Deviation>
0.014753 0.032511 0.070711 0.036858 0.070711 0.070711 0.070711 0.070711 0.070711 
<LogVarVal> 31.989418
<Mixture> 1 <Weight> 0.305640
<Mean>
505.213318 -6.121416 0.659503 3.945839 0.052598 0.039421 -0.143876 -0.077494 -0.026578 
<Inverted_Deviation>
0.010894 0.044569 0.070711 0.040376 0.070711 0.070711 0.070711 0.070711 0.070711 
<LogVarVal> 31.886005
<Mixture> 2 <Weight> 0.325778
<Mean>
855.018127 -16.070791 0.485349 1.157452 0.253027 -0.045363 -1.112644 -0.112065 0.052878 
<Inverted_Deviation>
0.010154 0.025668 0.070711 0.045301 0.070711 0.070711 0.070711 0.070711 0.070711 
<LogVarVal> 32.393009
<State> 5
<NumMixes> 3
<Mixture> 0 <Weight> 0.278324
<Mean>
1618.536133 -272.931458 -3.066087 -38.064247 -3.484199 12.371501 -0.717386 6.375738 -0.534008 
<Inverted_Deviation>
0.003320 0.002610 0.004575 0.007841 0.012169 0.013321 0.022024 0.022931 0.022936 
<LogVarVal> 47.136349
<Mixture> 1 <Weight> 0.430395
<Mean>
883.970764 -43.797340 19.047285 -10.418887 9.174419 -4.071177 2.751761 -2.357507 0.378232 
<Inverted_Deviation>
0.002923 0.005319 0.008226 0.010598 0.015451 0.021442 0.022512 0.030584 0.039103 
<LogVarVal> 44.105423
<Mixture> 2 <Weight> 0.291281
<Mean>
2424.013184 -56.160778 -30.959183 -6.720227 -10.039339 -5.295919 -3.032265 -2.461280 -0.171543 
<Inverted_Deviation>
0.003068 0.005324 0.008440 0.014039 0.015873 0.024158 0.027096 0.032377 0.039563 
<LogVarVal> 43.348892
<TransP>
-0.186852 -1.769410 -10000000000.000000 -10000000000.000000 -10000000000.000000 -10000000000.000000 
-10000000000.000000 -0.049224 -3.035893 -10000000000.000000 -10000000000.000000 -10000000000.000000 
-10000000000.000000 -10000000000.000000 -0.116568 -2.207000 -10000000000.000000 -10000000000.000000 
-10000000000.000000 -10000000000.000000 -10000000000.000000 -0.089166 -2.461507 -10000000000.000000 
-10000000000.000000 -10000000000.000000 -10000000000.000000 -10000000000.000000 -0.056951 -2.893908 
-10000000000.000000 -10000000000.000000 -10000000000.000000 -10000000000.000000 -10000000000.000000 0.000000 
<EndEmbeddedHMM>
<BeginEmbeddedHMM>
<NumStates> 3
<State> 0
<NumMixes> 3
<Mixture> 0 <Weight> 0.273639
<Mean>
1255.443604 142.949493 8.876248 -24.048841 -19.116140 10.076194 -1.210138 -4.442241 -3.044180 
<Inverted_Deviation>
0.003811 0.004388 0.012099 0.006898 0.012356 0.014365 0.029448 0.023461 0.027590 
<LogVarVal> 45.045692
<Mixture> 1 <Weight> 0.507449
<Mean>
1983.882324 33.262955 -12.493046 -7.973627 8.752809 -2.241298 -3.240686 1.804601 1.037122 
<Inverted_Deviation>
0.003601 0.007421 0.018115 0.012616 0.017327 0.029331 0.037858 0.044612 0.042239 
<LogVarVal> 41.197742
<Mixture> 2 <Weight> 0.218912
<Mean>
623.228638 62.777344 15.088802 43.867561 -1.991079 -7.036979 5.494002 1.075790 1.150571 
<Inverted_Deviation>
0.002695 0.006918 0.016761 0.007592 0.012709 0.022929 0.026475 0.025368 0.029980 
<LogVarVal> 43.964436
<State> 1
<NumMixes> 3
<Mixture> 0 <Weight> 0.611488
<Mean>
439.645416 4.933654 0.454364 8.133016 0.254912 0.150324 -2.811617 0.039921 -0.052322 
<Inverted_Deviation>
0.007800 0.027125 0.070711 0.021502 0.052395 0.070711 0.053822 0.070711 0.070711 
<LogVarVal> 33.919445
<Mixture> 1 <Weight> 0.004251
<Mean>
1618.019409 150.994370 -23.071066 379.022766 -38.576229 -16.171688 -172.115860 24.429626 12.217903 
<Inverted_Deviation>
0.002138 0.003546 0.008662 0.002661 0.006832 0.013957 0.004576 0.007139 0.010188 
<LogVarVal> 51.792526
<Mixture> 2 <Weight> 0.384261
<Mean>
230.970200 2.050434 0.864642 5.662721 -0.958139 0.091858 2.803573 -0.193009 -0.009210 
<Inverted_Deviation>
0.010047 0.038300 0.070711 0.017335 0.069091 0.070711 0.055848 0.070711 0.070711 
<LogVarVal> 33.223217
<State> 2
<NumMixes> 3
<Mixture> 0 <Weight> 0.412309
<Mean>
523.716003 -71.764091 26.396286 41.990986 -6.505935 -1.047714 16.184299 -4.966818 -1.378074 
<Inverted_Deviation>
0.002613 0.004663 0.009169 0.004160 0.007968 0.014449 0.008877 0.014979 0.022029 
<LogVarVal> 48.450802
<Mixture> 1 <Weight> 0.274991
<Mean>
1534.084473 -215.986099 -10.900511 70.114731 11.940706 -3.237667 -17.173418 17.115696 3.095364 
<Inverted_Deviation>
0.002723 0.002621 0.006377 0.003107 0.006733 0.008192 0.008904 0.010729 0.011994 
<LogVarVal> 51.315464
<Mixture> 2 <Weight> 0.312700
<Mean>
2328.893555 -52.364319 -22.824594 13.216472 8.583591 2.105970 -14.557600 -9.458420 -1.041016 
<Inverted_Deviation>
0.003286 0.005839 0.011022 0.007972 0.009051 0.016029 0.015255 0.018117 0.025101 
<LogVarVal> 46.068916
<TransP>
-0.074131 -2.638753 -10000000000.000000 
-10000000000.000000 -0.021487 -3.851053 
-10000000000.000000 -10000000000.000000 0.000000 
<EndEmbeddedHMM>
