<NumSuperStates> 5
<NumStates> 3 6 6 6 3 
<NumMixtures> 3 3 3 3 3 3 3 3 3 3 3 3 3 3 3 3 3 3 3 3 3 3 3 3 
<VecSize> 9
<BeginExternalHMM>
<NumStates> 5
<TransP>
-0.054394 -2.938574 -10000000000.000000 -10000000000.000000 -10000000000.000000 
-10000000000.000000 -0.106610 -2.291412 -10000000000.000000 -10000000000.000000 
-10000000000.000000 -10000000000.000000 -0.071176 -2.677973 -10000000000.000000 
-10000000000.000000 -10000000000.000000 -10000000000.000000 -0.060219 -2.839728 
-10000000000.000000 -10000000000.000000 -10000000000.000000 -10000000000.000000 -0.000000 
<EndExternalHMM>
<BeginEmbeddedHMM>
<NumStates> 3
<State> 0
<NumMixes> 3
<Mixture> 0 <Weight> 0.055765
<Mean>
1218.000244 371.539581 79.301628 159.831192 74.872520 -34.859268 12.363690 -14.089160 -16.092634 
<Inverted_Deviation>
0.003161 0.006076 0.009083 0.012793 0.009574 0.008475 0.037620 0.021783 0.019606 
<LogVarVal> 45.529938
<Mixture> 1 <Weight> 0.052263
<Mean>
2113.979492 184.456055 -55.402588 101.857567 -65.092514 13.670380 -10.160896 2.693518 7.062101 
<Inverted_Deviation>
0.003164 0.004910 0.014902 0.009057 0.012976 0.020051 0.041136 0.033742 0.027111 
<LogVarVal> 43.575935
<Mixture> 2 <Weight> 0.891972
<Mean>
555.475159 11.122895 2.771474 4.639642 3.371948 0.775408 1.203944 0.154406 0.772273 
<Inverted_Deviation>
0.007432 0.025628 0.070711 0.039171 0.053602 0.067206 0.070711 0.070711 0.070711 
<LogVarVal> 33.179871
<State> 1
<NumMixes> 3
<Mixture> 0 <Weight> 0.173083
<Mean>
800.673645 -56.812035 5.180724 -82.738495 16.394712 4.361126 11.628595 3.943981 -0.739232 
<Inverted_Deviation>
0.004610 0.007775 0.037330 0.008759 0.015081 0.032997 0.019661 0.029178 0.045582 
<LogVarVal> 41.570633
<Mixture> 1 <Weight> 0.361065
<Mean>
1329.477661 1.004704 -4.818302 -43.643063 -1.406067 -1.406080 -4.679646 -1.008090 0.057220 
<Inverted_Deviation>
0.005376 0.009240 0.070711 0.007441 0.030888 0.070711 0.017449 0.057744 0.070711 
<LogVarVal> 38.286964
<Mixture> 2 <Weight> 0.465852
<Mean>
1705.858765 0.526040 -2.407781 -7.071382 -3.567529 -0.107475 -5.312125 0.205378 0.041831 
<Inverted_Deviation>
0.007213 0.022877 0.070711 0.016870 0.070711 0.070711 0.044710 0.070711 0.070711 
<LogVarVal> 34.296406
<State> 2
<NumMixes> 3
<Mixture> 0 <Weight> 0.754405
<Mean>
490.278748 13.827543 10.170844 -1.661572 -10.544858 3.249505 2.122060 -1.379264 0.417458 
<Inverted_Deviation>
0.005431 0.008864 0.034445 0.018417 0.034763 0.052446 0.070711 0.070711 0.070711 
<LogVarVal> 36.710155
<Mixture> 1 <Weight> 0.143539
<Mean>
1088.247803 -212.391464 53.755451 131.162430 -36.081745 -18.864676 17.424694 6.792864 -6.251784 
<Inverted_Deviation>
0.003318 0.002615 0.009447 0.006205 0.011274 0.015071 0.017014 0.025946 0.031623 
<LogVarVal> 46.410133
<Mixture> 2 <Weight> 0.102056
<Mean>
2064.844971 -211.101578 -66.219177 88.977837 60.516682 1.341162 -8.658792 -1.065301 5.095165 
<Inverted_Deviation>
0.002924 0.003673 0.010314 0.009726 0.013173 0.014040 0.038384 0.030974 0.029927 
<LogVarVal> 44.639229
<TransP>
-0.046879 -3.083528 -10000000000.000000 
-10000000000.000000 -0.028869 -3.559374 
-10000000000.000000 -10000000000.000000 0.000000 
<EndEmbeddedHMM>
<BeginEmbeddedHMM>
<NumStates> 6
<State> 0
<NumMixes> 3
<Mixture> 0 <Weight> 0.029598
<Mean>
1113.782715 -4.066434 4.908003 48.475723 -11.813901 -5.657385 -67.048042 -21.964161 7.880609 
<Inverted_Deviation>
0.004942 0.003426 0.005771 0.004043 0.005097 0.007459 0.005488 0.005476 0.006894 
<LogVarVal> 52.370647
<Mixture> 1 <Weight> 0.762156
<Mean>
511.405273 2.022980 5.124824 0.694315 6.248791 -0.821495 3.414701 -0.452550 0.096075 
<Inverted_Deviation>
0.013295 0.021105 0.066112 0.023365 0.040157 0.065471 0.048321 0.063453 0.070711 
<LogVarVal> 34.180420
<Mixture> 2 <Weight> 0.208245
<Mean>
723.498413 -3.939631 2.818106 -19.366724 0.391090 3.648116 -17.703197 2.339828 -0.100025 
<Inverted_Deviation>
0.008801 0.009586 0.017175 0.008206 0.015327 0.020445 0.014666 0.016041 0.020806 
<LogVarVal> 43.694321
<State> 1
<NumMixes> 3
<Mixture> 0 <Weight> 0.288312
<Mean>
1278.898438 -38.683304 -10.178484 44.536022 -4.375883 -1.768404 -44.500149 5.199307 1.068446 
<Inverted_Deviation>
0.007381 0.007311 0.013749 0.004550 0.018322 0.033543 0.007349 0.022845 0.044987 
<LogVarVal> 43.846233
<Mixture> 1 <Weight> 0.266667
<Mean>
734.632141 -60.087383 7.386300 -54.985909 6.749992 2.087501 17.382223 -0.509669 -1.434824 
<Inverted_Deviation>
0.006706 0.015549 0.038910 0.009081 0.020826 0.052631 0.011659 0.024181 0.053001 
<LogVarVal> 40.195217
<Mixture> 2 <Weight> 0.445022
<Mean>
1030.486694 -31.848814 2.427937 -40.895931 -0.532777 0.659313 18.870348 -1.933080 0.433282 
<Inverted_Deviation>
0.008499 0.009788 0.025614 0.005175 0.016566 0.036081 0.006235 0.020409 0.044429 
<LogVarVal> 42.979843
<State> 2
<NumMixes> 3
<Mixture> 0 <Weight> 0.162595
<Mean>
1089.890869 -32.612385 8.504567 353.828278 -13.358605 -20.404243 70.209198 52.095570 3.529375 
<Inverted_Deviation>
0.004339 0.009476 0.018942 0.005806 0.007189 0.017973 0.003354 0.008083 0.018861 
<LogVarVal> 47.806385
<Mixture> 1 <Weight> 0.120472
<Mean>
970.976196 86.746574 20.462013 -124.882088 -65.682922 25.979053 77.669418 -59.851849 -7.305405 
<Inverted_Deviation>
0.004005 0.004125 0.008521 0.004237 0.004734 0.008974 0.004537 0.006992 0.009730 
<LogVarVal> 51.448883
<Mixture> 2 <Weight> 0.716933
<Mean>
1613.218140 -5.346040 -7.319049 -5.421952 4.765000 0.969751 -12.858554 0.219698 -1.010107 
<Inverted_Deviation>
0.005100 0.012023 0.025647 0.012497 0.018444 0.038947 0.018709 0.027021 0.045097 
<LogVarVal> 40.823616
<State> 3
<NumMixes> 3
<Mixture> 0 <Weight> 0.533283
<Mean>
912.949890 -14.675669 4.062863 -71.262062 10.936623 5.392128 23.856964 18.731604 0.273378 
<Inverted_Deviation>
0.003593 0.007156 0.011410 0.005466 0.008773 0.016257 0.005123 0.010883 0.020580 
<LogVarVal> 47.935535
<Mixture> 1 <Weight> 0.244327
<Mean>
1178.401978 47.098988 2.069603 270.071136 21.220261 -15.941531 27.537474 -61.760143 -1.359787 
<Inverted_Deviation>
0.006204 0.008730 0.016084 0.005786 0.009466 0.022846 0.004830 0.011050 0.021867 
<LogVarVal> 46.357162
<Mixture> 2 <Weight> 0.222390
<Mean>
1418.799683 34.956089 -15.414856 93.851120 -48.382824 2.094005 -115.811844 14.563632 4.842051 
<Inverted_Deviation>
0.006268 0.008634 0.017578 0.004649 0.011530 0.024172 0.006957 0.013740 0.026458 
<LogVarVal> 45.460766
<State> 4
<NumMixes> 3
<Mixture> 0 <Weight> 0.335477
<Mean>
1248.474487 11.409598 -3.487853 -114.098518 3.605030 0.070520 -23.054289 1.338731 -0.099255 
<Inverted_Deviation>
0.006836 0.015022 0.029998 0.009037 0.020665 0.040401 0.011185 0.033447 0.065135 
<LogVarVal> 40.258606
<Mixture> 1 <Weight> 0.195070
<Mean>
1028.325195 27.557297 0.519149 230.133545 23.364178 -3.704839 -1.837522 -5.843255 -0.787607 
<Inverted_Deviation>
0.006654 0.013050 0.025139 0.006367 0.020330 0.041534 0.003888 0.020437 0.049102 
<LogVarVal> 42.773727
<Mixture> 2 <Weight> 0.469453
<Mean>
886.545776 30.296732 0.811531 -57.540169 0.285666 0.670563 38.634663 4.631003 -0.852752 
<Inverted_Deviation>
0.006011 0.015914 0.031949 0.006065 0.017189 0.044786 0.006525 0.020462 0.051044 
<LogVarVal> 42.020477
<State> 5
<NumMixes> 3
<Mixture> 0 <Weight> 0.206499
<Mean>
669.742065 113.076546 -15.329133 -31.799713 3.649673 5.864878 -4.877639 -4.535720 1.083637 
<Inverted_Deviation>
0.006244 0.009800 0.014394 0.011416 0.012577 0.017807 0.019438 0.016125 0.023153 
<LogVarVal> 43.804073
<Mixture> 1 <Weight> 0.005241
<Mean>
795.883301 -387.230316 189.482101 122.688721 -98.932945 25.023607 8.935585 3.282757 -14.056472 
<Inverted_Deviation>
0.005954 0.008369 0.010259 0.022945 0.019604 0.009957 0.031411 0.051936 0.029165 
<LogVarVal> 41.907143
<Mixture> 2 <Weight> 0.788260
<Mean>
355.768066 5.257646 8.985973 4.550971 -4.244406 -0.064021 2.356220 0.054293 0.169038 
<Inverted_Deviation>
0.010005 0.013738 0.028163 0.022485 0.028905 0.044824 0.041716 0.051261 0.070711 
<LogVarVal> 36.853718
<TransP>
-0.098805 -2.363606 -10000000000.000000 -10000000000.000000 -10000000000.000000 -10000000000.000000 
-10000000000.000000 -0.080187 -2.563219 -10000000000.000000 -10000000000.000000 -10000000000.000000 
-10000000000.000000 -10000000000.000000 -0.077939 -2.590548 -10000000000.000000 -10000000000.000000 
-10000000000.000000 -10000000000.000000 -10000000000.000000 -0.069696 -2.698265 -10000000000.000000 
-10000000000.000000 -10000000000.000000 -10000000000.000000 -10000000000.000000 -0.100253 -2.349769 
-10000000000.000000 -10000000000.000000 -10000000000.000000 -10000000000.000000 -10000000000.000000 0.000000 
<EndEmbeddedHMM>
<BeginEmbeddedHMM>
<NumStates> 6
<State> 0
<NumMixes> 3
<Mixture> 0 <Weight> 0.337612
<Mean>
977.651917 -96.272949 -4.920832 -63.459454 8.276832 1.197518 6.226584 1.819349 -0.033569 
<Inverted_Deviation>
0.005814 0.007190 0.020553 0.009614 0.016598 0.031019 0.021777 0.024557 0.040137 
<LogVarVal> 42.083794
<Mixture> 1 <Weight> 0.464698
<Mean>
489.518616 -41.775936 15.253396 -1.707395 4.891742 -0.751875 0.951831 0.008696 -0.108624 
<Inverted_Deviation>
0.007471 0.009386 0.028202 0.036552 0.048423 0.068546 0.070711 0.070711 0.070711 
<LogVarVal> 35.249538
<Mixture> 2 <Weight> 0.197689
<Mean>
1338.989502 -76.404152 -13.987644 -94.568291 2.993746 0.632891 -15.741766 2.448063 -0.472837 
<Inverted_Deviation>
0.007408 0.010570 0.024177 0.012977 0.020450 0.037834 0.026056 0.034006 0.060809 
<LogVarVal> 39.666241
<State> 1
<NumMixes> 3
<Mixture> 0 <Weight> 0.642560
<Mean>
1654.187378 -8.589871 -3.327273 -40.301395 -1.353173 -0.106844 -15.057240 0.038849 -0.647388 
<Inverted_Deviation>
0.007468 0.021146 0.070711 0.012003 0.035086 0.070711 0.023627 0.053169 0.070711 
<LogVarVal> 36.304344
<Mixture> 1 <Weight> 0.224246
<Mean>
1311.779419 -1.959174 2.379580 -216.360703 -11.101404 4.243210 9.611321 -14.951082 -0.432861 
<Inverted_Deviation>
0.005929 0.016100 0.060423 0.006007 0.013595 0.044722 0.004969 0.013589 0.036149 
<LogVarVal> 42.657818
<Mixture> 2 <Weight> 0.133195
<Mean>
1322.527832 -5.644219 -2.643620 293.397522 -14.911042 -8.446844 22.500362 14.732191 6.431806 
<Inverted_Deviation>
0.005950 0.012586 0.070711 0.006381 0.012406 0.049244 0.002942 0.010554 0.033414 
<LogVarVal> 43.533909
<State> 2
<NumMixes> 3
<Mixture> 0 <Weight> 0.618234
<Mean>
1612.537476 10.973378 -26.522369 -13.062740 -27.784767 1.298464 -18.048748 4.492796 -2.487751 
<Inverted_Deviation>
0.006782 0.007557 0.017391 0.008796 0.013326 0.022861 0.025454 0.030347 0.044810 
<LogVarVal> 42.183083
<Mixture> 1 <Weight> 0.193732
<Mean>
1058.048584 -232.429947 52.810577 -144.148102 72.590492 73.133919 31.258497 48.922359 2.532357 
<Inverted_Deviation>
0.004287 0.004727 0.005797 0.008503 0.005083 0.009809 0.012654 0.013404 0.013106 
<LogVarVal> 48.798645
<Mixture> 2 <Weight> 0.188034
<Mean>
1108.282715 284.653473 21.996874 154.366501 48.758465 -79.498375 26.035492 -57.512802 2.093157 
<Inverted_Deviation>
0.004273 0.005414 0.004981 0.005355 0.004726 0.009428 0.008359 0.010571 0.010697 
<LogVarVal> 50.248077
<State> 3
<NumMixes> 3
<Mixture> 0 <Weight> 0.273394
<Mean>
899.342102 126.887245 51.778519 -106.508125 -52.946617 38.824219 44.965927 -28.686998 -3.353272 
<Inverted_Deviation>
0.004867 0.004261 0.007960 0.006431 0.005800 0.012567 0.008802 0.013485 0.017905 
<LogVarVal> 48.403034
<Mixture> 1 <Weight> 0.469725
<Mean>
1379.461670 3.314758 -29.547443 11.492354 24.477116 7.858806 -40.821510 -3.063049 -0.054184 
<Inverted_Deviation>
0.006938 0.006020 0.015483 0.004881 0.009003 0.020623 0.012436 0.018189 0.033291 
<LogVarVal> 45.113270
<Mixture> 2 <Weight> 0.256881
<Mean>
1043.598145 -179.795853 17.365999 231.119293 -9.028538 -54.432545 15.371982 38.703156 4.039261 
<Inverted_Deviation>
0.004514 0.004601 0.008505 0.004446 0.005908 0.011993 0.005558 0.009661 0.012938 
<LogVarVal> 49.850899
<State> 4
<NumMixes> 3
<Mixture> 0 <Weight> 0.727342
<Mean>
1574.113770 4.752971 -3.493615 -27.536083 -2.516961 -0.258019 -10.669394 0.847399 -0.886265 
<Inverted_Deviation>
0.006250 0.019814 0.070711 0.014083 0.031418 0.070711 0.025196 0.043484 0.070711 
<LogVarVal> 36.634872
<Mixture> 1 <Weight> 0.090632
<Mean>
1242.310181 34.269405 -1.359562 345.931824 14.996909 -15.726821 -5.015113 -52.225433 9.777064 
<Inverted_Deviation>
0.005808 0.011931 0.056893 0.006852 0.008871 0.029648 0.003023 0.007880 0.022408 
<LogVarVal> 45.264729
<Mixture> 2 <Weight> 0.182026
<Mean>
1185.746582 -0.597190 4.716768 -192.610947 18.327217 10.526754 43.785133 24.419643 1.015472 
<Inverted_Deviation>
0.005776 0.010956 0.034763 0.005172 0.008813 0.026545 0.004207 0.009032 0.018843 
<LogVarVal> 45.952950
<State> 5
<NumMixes> 3
<Mixture> 0 <Weight> 0.600457
<Mean>
307.642761 36.050686 14.782502 -5.605017 -4.689352 -0.138717 0.460321 0.100873 -0.114462 
<Inverted_Deviation>
0.007911 0.010185 0.025241 0.039120 0.060960 0.070711 0.070711 0.070711 0.070711 
<LogVarVal> 34.892174
<Mixture> 1 <Weight> 0.160578
<Mean>
1228.316040 121.380142 -37.523930 -35.564442 -22.206745 -2.215093 -15.579819 -3.108838 -0.565940 
<Inverted_Deviation>
0.006398 0.009107 0.026431 0.012074 0.017431 0.025208 0.027747 0.023944 0.034199 
<LogVarVal> 41.374104
<Mixture> 2 <Weight> 0.238965
<Mean>
822.328796 193.458221 0.313705 -36.721302 6.184604 -1.165040 -0.507747 -4.910531 -2.373882 
<Inverted_Deviation>
0.004920 0.006624 0.011787 0.015455 0.011456 0.016050 0.044877 0.023525 0.028358 
<LogVarVal> 43.110958
<TransP>
-0.087829 -2.475961 -10000000000.000000 -10000000000.000000 -10000000000.000000 -10000000000.000000 
-10000000000.000000 -0.070592 -2.685924 -10000000000.000000 -10000000000.000000 -10000000000.000000 
-10000000000.000000 -10000000000.000000 -0.132853 -2.084201 -10000000000.000000 -10000000000.000000 
-10000000000.000000 -10000000000.000000 -10000000000.000000 -0.128042 -2.118736 -10000000000.000000 
-10000000000.000000 -10000000000.000000 -10000000000.000000 -10000000000.000000 -0.051173 -2.998020 
-10000000000.000000 -10000000000.000000 -10000000000.000000 -10000000000.000000 -10000000000.000000 0.000000 
<EndEmbeddedHMM>
<BeginEmbeddedHMM>
<NumStates> 6
<State> 0
<NumMixes> 3
<Mixture> 0 <Weight> 0.655091
<Mean>
462.095123 -15.353891 26.078133 -3.166328 -12.754004 2.172099 2.050813 0.391512 -0.128906 
<Inverted_Deviation>
0.008069 0.007665 0.015444 0.023159 0.031285 0.043908 0.070711 0.070711 0.070711 
<LogVarVal> 37.315826
<Mixture> 1 <Weight> 0.148382
<Mean>
1409.137207 -141.014450 -59.473412 21.836634 24.063725 17.024757 -2.882890 -3.266656 -0.544378 
<Inverted_Deviation>
0.008271 0.005326 0.015166 0.017363 0.033761 0.034761 0.070711 0.070711 0.070711 
<LogVarVal> 38.118629
<Mixture> 2 <Weight> 0.196527
<Mean>
961.672791 -370.085999 -6.210954 46.963467 3.374018 -23.280249 -1.313017 3.572584 1.201240 
<Inverted_Deviation>
0.004277 0.013361 0.006955 0.032647 0.024552 0.032020 0.070711 0.070711 0.070015 
<LogVarVal> 38.417057
<State> 1
<NumMixes> 3
<Mixture> 0 <Weight> 0.000000
<Mean>
0.000000 0.000000 0.000000 0.000000 0.000000 0.000000 0.000000 0.000000 0.000000 
<Inverted_Deviation>
0.070711 0.070711 0.070711 0.070711 0.070711 0.070711 0.070711 0.070711 0.070711 
<LogVarVal> 28.993717
<Mixture> 1 <Weight> 0.449443
<Mean>
1801.500000 -0.589258 -3.741809 8.745320 -0.264172 -0.000245 -2.624665 -0.057897 0.064404 
<Inverted_Deviation>
0.011656 0.027010 0.070711 0.036359 0.070711 0.070711 0.070711 0.070711 0.070711 
<LogVarVal> 32.424088
<Mixture> 2 <Weight> 0.550557
<Mean>
1631.210693 -2.342146 -1.549582 7.069595 -0.032489 0.326384 -0.869550 0.394114 -0.257898 
<Inverted_Deviation>
0.012666 0.017605 0.070711 0.034691 0.070711 0.070711 0.070711 0.070711 0.070711 
<LogVarVal> 32.815914
<State> 2
<NumMixes> 3
<Mixture> 0 <Weight> 0.257545
<Mean>
1073.778442 -18.891750 13.916259 -230.442490 6.939744 17.746878 34.162315 20.047285 -1.083061 
<Inverted_Deviation>
0.004950 0.006569 0.016552 0.005940 0.006586 0.019610 0.005551 0.013457 0.025643 
<LogVarVal> 46.832336
<Mixture> 1 <Weight> 0.444668
<Mean>
1481.800415 41.923351 -4.874940 10.604218 -12.162966 -2.131685 -10.421222 -2.472891 1.707686 
<Inverted_Deviation>
0.008541 0.016610 0.036222 0.007894 0.018692 0.036870 0.021899 0.029376 0.056036 
<LogVarVal> 39.682224
<Mixture> 2 <Weight> 0.297787
<Mean>
1147.323364 49.414810 1.563246 74.590027 24.770411 -14.183454 62.288303 -18.553860 -0.776739 
<Inverted_Deviation>
0.005828 0.007676 0.019715 0.007702 0.012224 0.024948 0.008268 0.014384 0.030679 
<LogVarVal> 44.575203
<State> 3
<NumMixes> 3
<Mixture> 0 <Weight> 0.252906
<Mean>
1076.228882 -6.307861 3.460324 86.077950 -3.985014 -0.741117 14.894451 2.447472 -0.440703 
<Inverted_Deviation>
0.006083 0.015981 0.058381 0.010508 0.026152 0.055436 0.014360 0.038573 0.070711 
<LogVarVal> 38.470310
<Mixture> 1 <Weight> 0.179451
<Mean>
1146.218506 -6.559377 1.817021 -151.446167 -1.857066 2.536461 -17.613461 4.407958 1.127319 
<Inverted_Deviation>
0.006685 0.017334 0.054252 0.011574 0.021312 0.053272 0.009958 0.025168 0.062808 
<LogVarVal> 39.427315
<Mixture> 2 <Weight> 0.567643
<Mean>
1393.135498 -10.904469 -0.324073 7.689273 -0.104839 -0.133095 -10.162549 -1.677147 -0.057285 
<Inverted_Deviation>
0.008631 0.020108 0.070711 0.009775 0.032629 0.070711 0.026720 0.049088 0.070711 
<LogVarVal> 36.444683
<State> 4
<NumMixes> 3
<Mixture> 0 <Weight> 0.302009
<Mean>
1399.626709 27.401028 -4.147602 7.722636 -0.446912 0.246747 -0.199394 0.039432 -0.087149 
<Inverted_Deviation>
0.011650 0.022289 0.070711 0.048692 0.070711 0.070711 0.070711 0.070711 0.070711 
<LogVarVal> 32.324638
<Mixture> 1 <Weight> 0.228464
<Mean>
1695.807251 0.496489 -2.634025 15.398529 -1.815857 -0.130772 -2.740958 -0.319654 0.053950 
<Inverted_Deviation>
0.014338 0.030831 0.070711 0.042970 0.070711 0.070711 0.070711 0.070711 0.070711 
<LogVarVal> 31.917540
<Mixture> 2 <Weight> 0.469527
<Mean>
1539.976807 2.818838 -1.492694 13.288619 0.357222 -0.056452 -1.582074 0.036106 -0.091166 
<Inverted_Deviation>
0.017375 0.028215 0.070711 0.037244 0.070711 0.070711 0.070711 0.070711 0.070711 
<LogVarVal> 31.957106
<State> 5
<NumMixes> 3
<Mixture> 0 <Weight> 0.523220
<Mean>
317.866791 7.869304 30.868841 -20.676502 18.459412 0.072247 6.085208 -0.230479 -0.430712 
<Inverted_Deviation>
0.005489 0.005882 0.010647 0.012113 0.016076 0.022556 0.040280 0.045417 0.048748 
<LogVarVal> 41.695107
<Mixture> 1 <Weight> 0.230650
<Mean>
1174.993774 -14.246443 -16.779314 -44.245468 -5.513922 15.082267 -4.958224 8.188386 -0.344018 
<Inverted_Deviation>
0.004492 0.003400 0.004619 0.006658 0.010821 0.010302 0.026419 0.027354 0.024603 
<LogVarVal> 46.669399
<Mixture> 2 <Weight> 0.246130
<Mean>
806.814697 286.478638 -1.286944 9.350100 2.155406 -16.213570 -0.549939 -8.688498 1.202366 
<Inverted_Deviation>
0.004260 0.005551 0.004956 0.009132 0.009705 0.010891 0.025306 0.025775 0.025523 
<LogVarVal> 45.964577
<TransP>
-0.129593 -2.107455 -10000000000.000000 -10000000000.000000 -10000000000.000000 -10000000000.000000 
-10000000000.000000 -0.061033 -2.826699 -10000000000.000000 -10000000000.000000 -10000000000.000000 
-10000000000.000000 -10000000000.000000 -0.168335 -1.864785 -10000000000.000000 -10000000000.000000 
-10000000000.000000 -10000000000.000000 -10000000000.000000 -0.074287 -2.636735 -10000000000.000000 
-10000000000.000000 -10000000000.000000 -10000000000.000000 -10000000000.000000 -0.053859 -2.948191 
-10000000000.000000 -10000000000.000000 -10000000000.000000 -10000000000.000000 -10000000000.000000 0.000000 
<EndEmbeddedHMM>
<BeginEmbeddedHMM>
<NumStates> 3
<State> 0
<NumMixes> 3
<Mixture> 0 <Weight> 0.275393
<Mean>
788.648132 -22.013887 39.749775 -80.726402 -52.922298 -6.307705 20.251226 2.622755 -4.522817 
<Inverted_Deviation>
0.003304 0.003532 0.008790 0.006329 0.010270 0.013075 0.029610 0.024060 0.028147 
<LogVarVal> 46.039276
<Mixture> 1 <Weight> 0.366953
<Mean>
1482.188843 46.576866 -5.359781 -111.138168 -2.836984 8.925244 2.098073 -5.327590 1.205675 
<Inverted_Deviation>
0.004034 0.003743 0.008807 0.005898 0.008645 0.012673 0.025493 0.020416 0.025148 
<LogVarVal> 46.480446
<Mixture> 2 <Weight> 0.357654
<Mean>
2112.211426 51.542778 -10.533025 -69.965767 22.529993 -3.106939 -10.630211 2.234614 1.965126 
<Inverted_Deviation>
0.004739 0.009063 0.021366 0.012926 0.018168 0.029133 0.054823 0.044858 0.044918 
<LogVarVal> 40.055988
<State> 1
<NumMixes> 3
<Mixture> 0 <Weight> 0.389512
<Mean>
1586.544434 1.560167 -1.704696 5.523199 1.628322 0.075545 -2.057405 0.068206 0.012275 
<Inverted_Deviation>
0.010633 0.035901 0.070711 0.036339 0.070711 0.070711 0.070711 0.070711 0.070711 
<LogVarVal> 32.231884
<Mixture> 1 <Weight> 0.441410
<Mean>
1397.278564 6.617391 -0.555110 0.584538 -2.009177 0.032620 -2.266635 -0.066793 0.053170 
<Inverted_Deviation>
0.012912 0.029756 0.070711 0.021224 0.070711 0.070711 0.070711 0.070711 0.070711 
<LogVarVal> 32.763138
<Mixture> 2 <Weight> 0.169078
<Mean>
1187.696899 20.035093 0.326435 18.199219 -0.731608 -0.173275 3.802029 0.090618 0.280354 
<Inverted_Deviation>
0.008297 0.022438 0.070711 0.012944 0.053887 0.070711 0.033036 0.070711 0.070711 
<LogVarVal> 35.014957
<State> 2
<NumMixes> 3
<Mixture> 0 <Weight> 0.311885
<Mean>
1427.583496 -162.567902 -11.749065 -93.257225 -2.728322 10.921446 -17.983324 4.520601 6.955091 
<Inverted_Deviation>
0.003803 0.005106 0.007349 0.004790 0.008865 0.007928 0.016130 0.018084 0.014511 
<LogVarVal> 48.190525
<Mixture> 1 <Weight> 0.398940
<Mean>
2060.814209 -69.405434 -7.217519 -35.892960 -9.146067 -1.138967 -10.415117 -3.331774 -1.664261 
<Inverted_Deviation>
0.004096 0.012045 0.019508 0.011970 0.022411 0.026333 0.039572 0.042425 0.047225 
<LogVarVal> 40.308056
<Mixture> 2 <Weight> 0.289175
<Mean>
882.291870 9.839188 36.731075 -3.211199 36.106575 -9.245182 17.783585 1.391918 -5.750963 
<Inverted_Deviation>
0.003408 0.003938 0.006769 0.004605 0.007489 0.008335 0.019857 0.016505 0.016392 
<LogVarVal> 48.561909
<TransP>
-0.084284 -2.515410 -10000000000.000000 
-10000000000.000000 -0.020646 -3.890555 
-10000000000.000000 -10000000000.000000 0.000000 
<EndEmbeddedHMM>
