<NumSuperStates> 5
<NumStates> 3 6 6 6 3 
<NumMixtures> 3 3 3 3 3 3 3 3 3 3 3 3 3 3 3 3 3 3 3 3 3 3 3 3 
<VecSize> 9
<BeginExternalHMM>
<NumStates> 5
<TransP>
-0.071459 -2.674149 -10000000000.000000 -10000000000.000000 -10000000000.000000 
-10000000000.000000 -0.062520 -2.803360 -10000000000.000000 -10000000000.000000 
-10000000000.000000 -10000000000.000000 -0.105360 -2.302585 -10000000000.000000 
-10000000000.000000 -10000000000.000000 -10000000000.000000 -0.037919 -3.291197 
-10000000000.000000 -10000000000.000000 -10000000000.000000 -10000000000.000000 0.000000 
<EndExternalHMM>
<BeginEmbeddedHMM>
<NumStates> 3
<State> 0
<NumMixes> 3
<Mixture> 0 <Weight> 0.243872
<Mean>
1093.489868 26.286528 32.012924 -50.432774 15.686985 -0.177888 -3.891802 -0.746350 -6.220280 
<Inverted_Deviation>
0.006900 0.003799 0.008147 0.007410 0.013794 0.023000 0.035587 0.044505 0.034851 
<LogVarVal> 43.276001
<Mixture> 1 <Weight> 0.631678
<Mean>
731.653931 -2.215262 10.524811 -18.075016 10.249105 4.859324 5.987169 1.614665 1.045142 
<Inverted_Deviation>
0.007402 0.011772 0.026219 0.016775 0.025161 0.032013 0.050632 0.060881 0.070711 
<LogVarVal> 37.783661
<Mixture> 2 <Weight> 0.124450
<Mean>
1784.301025 340.301056 -51.568542 58.885933 -51.531235 -30.488485 -4.557025 -5.897692 6.779836 
<Inverted_Deviation>
0.002467 0.002777 0.005364 0.007981 0.009794 0.008125 0.023854 0.023292 0.021796 
<LogVarVal> 47.861435
<State> 1
<NumMixes> 3
<Mixture> 0 <Weight> 0.548398
<Mean>
1288.573364 3.628407 -1.172739 -31.008684 0.816207 -0.108156 -5.269252 0.071927 0.066845 
<Inverted_Deviation>
0.008909 0.040046 0.070711 0.030351 0.070711 0.070711 0.070711 0.070711 0.070711 
<LogVarVal> 32.479542
<Mixture> 1 <Weight> 0.317369
<Mean>
1000.436401 19.656519 -0.866546 -79.194107 2.983552 0.208063 -4.772362 -0.476493 0.176612 
<Inverted_Deviation>
0.008275 0.035606 0.070711 0.026805 0.061969 0.070711 0.070711 0.070711 0.070711 
<LogVarVal> 32.927067
<Mixture> 2 <Weight> 0.134233
<Mean>
731.536011 27.581629 2.499967 -80.035904 -10.612888 1.797033 11.087557 -2.650744 -1.210287 
<Inverted_Deviation>
0.010573 0.028737 0.070711 0.017733 0.038925 0.070711 0.058899 0.067902 0.070711 
<LogVarVal> 33.997913
<State> 2
<NumMixes> 3
<Mixture> 0 <Weight> 0.003323
<Mean>
1413.865234 -511.198456 156.221893 227.110336 -130.512726 -40.740376 13.833050 27.418867 -48.574272 
<Inverted_Deviation>
0.002459 0.005736 0.005904 0.026618 0.004986 0.005096 0.036434 0.016328 0.011528 
<LogVarVal> 47.549049
<Mixture> 1 <Weight> 0.160532
<Mean>
816.776428 -7.703293 0.845823 -27.860357 -0.083108 2.272221 1.007639 -1.732175 1.227403 
<Inverted_Deviation>
0.011803 0.018606 0.044523 0.016448 0.030181 0.039460 0.063740 0.062439 0.070711 
<LogVarVal> 35.702938
<Mixture> 2 <Weight> 0.836145
<Mean>
606.780090 -2.068791 0.992373 -15.750719 -1.437733 -0.223919 2.557794 0.388079 0.030828 
<Inverted_Deviation>
0.008914 0.032815 0.070711 0.032379 0.058157 0.070711 0.070711 0.070711 0.070711 
<LogVarVal> 32.808926
<TransP>
-0.075705 -2.618528 -10000000000.000000 
-10000000000.000000 -0.039909 -3.241042 
-10000000000.000000 -10000000000.000000 -0.000000 
<EndEmbeddedHMM>
<BeginEmbeddedHMM>
<NumStates> 6
<State> 0
<NumMixes> 3
<Mixture> 0 <Weight> 0.567200
<Mean>
803.661438 -21.388765 16.823692 -15.384594 9.178634 -0.095060 4.584967 1.175651 0.081867 
<Inverted_Deviation>
0.009067 0.009828 0.029382 0.019809 0.033228 0.050358 0.047150 0.058511 0.070711 
<LogVarVal> 36.860996
<Mixture> 1 <Weight> 0.072000
<Mean>
1168.333130 383.851440 199.027039 19.602747 19.999863 -2.460645 3.491151 -10.082549 -9.678364 
<Inverted_Deviation>
0.003423 0.003684 0.005815 0.019912 0.009811 0.012762 0.034738 0.026703 0.030886 
<LogVarVal> 44.941925
<Mixture> 2 <Weight> 0.360800
<Mean>
1135.196045 -76.031456 -24.903189 -41.338203 -11.847816 4.964704 1.533531 2.183697 1.821976 
<Inverted_Deviation>
0.007069 0.006341 0.009501 0.008384 0.013442 0.020796 0.010850 0.019172 0.028987 
<LogVarVal> 44.802933
<State> 1
<NumMixes> 3
<Mixture> 0 <Weight> 0.338535
<Mean>
1207.384155 6.542748 -0.691211 122.212807 -0.279270 -1.756343 -3.486896 -1.214951 -0.171620 
<Inverted_Deviation>
0.008258 0.023899 0.070711 0.012326 0.033501 0.070711 0.010513 0.036416 0.070711 
<LogVarVal> 37.289440
<Mixture> 1 <Weight> 0.392557
<Mean>
1260.954224 1.462873 -4.035734 -62.357502 -0.591924 -0.345509 -13.631329 0.311474 0.463307 
<Inverted_Deviation>
0.011205 0.025339 0.070711 0.010681 0.041048 0.070711 0.007364 0.049368 0.070711 
<LogVarVal> 36.917419
<Mixture> 2 <Weight> 0.268908
<Mean>
988.986023 15.451505 3.294325 -18.998945 -14.351213 1.264361 41.379486 -2.354489 -0.864937 
<Inverted_Deviation>
0.007452 0.025877 0.070711 0.006355 0.033984 0.070711 0.013932 0.048501 0.070711 
<LogVarVal> 37.392509
<State> 2
<NumMixes> 3
<Mixture> 0 <Weight> 0.453883
<Mean>
1291.108276 -29.416225 -3.647254 46.034954 11.125701 -0.904792 -19.636545 2.857650 -0.706586 
<Inverted_Deviation>
0.011656 0.021696 0.063663 0.015431 0.024323 0.070711 0.022684 0.035223 0.070711 
<LogVarVal> 36.506165
<Mixture> 1 <Weight> 0.462379
<Mean>
1060.302612 -17.523249 5.011556 55.551552 -4.748256 -5.764894 9.685400 14.398602 3.075771 
<Inverted_Deviation>
0.006952 0.012639 0.027644 0.008517 0.013757 0.029110 0.012007 0.017103 0.036371 
<LogVarVal> 42.472511
<Mixture> 2 <Weight> 0.083738
<Mean>
1296.166870 35.371399 -13.990203 -225.879822 -13.553061 30.042604 52.821709 -72.723228 -11.036972 
<Inverted_Deviation>
0.006577 0.009107 0.022425 0.009560 0.006912 0.017485 0.005783 0.009534 0.012918 
<LogVarVal> 46.497623
<State> 3
<NumMixes> 3
<Mixture> 0 <Weight> 0.320617
<Mean>
1166.557495 20.746168 0.415409 21.317213 -2.515425 -0.081137 -11.230508 0.366811 0.084125 
<Inverted_Deviation>
0.013566 0.019920 0.070711 0.018027 0.060104 0.070711 0.056419 0.070711 0.070711 
<LogVarVal> 33.666691
<Mixture> 1 <Weight> 0.123314
<Mean>
983.669373 32.765511 5.610792 -8.261385 9.829148 -0.605823 -3.292815 -4.696325 -0.024614 
<Inverted_Deviation>
0.010845 0.020638 0.061909 0.011354 0.032410 0.064196 0.030541 0.059758 0.070711 
<LogVarVal> 35.946583
<Mixture> 2 <Weight> 0.556069
<Mean>
1347.839355 2.969164 -2.494201 6.125212 -0.632210 0.346310 -4.693844 0.089143 -0.060697 
<Inverted_Deviation>
0.016821 0.031407 0.070711 0.042021 0.070711 0.070711 0.070711 0.070711 0.070711 
<LogVarVal> 31.761688
<State> 4
<NumMixes> 3
<Mixture> 0 <Weight> 0.265806
<Mean>
854.278076 -7.345877 2.363883 -31.542681 10.360189 0.743368 25.004519 2.029712 -0.763766 
<Inverted_Deviation>
0.008925 0.030852 0.070711 0.009040 0.037547 0.070711 0.025588 0.067549 0.070711 
<LogVarVal> 35.644985
<Mixture> 1 <Weight> 0.282280
<Mean>
1015.137024 6.059916 1.621915 105.994308 0.481609 -2.002298 -6.630674 -5.742255 0.404304 
<Inverted_Deviation>
0.011026 0.030282 0.070711 0.013080 0.031226 0.070711 0.011609 0.031465 0.070711 
<LogVarVal> 36.821438
<Mixture> 2 <Weight> 0.451915
<Mean>
1097.475342 -16.741869 -0.582393 -55.516293 -0.314714 0.688641 -7.952790 3.088285 0.240248 
<Inverted_Deviation>
0.008017 0.030255 0.070711 0.012962 0.040875 0.070711 0.010345 0.042072 0.070711 
<LogVarVal> 36.705589
<State> 5
<NumMixes> 3
<Mixture> 0 <Weight> 0.656872
<Mean>
1004.339539 24.973770 3.977313 -9.249675 -9.088226 -0.228112 18.695959 -1.593856 -0.023465 
<Inverted_Deviation>
0.005551 0.008174 0.013263 0.009041 0.014184 0.024248 0.014474 0.021676 0.034153 
<LogVarVal> 43.599632
<Mixture> 1 <Weight> 0.206635
<Mean>
1423.267822 -229.233810 37.134819 -43.303513 48.105839 -19.510601 11.604606 3.638749 -2.183291 
<Inverted_Deviation>
0.004201 0.003609 0.003532 0.006063 0.008087 0.009822 0.010654 0.012588 0.015597 
<LogVarVal> 49.517834
<Mixture> 2 <Weight> 0.136493
<Mean>
1621.169800 190.820221 -101.778938 -130.765610 -24.327208 33.704597 -18.079950 1.995149 2.857972 
<Inverted_Deviation>
0.003434 0.003076 0.003443 0.004272 0.005242 0.006654 0.007765 0.008976 0.011764 
<LogVarVal> 52.014072
<TransP>
-0.111602 -2.248097 -10000000000.000000 -10000000000.000000 -10000000000.000000 -10000000000.000000 
-10000000000.000000 -0.082547 -2.535379 -10000000000.000000 -10000000000.000000 -10000000000.000000 
-10000000000.000000 -10000000000.000000 -0.174585 -1.831369 -10000000000.000000 -10000000000.000000 
-10000000000.000000 -10000000000.000000 -10000000000.000000 -0.052206 -2.978540 -10000000000.000000 
-10000000000.000000 -10000000000.000000 -10000000000.000000 -10000000000.000000 -0.060569 -2.834104 
-10000000000.000000 -10000000000.000000 -10000000000.000000 -10000000000.000000 -10000000000.000000 0.000000 
<EndEmbeddedHMM>
<BeginEmbeddedHMM>
<NumStates> 6
<State> 0
<NumMixes> 3
<Mixture> 0 <Weight> 0.161240
<Mean>
1214.887695 121.887711 12.727146 -25.674625 17.273922 -5.420635 -2.626003 -2.986166 1.902783 
<Inverted_Deviation>
0.008695 0.008966 0.009426 0.012027 0.017512 0.018723 0.027585 0.037640 0.039015 
<LogVarVal> 41.832397
<Mixture> 1 <Weight> 0.684496
<Mean>
1485.309937 6.848433 -4.986178 -15.945989 -1.323624 -0.534374 -2.862289 -0.193607 0.098366 
<Inverted_Deviation>
0.011263 0.017309 0.037810 0.025165 0.044164 0.059564 0.070711 0.070711 0.070711 
<LogVarVal> 34.539562
<Mixture> 2 <Weight> 0.154264
<Mean>
1220.670410 -138.170700 15.349364 -34.086277 -9.637609 7.336989 4.602317 1.828027 -1.845787 
<Inverted_Deviation>
0.008418 0.011173 0.006570 0.017345 0.018858 0.028848 0.037140 0.034272 0.050189 
<LogVarVal> 40.677612
<State> 1
<NumMixes> 3
<Mixture> 0 <Weight> 0.377970
<Mean>
1541.970825 -0.882146 -0.917671 34.268528 -3.100926 0.021587 -13.892684 -0.087255 -0.292078 
<Inverted_Deviation>
0.011383 0.029365 0.061139 0.006336 0.026121 0.063976 0.008442 0.024482 0.057959 
<LogVarVal> 38.737762
<Mixture> 1 <Weight> 0.427646
<Mean>
1350.037842 11.415709 0.963205 -38.927879 2.783925 -0.370888 3.706508 1.434028 0.121290 
<Inverted_Deviation>
0.012059 0.033159 0.070711 0.013124 0.054534 0.070711 0.021024 0.065198 0.070711 
<LogVarVal> 34.757809
<Mixture> 2 <Weight> 0.194384
<Mean>
1126.435913 15.979772 3.684877 -95.985115 -1.755740 0.562325 1.661058 -4.028480 -0.503087 
<Inverted_Deviation>
0.008545 0.029576 0.057415 0.014647 0.037612 0.066209 0.015591 0.040657 0.070711 
<LogVarVal> 36.523579
<State> 2
<NumMixes> 3
<Mixture> 0 <Weight> 0.188822
<Mean>
1370.512695 309.617249 30.198402 123.717407 63.442223 -58.773869 26.391375 -25.705235 -19.683746 
<Inverted_Deviation>
0.004902 0.004903 0.004740 0.009264 0.007650 0.010045 0.010600 0.011351 0.015960 
<LogVarVal> 48.457355
<Mixture> 1 <Weight> 0.403323
<Mean>
1675.217773 -47.673073 -32.495087 11.407903 -43.581604 11.074277 -20.824722 0.918551 4.606657 
<Inverted_Deviation>
0.005936 0.006496 0.008937 0.005911 0.010442 0.018790 0.008591 0.011481 0.019581 
<LogVarVal> 46.856758
<Mixture> 2 <Weight> 0.407855
<Mean>
1203.691650 -61.576107 20.336063 -51.577435 13.915363 17.121416 4.120728 13.373399 5.584972 
<Inverted_Deviation>
0.005272 0.008814 0.013634 0.012967 0.011903 0.021219 0.021925 0.024808 0.041309 
<LogVarVal> 42.755688
<State> 3
<NumMixes> 3
<Mixture> 0 <Weight> 0.371737
<Mean>
1124.285767 12.271941 -6.588259 -14.213104 6.773895 1.038387 -0.211931 0.746668 0.161828 
<Inverted_Deviation>
0.013070 0.009251 0.036362 0.025663 0.041697 0.060965 0.062588 0.070711 0.070711 
<LogVarVal> 35.192997
<Mixture> 1 <Weight> 0.234923
<Mean>
1357.450073 17.505972 -12.635297 -16.894079 -4.449510 -2.487686 -2.950752 -1.794409 -0.195500 
<Inverted_Deviation>
0.010987 0.013416 0.054918 0.043229 0.060682 0.070711 0.070711 0.070711 0.070711 
<LogVarVal> 33.415527
<Mixture> 2 <Weight> 0.393339
<Mean>
952.518982 -8.591537 12.759604 -3.552690 -5.872610 -0.253506 2.688712 -0.577673 -0.464363 
<Inverted_Deviation>
0.011935 0.010710 0.022375 0.018082 0.023725 0.026547 0.035396 0.041424 0.038157 
<LogVarVal> 39.090031
<State> 4
<NumMixes> 3
<Mixture> 0 <Weight> 0.102362
<Mean>
909.708374 -7.449980 4.268828 -103.821594 5.306414 1.574529 25.327009 3.264878 -0.333502 
<Inverted_Deviation>
0.009560 0.018702 0.044298 0.008166 0.029811 0.058010 0.012835 0.036632 0.070711 
<LogVarVal> 38.376743
<Mixture> 1 <Weight> 0.655905
<Mean>
1284.889404 -6.083998 0.211351 -5.070629 0.924499 0.385131 -1.069713 -0.228273 0.136791 
<Inverted_Deviation>
0.018618 0.037610 0.070711 0.026684 0.070711 0.070711 0.070711 0.070711 0.070711 
<LogVarVal> 31.934048
<Mixture> 2 <Weight> 0.241732
<Mean>
1141.044922 -9.148838 0.906608 -50.117069 -1.293096 -0.120958 -11.637371 -1.207686 0.103730 
<Inverted_Deviation>
0.012721 0.030330 0.070711 0.016724 0.048223 0.070711 0.022526 0.055592 0.070711 
<LogVarVal> 34.764515
<State> 5
<NumMixes> 3
<Mixture> 0 <Weight> 0.239243
<Mean>
1966.818115 -452.458984 34.598293 -10.908889 -5.907188 0.063509 -25.943129 16.732601 -4.981832 
<Inverted_Deviation>
0.003160 0.004933 0.003747 0.004787 0.007455 0.010694 0.012410 0.014567 0.020065 
<LogVarVal> 49.112923
<Mixture> 1 <Weight> 0.506024
<Mean>
1399.749390 -75.273163 64.007874 16.374374 4.893665 13.146798 5.294632 2.747846 -0.004572 
<Inverted_Deviation>
0.005868 0.003884 0.007387 0.008234 0.008880 0.014352 0.021341 0.019899 0.022185 
<LogVarVal> 46.088364
<Mixture> 2 <Weight> 0.254733
<Mean>
1996.478882 328.610992 -249.386566 25.091722 0.271342 -20.587946 -25.096081 -19.208776 4.703158 
<Inverted_Deviation>
0.003365 0.002510 0.002184 0.004301 0.006515 0.006622 0.011369 0.014611 0.011637 
<LogVarVal> 51.616623
<TransP>
-0.064022 -2.780371 -10000000000.000000 -10000000000.000000 -10000000000.000000 -10000000000.000000 
-10000000000.000000 -0.090355 -2.448848 -10000000000.000000 -10000000000.000000 -10000000000.000000 
-10000000000.000000 -10000000000.000000 -0.128795 -2.113239 -10000000000.000000 -10000000000.000000 
-10000000000.000000 -10000000000.000000 -10000000000.000000 -0.074731 -2.630989 -10000000000.000000 
-10000000000.000000 -10000000000.000000 -10000000000.000000 -10000000000.000000 -0.065064 -2.764745 
-10000000000.000000 -10000000000.000000 -10000000000.000000 -10000000000.000000 -10000000000.000000 0.000000 
<EndEmbeddedHMM>
<BeginEmbeddedHMM>
<NumStates> 6
<State> 0
<NumMixes> 3
<Mixture> 0 <Weight> 0.472122
<Mean>
2622.102539 50.330551 -19.116568 -0.636506 17.676598 -6.558969 -10.639919 7.523443 -0.520413 
<Inverted_Deviation>
0.005214 0.009340 0.014826 0.009450 0.012902 0.023958 0.019123 0.022504 0.029946 
<LogVarVal> 43.295288
<Mixture> 1 <Weight> 0.299783
<Mean>
1447.710571 72.962471 42.253193 14.477160 -17.757507 -19.925730 14.689692 7.043492 1.687707 
<Inverted_Deviation>
0.003058 0.005523 0.010783 0.004134 0.007796 0.013750 0.012526 0.010804 0.017477 
<LogVarVal> 48.253815
<Mixture> 2 <Weight> 0.228096
<Mean>
2011.934326 337.490814 3.228517 -76.963875 -30.340700 40.337326 -12.367579 -24.584921 -1.100912 
<Inverted_Deviation>
0.003950 0.004585 0.005024 0.003702 0.006937 0.009881 0.009281 0.012587 0.012216 
<LogVarVal> 50.010654
<State> 1
<NumMixes> 3
<Mixture> 0 <Weight> 0.211785
<Mean>
1256.406860 13.103460 1.431042 11.655520 2.980670 -0.235390 3.038676 -0.314939 -0.414136 
<Inverted_Deviation>
0.015397 0.028559 0.070711 0.033267 0.070711 0.070711 0.070711 0.070711 0.070711 
<LogVarVal> 32.178776
<Mixture> 1 <Weight> 0.419705
<Mean>
1382.333984 8.983402 -0.717049 3.293241 -0.801629 -0.036923 -0.389458 -0.010629 0.071325 
<Inverted_Deviation>
0.021514 0.044459 0.070711 0.041301 0.070711 0.070711 0.070711 0.070711 0.070711 
<LogVarVal> 31.185347
<Mixture> 2 <Weight> 0.368510
<Mean>
1499.075439 4.454540 -0.857389 1.131238 -0.310883 0.081462 -1.263706 -0.001563 0.038310 
<Inverted_Deviation>
0.017832 0.044589 0.070711 0.046264 0.070711 0.070711 0.070711 0.070711 0.070711 
<LogVarVal> 31.256676
<State> 2
<NumMixes> 3
<Mixture> 0 <Weight> 0.506673
<Mean>
1293.563354 2.088400 -3.158568 1.925122 -2.840267 0.663044 -9.621249 1.717853 0.673964 
<Inverted_Deviation>
0.014880 0.022241 0.053989 0.013059 0.045534 0.070711 0.040749 0.070711 0.070711 
<LogVarVal> 34.659225
<Mixture> 1 <Weight> 0.363203
<Mean>
1145.957397 19.863958 0.866795 32.654209 -1.581304 -0.664421 -6.492929 -1.701479 0.189751 
<Inverted_Deviation>
0.013331 0.017236 0.037220 0.007532 0.024081 0.053509 0.026205 0.045179 0.070711 
<LogVarVal> 37.751591
<Mixture> 2 <Weight> 0.130124
<Mean>
889.901001 10.814783 6.209190 -42.901180 0.422891 1.223387 60.359009 1.037494 -2.052851 
<Inverted_Deviation>
0.007429 0.010073 0.021525 0.004881 0.012375 0.021975 0.010212 0.020487 0.035169 
<LogVarVal> 43.842121
<State> 3
<NumMixes> 3
<Mixture> 0 <Weight> 0.338492
<Mean>
810.130859 -1.056270 2.928319 8.752089 1.526093 -0.015907 13.082709 0.839324 -0.271014 
<Inverted_Deviation>
0.010453 0.024389 0.070711 0.010165 0.041946 0.070711 0.028292 0.070711 0.070711 
<LogVarVal> 35.347782
<Mixture> 1 <Weight> 0.063309
<Mean>
1270.936890 49.177845 -5.573860 6.728188 -0.447204 0.524289 -5.752295 -1.007588 -0.064433 
<Inverted_Deviation>
0.007073 0.024784 0.070711 0.036741 0.070711 0.070711 0.070711 0.070711 0.070711 
<LogVarVal> 32.999134
<Mixture> 2 <Weight> 0.598199
<Mean>
997.401550 9.433383 1.042516 9.385603 0.703617 0.037292 -6.023711 -0.971488 0.157723 
<Inverted_Deviation>
0.013416 0.023567 0.070711 0.014453 0.054311 0.070711 0.051974 0.070711 0.070711 
<LogVarVal> 33.914017
<State> 4
<NumMixes> 3
<Mixture> 0 <Weight> 0.471819
<Mean>
1333.997925 -6.716805 0.085861 0.490390 0.875781 -0.074232 -0.832344 -0.129523 0.057777 
<Inverted_Deviation>
0.016715 0.029203 0.070711 0.047278 0.070711 0.070711 0.070711 0.070711 0.070711 
<LogVarVal> 31.722906
<Mixture> 1 <Weight> 0.389890
<Mean>
1206.222290 -19.719242 0.039177 9.293612 2.359204 -0.145607 0.152697 -0.078523 0.118674 
<Inverted_Deviation>
0.016791 0.024868 0.070711 0.045745 0.070711 0.070711 0.070711 0.070711 0.070711 
<LogVarVal> 31.912001
<Mixture> 2 <Weight> 0.138292
<Mean>
1046.222412 -55.615868 6.501734 12.145613 -3.949991 -1.483525 1.453800 1.292415 -0.362620 
<Inverted_Deviation>
0.011788 0.021776 0.041985 0.029237 0.044476 0.070711 0.070711 0.070711 0.070711 
<LogVarVal> 33.831097
<State> 5
<NumMixes> 3
<Mixture> 0 <Weight> 0.416126
<Mean>
1557.166260 -207.291702 73.876534 -38.809742 26.453993 -5.176831 3.451790 -1.849840 0.125328 
<Inverted_Deviation>
0.004217 0.005364 0.010330 0.021340 0.020580 0.027769 0.047091 0.044531 0.045268 
<LogVarVal> 40.997395
<Mixture> 1 <Weight> 0.492122
<Mean>
2528.475586 -235.431091 -27.318428 -54.111443 -11.671592 10.942999 -3.901350 4.692921 -0.955897 
<Inverted_Deviation>
0.002080 0.003253 0.006403 0.010188 0.013670 0.014273 0.024636 0.025346 0.029133 
<LogVarVal> 46.148888
<Mixture> 2 <Weight> 0.091752
<Mean>
1955.052124 290.511200 -276.131561 -10.456189 -9.524049 -44.084541 16.232576 -15.163729 2.175739 
<Inverted_Deviation>
0.005959 0.002822 0.002115 0.007408 0.008143 0.010458 0.016281 0.018688 0.019802 
<LogVarVal> 48.598976
<TransP>
-0.169229 -1.859925 -10000000000.000000 -10000000000.000000 -10000000000.000000 -10000000000.000000 
-10000000000.000000 -0.053316 -2.958055 -10000000000.000000 -10000000000.000000 -10000000000.000000 
-10000000000.000000 -10000000000.000000 -0.108118 -2.278102 -10000000000.000000 -10000000000.000000 
-10000000000.000000 -10000000000.000000 -10000000000.000000 -0.062402 -2.805191 -10000000000.000000 
-10000000000.000000 -10000000000.000000 -10000000000.000000 -10000000000.000000 -0.064500 -2.773170 
-10000000000.000000 -10000000000.000000 -10000000000.000000 -10000000000.000000 -10000000000.000000 0.000000 
<EndEmbeddedHMM>
<BeginEmbeddedHMM>
<NumStates> 3
<State> 0
<NumMixes> 3
<Mixture> 0 <Weight> 0.271868
<Mean>
2557.463135 56.897781 -24.330975 50.999146 -8.752334 8.590546 -20.295361 17.520700 -7.923300 
<Inverted_Deviation>
0.004639 0.008273 0.012555 0.008072 0.010418 0.020569 0.015477 0.013753 0.028523 
<LogVarVal> 44.976471
<Mixture> 1 <Weight> 0.205674
<Mean>
1749.570557 246.271347 -10.868942 350.327454 -99.618279 -29.885981 -72.067055 -55.677258 34.549576 
<Inverted_Deviation>
0.002942 0.004286 0.008276 0.002603 0.005191 0.008086 0.007726 0.005195 0.008261 
<LogVarVal> 52.175602
<Mixture> 2 <Weight> 0.522459
<Mean>
920.389404 50.859024 22.428473 168.286453 58.358414 2.850027 46.390007 12.023952 -10.451147 
<Inverted_Deviation>
0.002354 0.004870 0.016192 0.004107 0.006359 0.012245 0.009748 0.009302 0.012499 
<LogVarVal> 49.296654
<State> 1
<NumMixes> 3
<Mixture> 0 <Weight> 0.280357
<Mean>
1064.142212 11.357801 -3.219753 33.038383 6.504578 -0.752111 -0.442640 0.430653 1.571709 
<Inverted_Deviation>
0.007883 0.006273 0.010101 0.004559 0.011283 0.015902 0.009188 0.017340 0.026916 
<LogVarVal> 46.037006
<Mixture> 1 <Weight> 0.525000
<Mean>
1378.211792 7.349829 -3.438492 -3.985573 2.868591 0.864732 -30.235085 -0.528710 0.018371 
<Inverted_Deviation>
0.005605 0.006356 0.007682 0.006061 0.019572 0.024086 0.010458 0.026989 0.033099 
<LogVarVal> 44.609444
<Mixture> 2 <Weight> 0.194643
<Mean>
757.887573 20.281204 16.685026 -10.251728 2.512999 3.797953 18.521788 -0.043260 -0.088970 
<Inverted_Deviation>
0.007488 0.009187 0.021068 0.008670 0.014037 0.025037 0.014977 0.020847 0.032319 
<LogVarVal> 42.800999
<State> 2
<NumMixes> 3
<Mixture> 0 <Weight> 0.861692
<Mean>
1006.739075 -12.106331 1.493446 12.407663 -2.267848 0.693498 3.222666 -1.158122 -0.181371 
<Inverted_Deviation>
0.003779 0.014780 0.040630 0.012115 0.020858 0.050325 0.025095 0.038144 0.055586 
<LogVarVal> 39.261322
<Mixture> 1 <Weight> 0.050249
<Mean>
1897.219482 -359.037598 43.939709 215.779236 5.045166 -30.570749 -60.173756 65.340637 3.311006 
<Inverted_Deviation>
0.002304 0.006768 0.011049 0.001754 0.004597 0.008554 0.004942 0.005936 0.008463 
<LogVarVal> 52.423363
<Mixture> 2 <Weight> 0.088060
<Mean>
2916.422119 -105.279541 -40.564201 3.380606 20.309742 10.290840 -34.075310 -24.305777 -0.776686 
<Inverted_Deviation>
0.003995 0.004632 0.011795 0.005166 0.006726 0.014567 0.009380 0.012288 0.021337 
<LogVarVal> 47.900814
<TransP>
-0.101952 -2.333800 -10000000000.000000 
-10000000000.000000 -0.076033 -2.614365 
-10000000000.000000 -10000000000.000000 0.000000 
<EndEmbeddedHMM>
