<NumSuperStates> 5
<NumStates> 3 6 6 6 3 
<NumMixtures> 3 3 3 3 3 3 3 3 3 3 3 3 3 3 3 3 3 3 3 3 3 3 3 3 
<VecSize> 9
<BeginExternalHMM>
<NumStates> 5
<TransP>
-0.139113 -2.041220 -10000000000.000000 -10000000000.000000 -10000000000.000000 
-10000000000.000000 -0.046520 -3.091043 -10000000000.000000 -10000000000.000000 
-10000000000.000000 -10000000000.000000 -0.078781 -2.580217 -10000000000.000000 
-10000000000.000000 -10000000000.000000 -10000000000.000000 -0.038173 -3.284664 
-10000000000.000000 -10000000000.000000 -10000000000.000000 -10000000000.000000 -0.000000 
<EndExternalHMM>
<BeginEmbeddedHMM>
<NumStates> 3
<State> 0
<NumMixes> 3
<Mixture> 0 <Weight> 0.181586
<Mean>
1970.847778 60.343018 -24.596966 32.391613 -31.066402 12.151925 -8.985199 6.633474 -1.081944 
<Inverted_Deviation>
0.003612 0.007224 0.017258 0.011822 0.014046 0.030258 0.036234 0.038681 0.048120 
<LogVarVal> 41.570072
<Mixture> 1 <Weight> 0.088491
<Mean>
1089.180664 370.889191 25.265633 216.826019 27.658855 -45.315636 9.956214 -27.952038 -5.736217 
<Inverted_Deviation>
0.002500 0.007093 0.008288 0.011684 0.006256 0.009772 0.023316 0.015959 0.012754 
<LogVarVal> 47.294670
<Mixture> 2 <Weight> 0.729923
<Mean>
255.047028 17.959858 4.048524 17.749271 6.056792 2.045663 3.169293 1.438354 1.014413 
<Inverted_Deviation>
0.006017 0.022964 0.057678 0.029449 0.041864 0.062729 0.070711 0.070711 0.070711 
<LogVarVal> 34.305977
<State> 1
<NumMixes> 3
<Mixture> 0 <Weight> 0.316184
<Mean>
294.318481 -12.911747 3.131797 -14.830459 -2.551828 0.303832 3.767383 -0.051604 -0.080937 
<Inverted_Deviation>
0.010537 0.022265 0.070711 0.021674 0.059322 0.070711 0.070711 0.070711 0.070711 
<LogVarVal> 33.411098
<Mixture> 1 <Weight> 0.407496
<Mean>
520.992676 -2.022982 0.412439 -26.395037 -2.134176 0.434628 0.460496 -0.149757 -0.153951 
<Inverted_Deviation>
0.009705 0.017597 0.060036 0.018744 0.045579 0.070711 0.053525 0.070711 0.070711 
<LogVarVal> 34.579475
<Mixture> 2 <Weight> 0.276320
<Mean>
769.062012 -0.622426 -3.126083 -23.381922 0.314912 -0.067557 -7.851373 0.030014 0.317758 
<Inverted_Deviation>
0.007685 0.020896 0.061589 0.015673 0.041982 0.069680 0.037088 0.061262 0.070711 
<LogVarVal> 35.401585
<State> 2
<NumMixes> 3
<Mixture> 0 <Weight> 0.135431
<Mean>
507.018463 -105.875038 35.526447 84.679420 -52.973804 25.868542 23.876196 -16.285000 9.093800 
<Inverted_Deviation>
0.007155 0.013179 0.022394 0.011348 0.016864 0.023799 0.034508 0.027310 0.029217 
<LogVarVal> 41.018883
<Mixture> 1 <Weight> 0.224350
<Mean>
995.306580 -333.379364 47.833218 221.066330 -57.345974 -37.043198 14.979183 22.066048 -14.766875 
<Inverted_Deviation>
0.003111 0.004812 0.010544 0.008199 0.008732 0.009828 0.018786 0.014517 0.016879 
<LogVarVal> 47.268864
<Mixture> 2 <Weight> 0.640219
<Mean>
1980.510376 -84.751144 -26.051092 59.210476 37.754425 5.662527 -9.096784 -2.984824 3.415104 
<Inverted_Deviation>
0.002982 0.004777 0.012298 0.007732 0.011050 0.016939 0.025754 0.020606 0.020433 
<LogVarVal> 45.586601
<TransP>
-0.040183 -3.234340 -10000000000.000000 
-10000000000.000000 -0.026585 -3.640657 
-10000000000.000000 -10000000000.000000 0.000000 
<EndEmbeddedHMM>
<BeginEmbeddedHMM>
<NumStates> 6
<State> 0
<NumMixes> 3
<Mixture> 0 <Weight> 0.092715
<Mean>
1167.819458 458.702148 18.137972 95.822235 11.710584 -31.950142 5.098263 -7.822372 -5.491867 
<Inverted_Deviation>
0.002762 0.007784 0.005496 0.010252 0.011217 0.012540 0.045302 0.033660 0.024169 
<LogVarVal> 44.760475
<Mixture> 1 <Weight> 0.312462
<Mean>
1934.411011 38.475979 -14.676711 12.054564 -9.502834 4.210509 -0.686694 0.434421 0.301936 
<Inverted_Deviation>
0.007134 0.007825 0.015290 0.020179 0.024572 0.039686 0.058425 0.070711 0.070711 
<LogVarVal> 38.099537
<Mixture> 2 <Weight> 0.594822
<Mean>
416.374542 42.372925 10.271207 4.691779 4.055332 2.580825 0.676942 0.964175 0.580351 
<Inverted_Deviation>
0.006182 0.010493 0.024102 0.024709 0.036460 0.053259 0.070711 0.070711 0.070711 
<LogVarVal> 36.412151
<State> 1
<NumMixes> 3
<Mixture> 0 <Weight> 0.204350
<Mean>
340.903320 -14.791231 0.575630 33.060932 -1.458339 -0.364289 2.981467 1.135807 0.072104 
<Inverted_Deviation>
0.011878 0.015629 0.047070 0.008881 0.033856 0.069699 0.034000 0.068412 0.070711 
<LogVarVal> 36.284969
<Mixture> 1 <Weight> 0.065521
<Mean>
626.021423 -31.114044 -1.853811 27.819075 -6.693613 -1.220153 -31.430691 0.839669 1.123176 
<Inverted_Deviation>
0.005026 0.007357 0.012766 0.005482 0.019011 0.035017 0.018960 0.036213 0.061616 
<LogVarVal> 42.308979
<Mixture> 2 <Weight> 0.730129
<Mean>
142.210449 -0.556560 2.168886 -6.943130 1.359710 0.092826 5.587277 -0.165901 -0.089672 
<Inverted_Deviation>
0.010567 0.028641 0.070711 0.020217 0.058711 0.070711 0.062321 0.070711 0.070711 
<LogVarVal> 33.362728
<State> 2
<NumMixes> 3
<Mixture> 0 <Weight> 0.388457
<Mean>
567.581604 -10.367935 -2.393001 -9.673475 1.439786 -0.125347 -2.213343 0.320726 0.153232 
<Inverted_Deviation>
0.010449 0.021069 0.070711 0.013590 0.052918 0.070711 0.047154 0.070711 0.070711 
<LogVarVal> 34.460899
<Mixture> 1 <Weight> 0.407067
<Mean>
363.587860 -8.353297 1.119502 -31.276405 0.441972 0.180901 -1.147921 0.089811 -0.097789 
<Inverted_Deviation>
0.011117 0.026109 0.070711 0.024091 0.070711 0.070711 0.070711 0.070711 0.070711 
<LogVarVal> 32.916924
<Mixture> 2 <Weight> 0.204476
<Mean>
819.097229 -1.787405 -4.702960 -10.204193 2.462956 0.681605 -11.986992 0.025791 0.389317 
<Inverted_Deviation>
0.006662 0.015094 0.060324 0.009939 0.048280 0.070711 0.040976 0.070711 0.070711 
<LogVarVal> 35.948421
<State> 3
<NumMixes> 3
<Mixture> 0 <Weight> 0.349768
<Mean>
185.685593 4.345774 3.068644 11.922995 2.995619 0.027980 16.250109 -0.094382 -0.016634 
<Inverted_Deviation>
0.009796 0.023673 0.070711 0.011472 0.051202 0.070711 0.051690 0.070711 0.070711 
<LogVarVal> 34.519424
<Mixture> 1 <Weight> 0.494705
<Mean>
426.716461 14.172575 -1.168013 21.148670 -0.184811 -0.649640 0.895991 -0.462966 0.032636 
<Inverted_Deviation>
0.010698 0.018762 0.070711 0.009118 0.044231 0.070711 0.042494 0.070711 0.070711 
<LogVarVal> 35.235794
<Mixture> 2 <Weight> 0.155526
<Mean>
642.382446 31.961145 -2.298205 15.535447 -8.823540 0.679763 -3.999796 -1.487181 -0.917003 
<Inverted_Deviation>
0.010278 0.017750 0.069069 0.007179 0.031726 0.070711 0.025616 0.066767 0.070711 
<LogVarVal> 36.489719
<State> 4
<NumMixes> 3
<Mixture> 0 <Weight> 0.424363
<Mean>
275.142181 7.652152 13.958387 -10.634201 -16.649281 4.352454 9.457543 -1.638568 -0.644467 
<Inverted_Deviation>
0.009947 0.007823 0.018490 0.012206 0.018403 0.028542 0.028922 0.032322 0.044857 
<LogVarVal> 40.639900
<Mixture> 1 <Weight> 0.251592
<Mean>
1124.989014 -117.864693 -15.610570 40.179768 19.803736 0.673746 -5.105156 0.559913 2.335969 
<Inverted_Deviation>
0.004364 0.006617 0.011040 0.009631 0.010432 0.012043 0.018801 0.014786 0.014996 
<LogVarVal> 46.122784
<Mixture> 2 <Weight> 0.324045
<Mean>
558.558044 -59.062836 0.374394 17.848562 3.973792 -3.845116 -0.978641 2.585924 -0.556333 
<Inverted_Deviation>
0.007322 0.005834 0.014782 0.007763 0.013670 0.018503 0.022300 0.024185 0.026991 
<LogVarVal> 43.704632
<State> 5
<NumMixes> 3
<Mixture> 0 <Weight> 0.054833
<Mean>
776.142456 -372.512360 84.956543 86.572929 -32.481621 -8.634920 12.596354 1.184721 -6.491545 
<Inverted_Deviation>
0.002765 0.003371 0.006260 0.007097 0.007733 0.008812 0.027722 0.018083 0.016798 
<LogVarVal> 48.034706
<Mixture> 1 <Weight> 0.394517
<Mean>
203.748322 2.336457 6.562791 1.160027 -5.489321 0.443309 1.414562 -0.436319 0.195134 
<Inverted_Deviation>
0.006950 0.013777 0.047368 0.033242 0.050749 0.070711 0.070711 0.070711 0.070711 
<LogVarVal> 34.436214
<Mixture> 2 <Weight> 0.550651
<Mean>
1629.156006 -40.118099 -9.279108 7.108313 2.775074 0.366398 -0.290117 0.021245 0.249186 
<Inverted_Deviation>
0.005774 0.006686 0.015005 0.022192 0.026382 0.030701 0.050574 0.051425 0.054098 
<LogVarVal> 39.308128
<TransP>
-0.142083 -2.021548 -10000000000.000000 -10000000000.000000 -10000000000.000000 -10000000000.000000 
-10000000000.000000 -0.060893 -2.828926 -10000000000.000000 -10000000000.000000 -10000000000.000000 
-10000000000.000000 -10000000000.000000 -0.053217 -2.959869 -10000000000.000000 -10000000000.000000 
-10000000000.000000 -10000000000.000000 -10000000000.000000 -0.075585 -2.620047 -10000000000.000000 
-10000000000.000000 -10000000000.000000 -10000000000.000000 -10000000000.000000 -0.192565 -1.742060 
-10000000000.000000 -10000000000.000000 -10000000000.000000 -10000000000.000000 -10000000000.000000 0.000000 
<EndEmbeddedHMM>
<BeginEmbeddedHMM>
<NumStates> 6
<State> 0
<NumMixes> 3
<Mixture> 0 <Weight> 0.586957
<Mean>
507.932617 15.703242 14.015610 -17.952240 -5.019614 -3.326816 2.028501 0.801453 0.472554 
<Inverted_Deviation>
0.005664 0.007118 0.015460 0.027348 0.031653 0.057717 0.070711 0.070711 0.070711 
<LogVarVal> 37.291191
<Mixture> 1 <Weight> 0.114130
<Mean>
1176.507446 475.214539 28.155546 -67.970413 -4.251367 25.277750 3.286703 -5.261497 -2.350725 
<Inverted_Deviation>
0.002902 0.008732 0.004781 0.015265 0.016285 0.019693 0.058128 0.065985 0.055238 
<LogVarVal> 41.764305
<Mixture> 2 <Weight> 0.298913
<Mean>
1934.165894 42.804867 -16.265354 -8.753448 7.382614 -3.449813 -0.285809 0.214912 0.069982 
<Inverted_Deviation>
0.009493 0.007548 0.013953 0.031678 0.032687 0.053903 0.070711 0.070711 0.070711 
<LogVarVal> 36.707981
<State> 1
<NumMixes> 3
<Mixture> 0 <Weight> 0.061252
<Mean>
946.225464 -18.925047 -0.452044 -30.259674 0.022021 0.028381 -6.809553 0.325333 -0.017323 
<Inverted_Deviation>
0.007953 0.055123 0.070711 0.036733 0.070711 0.070711 0.070711 0.070711 0.070711 
<LogVarVal> 32.082672
<Mixture> 1 <Weight> 0.458722
<Mean>
321.112396 0.402550 4.025929 -29.153912 5.836757 -0.238978 6.477994 -0.533970 -0.098215 
<Inverted_Deviation>
0.007330 0.017971 0.052601 0.011506 0.039442 0.070711 0.037502 0.070097 0.070711 
<LogVarVal> 35.968441
<Mixture> 2 <Weight> 0.480027
<Mean>
617.376404 -0.498780 -0.823554 -37.236103 -2.230466 0.007904 -3.939883 0.469359 0.086676 
<Inverted_Deviation>
0.008905 0.029137 0.070711 0.018068 0.045144 0.070711 0.056570 0.070711 0.070711 
<LogVarVal> 33.988609
<State> 2
<NumMixes> 3
<Mixture> 0 <Weight> 0.453492
<Mean>
796.832336 -6.851587 1.159301 17.253719 -4.168284 -0.349331 -0.860223 -0.224570 -0.035842 
<Inverted_Deviation>
0.010417 0.018596 0.070711 0.015255 0.047294 0.070711 0.065629 0.070711 0.070711 
<LogVarVal> 34.255035
<Mixture> 1 <Weight> 0.069833
<Mean>
573.532593 -42.396130 7.444009 -16.381189 3.143750 2.356491 5.340683 3.189327 -1.197805 
<Inverted_Deviation>
0.009822 0.012759 0.059937 0.011501 0.032518 0.068736 0.066715 0.070711 0.070711 
<LogVarVal> 35.524899
<Mixture> 2 <Weight> 0.476675
<Mean>
1021.065857 -3.598471 -2.656055 7.610730 1.538040 -0.136134 -4.825689 0.141016 0.088051 
<Inverted_Deviation>
0.009306 0.016976 0.065135 0.019267 0.054675 0.070711 0.058420 0.070711 0.070711 
<LogVarVal> 34.278866
<State> 3
<NumMixes> 3
<Mixture> 0 <Weight> 0.286136
<Mean>
354.529755 0.694053 4.584754 -87.983856 -1.476794 -0.523402 23.595921 1.056315 -0.159809 
<Inverted_Deviation>
0.005642 0.013020 0.041317 0.005697 0.026239 0.054707 0.014843 0.037370 0.070711 
<LogVarVal> 39.716908
<Mixture> 1 <Weight> 0.385841
<Mean>
703.618286 10.171345 0.441536 -112.601341 -2.215762 1.911507 -18.742874 -1.913266 0.261970 
<Inverted_Deviation>
0.007324 0.012319 0.063913 0.008176 0.024434 0.070056 0.016225 0.039955 0.070711 
<LogVarVal> 38.381950
<Mixture> 2 <Weight> 0.328024
<Mean>
1042.794800 7.980307 -5.538213 -16.357456 7.567396 -1.318477 -10.657335 0.888197 0.214338 
<Inverted_Deviation>
0.006618 0.011028 0.041786 0.009688 0.025779 0.069277 0.034411 0.059164 0.070711 
<LogVarVal> 37.662563
<State> 4
<NumMixes> 3
<Mixture> 0 <Weight> 0.048780
<Mean>
1174.081177 12.048837 -23.638449 42.523682 -5.874379 1.473668 -59.194599 -0.058551 2.756327 
<Inverted_Deviation>
0.008829 0.006985 0.025727 0.004995 0.015784 0.029624 0.011349 0.017014 0.032358 
<LogVarVal> 43.455780
<Mixture> 1 <Weight> 0.826701
<Mean>
842.109497 5.538321 -1.592432 -25.569141 3.409881 -1.192383 -6.295054 0.672783 -0.234841 
<Inverted_Deviation>
0.008172 0.019391 0.065928 0.018196 0.039652 0.070711 0.062724 0.070711 0.070711 
<LogVarVal> 34.571144
<Mixture> 2 <Weight> 0.124519
<Mean>
346.839355 41.742386 3.334795 -86.781570 -18.464127 -0.455632 32.497356 -3.900835 0.106508 
<Inverted_Deviation>
0.004771 0.008833 0.015319 0.008144 0.015730 0.024963 0.016309 0.022838 0.043080 
<LogVarVal> 43.097652
<State> 5
<NumMixes> 3
<Mixture> 0 <Weight> 0.482128
<Mean>
1687.463989 -16.768183 -14.385443 -6.959719 -11.676143 -6.697066 -1.338717 -1.602508 -0.309787 
<Inverted_Deviation>
0.005894 0.008204 0.013248 0.017300 0.017194 0.026891 0.036563 0.043925 0.052317 
<LogVarVal> 40.532715
<Mixture> 1 <Weight> 0.090607
<Mean>
1078.479980 -536.626831 0.097528 -125.631912 8.682158 67.496880 -3.289267 19.096266 -0.284412 
<Inverted_Deviation>
0.002708 0.004616 0.003678 0.009267 0.007812 0.008642 0.019562 0.023783 0.015444 
<LogVarVal> 48.174625
<Mixture> 2 <Weight> 0.427265
<Mean>
385.133453 43.478065 21.447027 -28.878147 6.196906 -5.458950 3.252396 -2.911603 0.481588 
<Inverted_Deviation>
0.003335 0.004640 0.007311 0.014166 0.014309 0.018895 0.054013 0.046895 0.047469 
<LogVarVal> 42.644669
<TransP>
-0.154876 -1.941572 -10000000000.000000 -10000000000.000000 -10000000000.000000 -10000000000.000000 
-10000000000.000000 -0.091987 -2.431751 -10000000000.000000 -10000000000.000000 -10000000000.000000 
-10000000000.000000 -10000000000.000000 -0.038034 -3.288232 -10000000000.000000 -10000000000.000000 
-10000000000.000000 -10000000000.000000 -10000000000.000000 -0.081076 -2.552636 -10000000000.000000 
-10000000000.000000 -10000000000.000000 -10000000000.000000 -10000000000.000000 -0.185665 -1.775209 
-10000000000.000000 -10000000000.000000 -10000000000.000000 -10000000000.000000 -10000000000.000000 0.000000 
<EndEmbeddedHMM>
<BeginEmbeddedHMM>
<NumStates> 6
<State> 0
<NumMixes> 3
<Mixture> 0 <Weight> 0.687665
<Mean>
1957.649048 7.650640 -12.403060 -12.021477 9.875834 -3.834342 -1.706926 1.107108 0.093560 
<Inverted_Deviation>
0.004357 0.007347 0.013102 0.020657 0.024960 0.040750 0.050079 0.063604 0.070711 
<LogVarVal> 39.004425
<Mixture> 1 <Weight> 0.183260
<Mean>
1400.312744 354.466309 14.205753 -94.808716 -4.879658 29.535105 -0.283651 -9.722252 -1.679088 
<Inverted_Deviation>
0.003524 0.006063 0.005563 0.010518 0.011113 0.012734 0.031272 0.032831 0.026207 
<LogVarVal> 45.037552
<Mixture> 2 <Weight> 0.129075
<Mean>
777.591003 57.142769 34.970169 -55.740063 -38.727306 -17.418028 8.126538 6.628394 1.536829 
<Inverted_Deviation>
0.003754 0.005669 0.010821 0.013323 0.016434 0.023985 0.052896 0.044233 0.047117 
<LogVarVal> 41.705021
<State> 1
<NumMixes> 3
<Mixture> 0 <Weight> 0.396329
<Mean>
756.138611 12.962722 0.248100 8.891562 -0.691864 -0.196973 -0.907708 0.246622 0.003129 
<Inverted_Deviation>
0.015112 0.021406 0.070711 0.031767 0.070711 0.070711 0.070711 0.070711 0.070711 
<LogVarVal> 32.531948
<Mixture> 1 <Weight> 0.233702
<Mean>
911.502869 11.947962 -0.588641 5.558780 -1.603693 -0.315367 -1.347377 0.148773 0.091088 
<Inverted_Deviation>
0.013612 0.020353 0.070711 0.034256 0.070711 0.070711 0.070711 0.070711 0.070711 
<LogVarVal> 32.611412
<Mixture> 2 <Weight> 0.369969
<Mean>
576.225525 11.027938 1.191415 15.129586 -1.392879 0.014712 0.174798 0.138381 -0.090089 
<Inverted_Deviation>
0.013450 0.023348 0.070711 0.040353 0.070711 0.070711 0.070711 0.070711 0.070711 
<LogVarVal> 32.322372
<State> 2
<NumMixes> 3
<Mixture> 0 <Weight> 0.564163
<Mean>
211.104614 3.874056 1.876711 11.829330 1.929199 -0.048513 5.427228 0.028857 0.071518 
<Inverted_Deviation>
0.009900 0.028043 0.070711 0.015101 0.056292 0.070711 0.057445 0.070711 0.070711 
<LogVarVal> 33.864258
<Mixture> 1 <Weight> 0.053863
<Mean>
686.262207 62.066010 -11.752747 -19.094847 3.546518 2.602889 -9.078223 -1.798146 1.563826 
<Inverted_Deviation>
0.006497 0.010722 0.038742 0.008760 0.024864 0.056512 0.046287 0.062545 0.070711 
<LogVarVal> 37.773144
<Mixture> 2 <Weight> 0.381974
<Mean>
412.109955 14.407792 2.131346 17.393478 -2.243256 -0.158660 0.759121 -0.348831 -0.211195 
<Inverted_Deviation>
0.011267 0.017917 0.069309 0.011254 0.042597 0.070711 0.057357 0.070711 0.070711 
<LogVarVal> 34.777336
<State> 3
<NumMixes> 3
<Mixture> 0 <Weight> 0.327256
<Mean>
494.168304 -35.796772 3.889606 65.820976 2.191714 -0.245482 -11.904467 2.245777 -0.328017 
<Inverted_Deviation>
0.008843 0.011768 0.037446 0.006194 0.022325 0.051692 0.016847 0.037110 0.070711 
<LogVarVal> 39.481853
<Mixture> 1 <Weight> 0.417958
<Mean>
223.481094 -14.757735 4.847734 -17.576818 -1.401722 -0.258211 16.734983 -0.198079 -0.543370 
<Inverted_Deviation>
0.008515 0.017612 0.062974 0.007705 0.032466 0.070711 0.020930 0.054970 0.070711 
<LogVarVal> 37.080730
<Mixture> 2 <Weight> 0.254786
<Mean>
733.820435 -33.102905 -8.646870 -3.201881 -4.579871 1.147660 -23.149206 -1.159872 1.733796 
<Inverted_Deviation>
0.007930 0.010366 0.032000 0.007659 0.019394 0.045602 0.019674 0.040380 0.070711 
<LogVarVal> 39.689182
<State> 4
<NumMixes> 3
<Mixture> 0 <Weight> 0.491138
<Mean>
592.452087 -8.228656 0.687005 17.240156 0.438102 -0.026467 0.415137 -0.017241 -0.179448 
<Inverted_Deviation>
0.006962 0.023980 0.070711 0.030944 0.070711 0.070711 0.070711 0.070711 0.070711 
<LogVarVal> 33.219604
<Mixture> 1 <Weight> 0.480144
<Mean>
861.269714 -9.082793 2.212141 13.240315 0.562063 -0.200028 -1.740870 -0.093482 -0.037315 
<Inverted_Deviation>
0.008594 0.014839 0.022171 0.026331 0.044845 0.066262 0.070711 0.070711 0.070711 
<LogVarVal> 35.330551
<Mixture> 2 <Weight> 0.028719
<Mean>
1525.798218 -455.707001 -47.840263 -18.709667 -8.418695 3.139471 3.048466 2.938377 -0.682911 
<Inverted_Deviation>
0.002449 0.004804 0.003331 0.013074 0.014554 0.011391 0.053848 0.062360 0.057201 
<LogVarVal> 43.805790
<State> 5
<NumMixes> 3
<Mixture> 0 <Weight> 0.733895
<Mean>
1851.399536 -10.311567 -18.297785 -12.460760 -10.097163 -2.201352 -3.417142 -0.372677 1.571299 
<Inverted_Deviation>
0.002249 0.006231 0.009825 0.010440 0.014681 0.023075 0.019195 0.026815 0.034462 
<LogVarVal> 44.441566
<Mixture> 1 <Weight> 0.171583
<Mean>
679.084412 -5.501114 25.608801 -28.555620 25.619289 -14.284803 10.196444 -10.934311 6.844780 
<Inverted_Deviation>
0.003869 0.005213 0.006995 0.013158 0.012252 0.014600 0.022610 0.022957 0.032375 
<LogVarVal> 44.878685
<Mixture> 2 <Weight> 0.094521
<Mean>
1297.531860 -494.969055 112.875908 -139.072510 60.869022 43.184734 14.387695 20.749125 -22.925346 
<Inverted_Deviation>
0.003071 0.003591 0.003678 0.004827 0.006611 0.006599 0.008805 0.012620 0.014189 
<LogVarVal> 50.905327
<TransP>
-0.125134 -2.140286 -10000000000.000000 -10000000000.000000 -10000000000.000000 -10000000000.000000 
-10000000000.000000 -0.064899 -2.767190 -10000000000.000000 -10000000000.000000 -10000000000.000000 
-10000000000.000000 -10000000000.000000 -0.059003 -2.859522 -10000000000.000000 -10000000000.000000 
-10000000000.000000 -10000000000.000000 -10000000000.000000 -0.129762 -2.106233 -10000000000.000000 
-10000000000.000000 -10000000000.000000 -10000000000.000000 -10000000000.000000 -0.061775 -2.814983 
-10000000000.000000 -10000000000.000000 -10000000000.000000 -10000000000.000000 -10000000000.000000 0.000000 
<EndEmbeddedHMM>
<BeginEmbeddedHMM>
<NumStates> 3
<State> 0
<NumMixes> 3
<Mixture> 0 <Weight> 0.079855
<Mean>
2042.558350 12.124596 -15.399508 -9.207680 12.424944 -5.679439 -2.171309 1.270508 0.822458 
<Inverted_Deviation>
0.003587 0.006718 0.015225 0.016699 0.017691 0.032709 0.038233 0.065627 0.067053 
<LogVarVal> 40.206654
<Mixture> 1 <Weight> 0.898367
<Mean>
346.949646 4.683709 0.105809 12.432437 -0.711357 -0.060581 0.652629 -0.077420 0.003713 
<Inverted_Deviation>
0.006385 0.038988 0.070711 0.038061 0.070711 0.070711 0.070711 0.070711 0.070711 
<LogVarVal> 32.613182
<Mixture> 2 <Weight> 0.021779
<Mean>
1024.305664 272.241882 42.120224 -106.324158 -42.798168 21.229515 8.522760 -6.075115 -2.696459 
<Inverted_Deviation>
0.002347 0.004383 0.010933 0.009159 0.009717 0.009160 0.045358 0.020726 0.016093 
<LogVarVal> 46.270832
<State> 1
<NumMixes> 3
<Mixture> 0 <Weight> 0.324638
<Mean>
305.392914 0.945407 -0.363367 -5.675884 -3.002949 0.649000 -8.953691 -2.949577 0.995922 
<Inverted_Deviation>
0.013362 0.018741 0.070711 0.005940 0.036821 0.070711 0.022011 0.043930 0.070711 
<LogVarVal> 36.760284
<Mixture> 1 <Weight> 0.572464
<Mean>
131.450043 0.413385 2.544086 2.212965 0.520974 0.438686 18.500807 0.860038 -0.315517 
<Inverted_Deviation>
0.014316 0.030549 0.070711 0.010484 0.039715 0.070711 0.024255 0.070711 0.070711 
<LogVarVal> 34.985840
<Mixture> 2 <Weight> 0.102899
<Mean>
493.576233 -4.331080 -3.811604 30.166967 17.363548 -3.690126 -54.024712 5.550726 0.260086 
<Inverted_Deviation>
0.013160 0.018808 0.046155 0.007593 0.026896 0.067033 0.013408 0.055046 0.069692 
<LogVarVal> 37.605103
<State> 2
<NumMixes> 3
<Mixture> 0 <Weight> 0.053623
<Mean>
2301.630859 2.071112 -15.805365 -5.021667 -9.351853 -10.907703 0.312579 -4.796284 -5.067898 
<Inverted_Deviation>
0.009444 0.009749 0.015500 0.018473 0.013626 0.019487 0.029090 0.028851 0.031370 
<LogVarVal> 41.381302
<Mixture> 1 <Weight> 0.298551
<Mean>
502.116669 -82.931084 24.232780 22.549065 7.804710 -5.303983 4.936872 -0.733921 -0.448857 
<Inverted_Deviation>
0.003040 0.006813 0.009735 0.012446 0.019531 0.027564 0.051126 0.044052 0.054555 
<LogVarVal> 41.485943
<Mixture> 2 <Weight> 0.647826
<Mean>
1598.375610 -41.920227 -11.173323 -7.338850 -2.666765 3.190048 -0.333606 0.596136 0.322033 
<Inverted_Deviation>
0.004481 0.004379 0.010207 0.021097 0.028476 0.026448 0.048354 0.064847 0.056936 
<LogVarVal> 40.255466
<TransP>
-0.031339 -3.478522 -10000000000.000000 
-10000000000.000000 -0.050531 -3.010331 
-10000000000.000000 -10000000000.000000 -0.000000 
<EndEmbeddedHMM>
