<NumSuperStates> 5
<NumStates> 3 6 6 6 3 
<NumMixtures> 3 3 3 3 3 3 3 3 3 3 3 3 3 3 3 3 3 3 3 3 3 3 3 3 
<VecSize> 9
<BeginExternalHMM>
<NumStates> 5
<TransP>
-0.072321 -2.662588 -10000000000.000000 -10000000000.000000 -10000000000.000000 
-10000000000.000000 -0.064771 -2.769110 -10000000000.000000 -10000000000.000000 
-10000000000.000000 -10000000000.000000 -0.090972 -2.442347 -10000000000.000000 
-10000000000.000000 -10000000000.000000 -10000000000.000000 -0.036004 -3.342076 
-10000000000.000000 -10000000000.000000 -10000000000.000000 -10000000000.000000 0.000000 
<EndExternalHMM>
<BeginEmbeddedHMM>
<NumStates> 3
<State> 0
<NumMixes> 3
<Mixture> 0 <Weight> 0.156435
<Mean>
1231.269653 -144.071014 -8.092468 -92.544861 2.944993 4.060987 -0.542588 3.044835 0.231949 
<Inverted_Deviation>
0.003804 0.010911 0.029677 0.021123 0.034344 0.060456 0.067750 0.070711 0.070711 
<LogVarVal> 36.783180
<Mixture> 1 <Weight> 0.131423
<Mean>
1785.849854 -60.792030 -7.146174 -41.999939 -5.431036 -1.709839 -6.376464 -0.257825 -0.064501 
<Inverted_Deviation>
0.004499 0.024093 0.069146 0.021307 0.068455 0.070711 0.066935 0.070711 0.070711 
<LogVarVal> 34.134480
<Mixture> 2 <Weight> 0.712142
<Mean>
636.948914 -11.133310 10.201754 6.543784 5.347519 -0.920557 13.521452 -0.356031 -0.123700 
<Inverted_Deviation>
0.004676 0.010632 0.026327 0.012221 0.049515 0.070711 0.023034 0.070711 0.070711 
<LogVarVal> 37.825935
<State> 1
<NumMixes> 3
<Mixture> 0 <Weight> 0.410851
<Mean>
1445.492798 10.828243 -0.803207 -82.795906 -0.711661 0.132134 -2.066015 -0.217606 0.023134 
<Inverted_Deviation>
0.005233 0.031435 0.070711 0.024381 0.053944 0.070711 0.067656 0.070711 0.070711 
<LogVarVal> 33.787525
<Mixture> 1 <Weight> 0.458413
<Mean>
1935.555054 4.758652 -0.994303 -41.960991 -0.049137 0.072847 -6.524245 0.231962 -0.013674 
<Inverted_Deviation>
0.004377 0.032483 0.070711 0.019779 0.070711 0.070711 0.070711 0.070711 0.070711 
<LogVarVal> 33.827850
<Mixture> 2 <Weight> 0.130736
<Mean>
1080.339111 0.500010 0.291301 -94.165344 -1.944178 0.247556 2.866846 0.127608 -0.199455 
<Inverted_Deviation>
0.006497 0.033964 0.070711 0.019163 0.067058 0.070711 0.055404 0.070711 0.070711 
<LogVarVal> 33.716827
<State> 2
<NumMixes> 3
<Mixture> 0 <Weight> 0.690508
<Mean>
930.172424 -2.984197 3.616235 -35.423695 -3.187233 -0.126299 2.574923 0.278724 -0.027350 
<Inverted_Deviation>
0.005021 0.014037 0.052966 0.013793 0.054274 0.070711 0.047300 0.070711 0.070711 
<LogVarVal> 35.845657
<Mixture> 1 <Weight> 0.238794
<Mean>
1458.406372 -70.239777 7.291243 -5.946066 3.933573 0.984588 -18.800772 0.422019 -0.123444 
<Inverted_Deviation>
0.003839 0.004271 0.006242 0.004777 0.015515 0.024897 0.011345 0.026179 0.038346 
<LogVarVal> 45.831932
<Mixture> 2 <Weight> 0.070699
<Mean>
2521.846680 -232.056152 -177.181961 -21.105627 17.002136 0.276484 -26.208031 3.521034 2.915064 
<Inverted_Deviation>
0.002111 0.002083 0.003233 0.004181 0.012725 0.013461 0.006715 0.020161 0.023212 
<LogVarVal> 50.039631
<TransP>
-0.060454 -2.835946 -10000000000.000000 
-10000000000.000000 -0.031317 -3.479211 
-10000000000.000000 -10000000000.000000 0.000000 
<EndEmbeddedHMM>
<BeginEmbeddedHMM>
<NumStates> 6
<State> 0
<NumMixes> 3
<Mixture> 0 <Weight> 0.237848
<Mean>
1256.910645 -301.315399 -19.561863 -64.621880 -7.844089 23.051830 9.092146 10.298264 1.447369 
<Inverted_Deviation>
0.003413 0.004098 0.005980 0.005530 0.008606 0.013004 0.009959 0.017286 0.025191 
<LogVarVal> 48.091743
<Mixture> 1 <Weight> 0.308349
<Mean>
1918.151123 -43.773026 -21.213184 14.738438 -0.485391 -4.891344 -8.149181 -2.517536 0.839591 
<Inverted_Deviation>
0.003590 0.006187 0.008957 0.006014 0.010176 0.016335 0.007800 0.011676 0.020508 
<LogVarVal> 47.588257
<Mixture> 2 <Weight> 0.453803
<Mean>
626.262451 -6.393886 39.051159 -23.974283 7.567661 -4.927873 5.400434 -1.793724 -0.531720 
<Inverted_Deviation>
0.004431 0.005632 0.012684 0.013944 0.014264 0.022620 0.029306 0.031241 0.040973 
<LogVarVal> 42.619644
<State> 1
<NumMixes> 3
<Mixture> 0 <Weight> 0.439490
<Mean>
1940.828613 6.289761 -5.153758 33.906166 -10.863127 -0.463791 -25.143631 1.602565 0.579794 
<Inverted_Deviation>
0.006622 0.015056 0.051611 0.005938 0.019261 0.057082 0.010737 0.026354 0.059616 
<LogVarVal> 40.257984
<Mixture> 1 <Weight> 0.220035
<Mean>
1178.270142 6.367592 7.123725 18.137096 8.226579 2.395829 62.638210 2.731883 -1.873736 
<Inverted_Deviation>
0.004339 0.008426 0.023956 0.003842 0.014430 0.030430 0.006823 0.017775 0.033744 
<LogVarVal> 44.798519
<Mixture> 2 <Weight> 0.340475
<Mean>
1619.011963 26.653635 -0.734159 104.049362 -0.875312 -4.105327 6.415082 -6.260093 -0.454106 
<Inverted_Deviation>
0.006464 0.010925 0.037911 0.004014 0.014533 0.037532 0.007021 0.016099 0.040120 
<LogVarVal> 43.317554
<State> 2
<NumMixes> 3
<Mixture> 0 <Weight> 0.299033
<Mean>
1307.770386 -14.932125 4.888415 -39.586807 -4.311392 -0.283740 14.641550 1.223756 0.028534 
<Inverted_Deviation>
0.006809 0.013288 0.043179 0.007611 0.022205 0.044958 0.024780 0.041803 0.060939 
<LogVarVal> 39.062183
<Mixture> 1 <Weight> 0.207564
<Mean>
1859.049561 0.061964 -10.239811 -16.016420 6.163676 0.441000 -8.530879 -2.971061 -0.771307 
<Inverted_Deviation>
0.007078 0.011247 0.019811 0.007646 0.018811 0.027218 0.013280 0.023601 0.037034 
<LogVarVal> 42.325825
<Mixture> 2 <Weight> 0.493404
<Mean>
1581.767456 -8.458346 -0.577347 -38.950459 0.508894 0.195184 -0.524048 1.672385 0.504757 
<Inverted_Deviation>
0.009149 0.011522 0.028389 0.008261 0.022159 0.034913 0.020608 0.032637 0.050504 
<LogVarVal> 40.121300
<State> 3
<NumMixes> 3
<Mixture> 0 <Weight> 0.273634
<Mean>
1890.726440 6.518636 -2.363006 15.329120 0.451968 0.301796 -8.070775 -0.079094 0.001715 
<Inverted_Deviation>
0.006180 0.023684 0.070711 0.013586 0.069136 0.070711 0.066030 0.070711 0.070711 
<LogVarVal> 34.265411
<Mixture> 1 <Weight> 0.476471
<Mean>
1581.212036 4.939351 -0.753855 -5.076775 0.468985 -0.161821 -0.329551 -0.166373 0.011447 
<Inverted_Deviation>
0.008992 0.017352 0.070519 0.011289 0.048548 0.070711 0.042694 0.070711 0.070711 
<LogVarVal> 35.178982
<Mixture> 2 <Weight> 0.249895
<Mean>
1292.206177 3.852510 5.555980 -23.401117 2.828731 0.278962 5.518025 0.358509 -0.191240 
<Inverted_Deviation>
0.007599 0.013824 0.058302 0.012339 0.038188 0.070711 0.042821 0.070711 0.070711 
<LogVarVal> 35.912941
<State> 4
<NumMixes> 3
<Mixture> 0 <Weight> 0.259897
<Mean>
1119.787720 2.717522 7.366125 32.789898 0.953779 -0.388776 40.131527 -0.948367 -1.011118 
<Inverted_Deviation>
0.005405 0.010946 0.037982 0.005019 0.022185 0.041604 0.012073 0.031632 0.053702 
<LogVarVal> 41.234299
<Mixture> 1 <Weight> 0.346408
<Mean>
1766.153564 -17.481316 -2.763779 -9.064464 1.319881 -0.426166 -14.623626 -0.950415 0.059752 
<Inverted_Deviation>
0.007970 0.018479 0.044268 0.008642 0.026328 0.064629 0.014827 0.039137 0.069318 
<LogVarVal> 38.340355
<Mixture> 2 <Weight> 0.393695
<Mean>
1469.494385 -7.950140 -3.351799 36.612129 0.671169 -0.149039 -11.428294 1.548257 0.793414 
<Inverted_Deviation>
0.007552 0.012187 0.033068 0.005257 0.019160 0.040533 0.010445 0.026245 0.048697 
<LogVarVal> 41.486679
<State> 5
<NumMixes> 3
<Mixture> 0 <Weight> 0.349496
<Mean>
1209.511719 25.684681 20.428415 -54.492214 -5.965833 0.821801 17.075174 -2.811945 -1.410372 
<Inverted_Deviation>
0.003565 0.004739 0.008083 0.008735 0.010830 0.014908 0.014054 0.015135 0.021702 
<LogVarVal> 46.715584
<Mixture> 1 <Weight> 0.470347
<Mean>
1748.515869 -97.331665 13.413244 -23.628456 6.007001 1.632697 2.136304 1.601958 -0.520473 
<Inverted_Deviation>
0.004084 0.002785 0.004190 0.007160 0.009346 0.012125 0.011762 0.015890 0.021776 
<LogVarVal> 48.446995
<Mixture> 2 <Weight> 0.180157
<Mean>
2666.494873 -145.055466 -210.141159 -1.325963 -21.889360 -4.695015 -11.921433 0.400752 4.261447 
<Inverted_Deviation>
0.002715 0.002087 0.003845 0.006230 0.009181 0.011868 0.018478 0.023214 0.025205 
<LogVarVal> 48.430698
<TransP>
-0.112602 -2.239671 -10000000000.000000 -10000000000.000000 -10000000000.000000 -10000000000.000000 
-10000000000.000000 -0.086748 -2.487806 -10000000000.000000 -10000000000.000000 -10000000000.000000 
-10000000000.000000 -10000000000.000000 -0.134914 -2.069813 -10000000000.000000 -10000000000.000000 
-10000000000.000000 -10000000000.000000 -10000000000.000000 -0.041150 -3.211040 -10000000000.000000 
-10000000000.000000 -10000000000.000000 -10000000000.000000 -10000000000.000000 -0.111161 -2.251842 
-10000000000.000000 -10000000000.000000 -10000000000.000000 -10000000000.000000 -10000000000.000000 0.000000 
<EndEmbeddedHMM>
<BeginEmbeddedHMM>
<NumStates> 6
<State> 0
<NumMixes> 3
<Mixture> 0 <Weight> 0.418470
<Mean>
1694.138916 -107.927261 -86.111076 -43.252144 -10.721575 -3.287704 -3.813129 2.530936 3.723734 
<Inverted_Deviation>
0.005770 0.003257 0.005582 0.005978 0.011382 0.015399 0.010825 0.019435 0.029013 
<LogVarVal> 46.997051
<Mixture> 1 <Weight> 0.297980
<Mean>
1221.676880 -145.295853 57.687000 -76.945641 20.300035 11.391624 8.311482 -0.461244 -3.762701 
<Inverted_Deviation>
0.003383 0.002800 0.004817 0.005624 0.008693 0.010970 0.011315 0.016210 0.021296 
<LogVarVal> 48.945389
<Mixture> 2 <Weight> 0.283550
<Mean>
2025.928101 -17.581978 -3.066920 -40.198128 -7.582266 -3.298507 -10.265198 -0.380714 -1.037383 
<Inverted_Deviation>
0.008615 0.007787 0.012240 0.008445 0.015709 0.022371 0.019647 0.030716 0.044106 
<LogVarVal> 42.425598
<State> 1
<NumMixes> 3
<Mixture> 0 <Weight> 0.475744
<Mean>
2197.023438 0.089624 -3.122638 -3.802927 1.779009 0.181244 -3.207578 0.141885 0.010223 
<Inverted_Deviation>
0.006577 0.018542 0.070711 0.018798 0.052274 0.070711 0.054307 0.070711 0.070711 
<LogVarVal> 34.598106
<Mixture> 1 <Weight> 0.455768
<Mean>
1835.062012 9.746370 0.870832 -27.681948 -2.071007 -0.491874 -3.213411 -0.882725 0.080631 
<Inverted_Deviation>
0.007013 0.019520 0.070711 0.014348 0.039997 0.070711 0.038274 0.070711 0.070711 
<LogVarVal> 35.370270
<Mixture> 2 <Weight> 0.068488
<Mean>
1432.647827 2.518125 5.948701 -115.739815 -0.660436 1.428865 -3.144547 -0.250993 -0.399636 
<Inverted_Deviation>
0.004879 0.013981 0.070308 0.010568 0.032035 0.070711 0.012601 0.039163 0.070711 
<LogVarVal> 38.302113
<State> 2
<NumMixes> 3
<Mixture> 0 <Weight> 0.428295
<Mean>
2230.924561 -32.220024 -24.849064 -16.227913 -37.083225 -3.197798 -15.594291 -2.406662 3.037721 
<Inverted_Deviation>
0.008043 0.009247 0.031581 0.010177 0.022630 0.029921 0.043621 0.041652 0.050838 
<LogVarVal> 39.287880
<Mixture> 1 <Weight> 0.369186
<Mean>
1895.414185 -110.853241 8.382498 -81.841927 21.070646 14.736229 4.494026 14.624120 -2.423831 
<Inverted_Deviation>
0.006967 0.008854 0.015199 0.010394 0.011909 0.017768 0.031447 0.026629 0.029481 
<LogVarVal> 42.667854
<Mixture> 2 <Weight> 0.202519
<Mean>
1575.818970 -10.042623 17.464245 -30.317678 23.165802 -13.034265 17.722294 -11.912397 -1.322240 
<Inverted_Deviation>
0.006554 0.007964 0.013148 0.010399 0.011498 0.020050 0.023456 0.027223 0.029741 
<LogVarVal> 43.156082
<State> 3
<NumMixes> 3
<Mixture> 0 <Weight> 0.430060
<Mean>
1739.573364 55.255436 -3.030229 2.984685 9.458857 1.289021 -6.303854 -0.813837 0.783440 
<Inverted_Deviation>
0.007983 0.014030 0.034671 0.009558 0.031357 0.050143 0.056460 0.065929 0.070711 
<LogVarVal> 36.958351
<Mixture> 1 <Weight> 0.411210
<Mean>
2088.260742 59.338573 -1.599857 12.313542 2.161620 -1.600859 -5.126967 -0.522369 -0.452164 
<Inverted_Deviation>
0.005755 0.039745 0.070711 0.014091 0.070711 0.070711 0.070711 0.070711 0.070711 
<LogVarVal> 33.691372
<Mixture> 2 <Weight> 0.158730
<Mean>
1452.694336 17.614582 25.178606 -27.278753 -25.068098 -0.198403 11.930818 -2.194070 -1.781197 
<Inverted_Deviation>
0.005794 0.006559 0.012483 0.008852 0.013048 0.016678 0.027282 0.022525 0.027064 
<LogVarVal> 43.876694
<State> 4
<NumMixes> 3
<Mixture> 0 <Weight> 0.647127
<Mean>
1798.560669 -14.363156 0.838096 7.870574 -0.801196 0.107011 -1.554677 -0.083760 0.021400 
<Inverted_Deviation>
0.010290 0.029052 0.070711 0.024935 0.070711 0.070711 0.064550 0.070711 0.070711 
<LogVarVal> 32.944080
<Mixture> 1 <Weight> 0.276576
<Mean>
1609.112793 -14.195986 1.375609 3.886150 -2.291950 -0.518561 0.321437 0.739039 -0.029576 
<Inverted_Deviation>
0.013872 0.027592 0.070711 0.018807 0.062590 0.070711 0.045230 0.070711 0.070711 
<LogVarVal> 33.456734
<Mixture> 2 <Weight> 0.076297
<Mean>
1474.029785 -9.958160 2.296456 -22.493271 -1.521311 -0.294204 -0.312255 0.327414 -0.043543 
<Inverted_Deviation>
0.020728 0.032098 0.070711 0.022473 0.059885 0.070711 0.057793 0.070711 0.070711 
<LogVarVal> 32.524803
<State> 5
<NumMixes> 3
<Mixture> 0 <Weight> 0.297554
<Mean>
1630.668213 88.918243 -14.960981 17.622433 -1.899798 3.058011 3.111306 -3.075143 -0.958117 
<Inverted_Deviation>
0.004780 0.003707 0.004401 0.008877 0.010785 0.010791 0.016533 0.023802 0.029353 
<LogVarVal> 46.669682
<Mixture> 1 <Weight> 0.071332
<Mean>
2630.655273 -72.137726 -205.598404 53.005386 9.153234 -10.669867 -9.365520 1.427707 2.321211 
<Inverted_Deviation>
0.003525 0.002410 0.004426 0.008926 0.013219 0.015983 0.013735 0.029515 0.038005 
<LogVarVal> 46.509258
<Mixture> 2 <Weight> 0.631114
<Mean>
2012.906006 -36.429008 -9.323858 4.590517 -1.723077 -1.346037 -6.957952 0.942256 0.071287 
<Inverted_Deviation>
0.005654 0.004859 0.005833 0.009177 0.012034 0.015034 0.017235 0.023042 0.030967 
<LogVarVal> 45.412354
<TransP>
-0.161755 -1.901458 -10000000000.000000 -10000000000.000000 -10000000000.000000 -10000000000.000000 
-10000000000.000000 -0.043109 -3.165495 -10000000000.000000 -10000000000.000000 -10000000000.000000 
-10000000000.000000 -10000000000.000000 -0.223871 -1.606535 -10000000000.000000 -10000000000.000000 
-10000000000.000000 -10000000000.000000 -10000000000.000000 -0.108341 -2.276152 -10000000000.000000 
-10000000000.000000 -10000000000.000000 -10000000000.000000 -10000000000.000000 -0.049349 -3.033419 
-10000000000.000000 -10000000000.000000 -10000000000.000000 -10000000000.000000 -10000000000.000000 0.000000 
<EndEmbeddedHMM>
<BeginEmbeddedHMM>
<NumStates> 6
<State> 0
<NumMixes> 3
<Mixture> 0 <Weight> 0.341272
<Mean>
1887.393677 38.970356 -19.139814 4.747366 -4.237123 1.269295 -7.136668 -3.034878 -0.189711 
<Inverted_Deviation>
0.004305 0.005871 0.009220 0.008464 0.015803 0.024416 0.017667 0.027887 0.041607 
<LogVarVal> 43.850445
<Mixture> 1 <Weight> 0.340765
<Mean>
1018.784790 -1.914394 45.109760 12.940559 -3.222817 0.295283 8.656475 -0.179713 -1.771712 
<Inverted_Deviation>
0.003792 0.003688 0.007122 0.008270 0.017771 0.027495 0.012567 0.031566 0.047713 
<LogVarVal> 44.567429
<Mixture> 2 <Weight> 0.317963
<Mean>
1523.632568 -254.592209 -70.178207 15.584640 4.696962 -2.604455 -2.433219 3.700167 2.203799 
<Inverted_Deviation>
0.004401 0.004012 0.005165 0.007410 0.012584 0.017648 0.014198 0.022466 0.032532 
<LogVarVal> 46.154575
<State> 1
<NumMixes> 3
<Mixture> 0 <Weight> 0.050524
<Mean>
1493.971802 8.396883 10.515273 3.878212 8.187824 -0.081351 5.503310 -0.758540 -1.137377 
<Inverted_Deviation>
0.006530 0.009634 0.027888 0.013686 0.025068 0.047120 0.058606 0.063995 0.070711 
<LogVarVal> 37.672382
<Mixture> 1 <Weight> 0.562094
<Mean>
2036.717163 -0.158430 -2.977808 3.205810 0.662584 0.040993 -2.166833 0.144107 -0.007894 
<Inverted_Deviation>
0.008454 0.021702 0.070711 0.022562 0.063879 0.070711 0.070711 0.070711 0.070711 
<LogVarVal> 33.542862
<Mixture> 2 <Weight> 0.387382
<Mean>
1767.320190 3.057474 -0.813260 4.088717 -0.095205 0.120656 -0.740172 0.233001 -0.012543 
<Inverted_Deviation>
0.009079 0.015135 0.057396 0.017886 0.045240 0.070711 0.070579 0.070711 0.070711 
<LogVarVal> 34.619583
<State> 2
<NumMixes> 3
<Mixture> 0 <Weight> 0.463512
<Mean>
1578.682373 48.751247 -0.384363 43.709000 1.032095 -2.518902 -37.701946 -5.232971 1.464002 
<Inverted_Deviation>
0.006354 0.009545 0.027520 0.003501 0.013723 0.034307 0.008258 0.017083 0.036039 
<LogVarVal> 43.959724
<Mixture> 1 <Weight> 0.287628
<Mean>
1187.302979 33.471184 11.226685 -55.808258 12.123795 1.602137 81.984306 0.996467 -3.220588 
<Inverted_Deviation>
0.004701 0.008911 0.020019 0.002933 0.011357 0.025108 0.005662 0.014309 0.027954 
<LogVarVal> 46.135052
<Mixture> 2 <Weight> 0.248860
<Mean>
1951.513672 32.707211 -9.643944 40.241196 -17.987680 1.333641 -35.704376 4.559819 1.543460 
<Inverted_Deviation>
0.005391 0.009912 0.026811 0.005113 0.013232 0.032347 0.011250 0.019922 0.040470 
<LogVarVal> 43.250233
<State> 3
<NumMixes> 3
<Mixture> 0 <Weight> 0.410491
<Mean>
1282.242554 9.216583 2.354006 32.966908 1.606362 -0.421937 -2.717532 0.180971 0.519869 
<Inverted_Deviation>
0.008707 0.012298 0.031500 0.005292 0.024347 0.047957 0.017717 0.035333 0.064974 
<LogVarVal> 39.855366
<Mixture> 1 <Weight> 0.341943
<Mean>
981.299561 -0.943824 5.036193 25.715174 -0.348964 0.313668 32.634869 1.778521 -0.553724 
<Inverted_Deviation>
0.006616 0.015782 0.043569 0.005573 0.021328 0.047533 0.013025 0.030854 0.056141 
<LogVarVal> 40.234974
<Mixture> 2 <Weight> 0.247566
<Mean>
1550.239624 23.695492 -2.016748 20.471430 2.377306 0.914544 -11.765227 -2.566679 -0.280780 
<Inverted_Deviation>
0.007463 0.015375 0.029267 0.006915 0.032203 0.066353 0.026614 0.057409 0.070711 
<LogVarVal> 38.010815
<State> 4
<NumMixes> 3
<Mixture> 0 <Weight> 0.149132
<Mean>
1091.618774 -10.470279 2.001798 -21.099625 -2.333196 0.647480 1.802235 0.590469 0.143642 
<Inverted_Deviation>
0.007584 0.015500 0.059933 0.019216 0.049242 0.070711 0.057806 0.070711 0.070711 
<LogVarVal> 34.775570
<Mixture> 1 <Weight> 0.488740
<Mean>
1617.435669 -13.722965 -0.402261 5.420907 -0.554971 0.186045 -0.752979 -0.005534 -0.001278 
<Inverted_Deviation>
0.009778 0.028186 0.070711 0.031930 0.070711 0.070711 0.070711 0.070711 0.070711 
<LogVarVal> 32.687057
<Mixture> 2 <Weight> 0.362129
<Mean>
1359.709961 -16.113100 0.254278 0.388477 -0.575286 -0.170114 0.194156 0.363328 0.016752 
<Inverted_Deviation>
0.010037 0.023056 0.070711 0.023368 0.062587 0.070711 0.070711 0.070711 0.070711 
<LogVarVal> 33.295982
<State> 5
<NumMixes> 3
<Mixture> 0 <Weight> 0.352913
<Mean>
1645.605225 132.397644 -9.238420 6.207798 1.440395 -12.319447 0.807919 -5.164344 1.592064 
<Inverted_Deviation>
0.004328 0.002752 0.004861 0.006062 0.008678 0.013033 0.011559 0.017227 0.022753 
<LogVarVal> 48.313213
<Mixture> 1 <Weight> 0.366706
<Mean>
1097.681152 41.908192 21.173548 16.266796 7.005585 1.690589 9.513505 0.492173 -1.624891 
<Inverted_Deviation>
0.004842 0.006053 0.009036 0.008106 0.017638 0.021985 0.014212 0.032340 0.039208 
<LogVarVal> 43.889725
<Mixture> 2 <Weight> 0.280380
<Mean>
2236.800049 -61.842808 -44.392422 -37.486557 -16.770571 10.813885 -6.408687 5.057610 0.126844 
<Inverted_Deviation>
0.003355 0.003446 0.006013 0.008045 0.010494 0.010869 0.019355 0.022781 0.021022 
<LogVarVal> 47.123379
<TransP>
-0.138066 -2.048263 -10000000000.000000 -10000000000.000000 -10000000000.000000 -10000000000.000000 
-10000000000.000000 -0.045114 -3.121040 -10000000000.000000 -10000000000.000000 -10000000000.000000 
-10000000000.000000 -10000000000.000000 -0.156767 -1.930353 -10000000000.000000 -10000000000.000000 
-10000000000.000000 -10000000000.000000 -10000000000.000000 -0.106620 -2.291324 -10000000000.000000 
-10000000000.000000 -10000000000.000000 -10000000000.000000 -10000000000.000000 -0.058722 -2.864164 
-10000000000.000000 -10000000000.000000 -10000000000.000000 -10000000000.000000 -10000000000.000000 0.000000 
<EndEmbeddedHMM>
<BeginEmbeddedHMM>
<NumStates> 3
<State> 0
<NumMixes> 3
<Mixture> 0 <Weight> 0.379257
<Mean>
1526.243286 -52.745449 -23.053270 -41.226063 3.918017 -1.013562 -59.924313 -5.497141 6.183579 
<Inverted_Deviation>
0.006290 0.004297 0.009334 0.002679 0.007538 0.014587 0.005358 0.010578 0.021439 
<LogVarVal> 49.002110
<Mixture> 1 <Weight> 0.233746
<Mean>
1858.302124 -2.428833 -22.398920 28.448549 25.522621 -4.806123 -83.950386 14.427843 2.345294 
<Inverted_Deviation>
0.007135 0.008694 0.017903 0.005849 0.009136 0.022763 0.006732 0.016284 0.031760 
<LogVarVal> 45.049477
<Mixture> 2 <Weight> 0.386997
<Mean>
1108.652222 -36.909107 15.852654 2.193254 -26.813166 0.125498 81.929031 5.164884 -7.168465 
<Inverted_Deviation>
0.004433 0.005674 0.011357 0.003079 0.010417 0.018180 0.006712 0.014840 0.027939 
<LogVarVal> 47.366730
<State> 1
<NumMixes> 3
<Mixture> 0 <Weight> 0.325962
<Mean>
1425.114136 11.662453 0.935515 58.753033 -0.918235 -0.123208 -41.570175 -0.427865 0.082088 
<Inverted_Deviation>
0.008634 0.018277 0.059968 0.006097 0.034914 0.070711 0.012767 0.059244 0.070711 
<LogVarVal> 37.659431
<Mixture> 1 <Weight> 0.344799
<Mean>
1182.489136 2.022663 1.304253 -0.607801 -2.126001 0.498878 -10.661663 -0.280676 -0.070447 
<Inverted_Deviation>
0.009241 0.024452 0.070711 0.008872 0.047480 0.070711 0.019958 0.070711 0.070711 
<LogVarVal> 35.829449
<Mixture> 2 <Weight> 0.329238
<Mean>
1699.086060 5.530437 -2.320672 87.843765 3.913236 -0.030797 -65.675812 -0.691254 0.085359 
<Inverted_Deviation>
0.007133 0.020576 0.070711 0.005453 0.044049 0.070711 0.008999 0.070711 0.070711 
<LogVarVal> 37.619293
<State> 2
<NumMixes> 3
<Mixture> 0 <Weight> 0.286812
<Mean>
852.842407 54.769222 38.256557 14.390451 -8.303398 5.923247 24.515116 -3.456021 -3.374413 
<Inverted_Deviation>
0.003130 0.005069 0.007530 0.003907 0.010655 0.023066 0.006280 0.014419 0.027947 
<LogVarVal> 47.834190
<Mixture> 1 <Weight> 0.339309
<Mean>
1579.828613 31.289173 -0.135593 70.788857 50.922035 -8.841870 -70.920738 1.178233 -6.024397 
<Inverted_Deviation>
0.003512 0.002347 0.004938 0.002480 0.005744 0.009453 0.004003 0.007720 0.013063 
<LogVarVal> 52.711521
<Mixture> 2 <Weight> 0.373880
<Mean>
2435.619873 -19.449951 -30.166708 74.344475 -29.178064 3.123593 -84.762024 -1.007417 8.296946 
<Inverted_Deviation>
0.002394 0.003157 0.007834 0.002994 0.007455 0.009816 0.006046 0.014689 0.015234 
<LogVarVal> 50.640213
<TransP>
-0.085605 -2.500508 -10000000000.000000 
-10000000000.000000 -0.021943 -3.830281 
-10000000000.000000 -10000000000.000000 0.000000 
<EndEmbeddedHMM>
