<NumSuperStates> 5
<NumStates> 3 6 6 6 3 
<NumMixtures> 3 3 3 3 3 3 3 3 3 3 3 3 3 3 3 3 3 3 3 3 3 3 3 3 
<VecSize> 9
<BeginExternalHMM>
<NumStates> 5
<TransP>
-0.071263 -2.676798 -10000000000.000000 -10000000000.000000 -10000000000.000000 
-10000000000.000000 -0.128254 -2.117182 -10000000000.000000 -10000000000.000000 
-10000000000.000000 -10000000000.000000 -0.101254 -2.340325 -10000000000.000000 
-10000000000.000000 -10000000000.000000 -10000000000.000000 -0.028859 -3.559734 
-10000000000.000000 -10000000000.000000 -10000000000.000000 -10000000000.000000 0.000000 
<EndExternalHMM>
<BeginEmbeddedHMM>
<NumStates> 3
<State> 0
<NumMixes> 3
<Mixture> 0 <Weight> 0.635198
<Mean>
87.095581 -16.853109 7.057579 -15.216111 6.884123 -2.335162 6.378350 -1.085596 0.215187 
<Inverted_Deviation>
0.006562 0.013954 0.039998 0.016902 0.029763 0.062394 0.035677 0.070711 0.070711 
<LogVarVal> 36.669327
<Mixture> 1 <Weight> 0.142580
<Mean>
1206.319580 -79.428802 -28.734167 -118.301239 -19.195780 -6.393696 -33.741734 -1.957585 1.634396 
<Inverted_Deviation>
0.004399 0.005694 0.016395 0.007104 0.013401 0.025540 0.017406 0.029399 0.038476 
<LogVarVal> 43.619099
<Mixture> 2 <Weight> 0.222222
<Mean>
607.985596 -94.371368 1.477011 -176.176559 3.755290 10.661354 8.758502 4.112241 -1.697786 
<Inverted_Deviation>
0.004390 0.004223 0.016697 0.005535 0.014181 0.023183 0.014841 0.026131 0.041593 
<LogVarVal> 44.391338
<State> 1
<NumMixes> 3
<Mixture> 0 <Weight> 0.362005
<Mean>
563.820190 17.532587 0.011741 -42.438820 -0.114432 0.064976 -0.444865 -0.133393 -0.081017 
<Inverted_Deviation>
0.004910 0.024090 0.069666 0.021085 0.061247 0.070711 0.061862 0.070711 0.070711 
<LogVarVal> 34.240204
<Mixture> 1 <Weight> 0.230704
<Mean>
1315.268433 21.324301 -1.957433 -14.183372 0.746375 0.078535 -4.691941 0.105050 0.047036 
<Inverted_Deviation>
0.003804 0.020662 0.068205 0.020369 0.063329 0.070711 0.062695 0.070711 0.070711 
<LogVarVal> 34.657681
<Mixture> 2 <Weight> 0.407291
<Mean>
206.512924 13.095794 0.780137 -28.169500 -1.238179 0.011748 1.752055 -0.071324 0.062163 
<Inverted_Deviation>
0.008079 0.043389 0.070711 0.024679 0.070711 0.070711 0.070711 0.070711 0.070711 
<LogVarVal> 32.704079
<State> 2
<NumMixes> 3
<Mixture> 0 <Weight> 0.032849
<Mean>
314.341766 9.314823 -2.338181 18.864027 -6.245407 -0.810116 -2.661078 0.722894 -0.000917 
<Inverted_Deviation>
0.007857 0.010132 0.042528 0.013970 0.024671 0.068828 0.040976 0.068834 0.070711 
<LogVarVal> 36.916489
<Mixture> 1 <Weight> 0.958343
<Mean>
14.208619 1.591003 0.524604 -4.718488 -1.004138 0.012083 1.222201 0.050427 -0.012027 
<Inverted_Deviation>
0.023921 0.070711 0.070711 0.064692 0.070711 0.070711 0.070711 0.070711 0.070711 
<LogVarVal> 30.166517
<Mixture> 2 <Weight> 0.008807
<Mean>
792.779236 21.519707 -9.459807 -34.192547 5.982430 -0.732680 0.103840 0.828431 0.245328 
<Inverted_Deviation>
0.009630 0.010050 0.028750 0.036369 0.050566 0.070711 0.070711 0.070711 0.070711 
<LogVarVal> 34.838573
<TransP>
-0.076262 -2.611469 -10000000000.000000 
-10000000000.000000 -0.027284 -3.615056 
-10000000000.000000 -10000000000.000000 0.000000 
<EndEmbeddedHMM>
<BeginEmbeddedHMM>
<NumStates> 6
<State> 0
<NumMixes> 3
<Mixture> 0 <Weight> 0.432474
<Mean>
203.750580 -18.848309 18.464594 -35.700035 -3.826055 -3.057702 24.205631 -0.256475 -1.211992 
<Inverted_Deviation>
0.005461 0.008300 0.017582 0.007615 0.011996 0.023714 0.014613 0.025992 0.049658 
<LogVarVal> 43.114487
<Mixture> 1 <Weight> 0.305670
<Mean>
747.648926 -80.035812 0.023023 -96.550720 16.160664 10.109762 17.771452 9.422355 -1.471020 
<Inverted_Deviation>
0.004701 0.003533 0.008434 0.003550 0.007873 0.014045 0.006019 0.011719 0.022586 
<LogVarVal> 49.032944
<Mixture> 2 <Weight> 0.261856
<Mean>
1193.380615 -3.146747 -31.383017 46.209110 -21.354881 -4.100575 -39.212517 -8.013381 4.258227 
<Inverted_Deviation>
0.004579 0.005503 0.011049 0.004135 0.009095 0.017262 0.007742 0.012455 0.022347 
<LogVarVal> 47.540840
<State> 1
<NumMixes> 3
<Mixture> 0 <Weight> 0.330180
<Mean>
499.598145 58.923370 3.604202 99.644722 11.631055 -0.672317 52.451359 -0.073736 -2.531962 
<Inverted_Deviation>
0.006040 0.016812 0.039431 0.004279 0.020613 0.046966 0.008144 0.025062 0.059401 
<LogVarVal> 41.293850
<Mixture> 1 <Weight> 0.360454
<Mean>
905.949707 57.345760 -1.432035 152.283051 -9.437093 -2.519188 -38.000477 -6.884540 1.042104 
<Inverted_Deviation>
0.005821 0.013814 0.032564 0.004276 0.018467 0.049875 0.008743 0.023212 0.056490 
<LogVarVal> 41.825069
<Mixture> 2 <Weight> 0.309366
<Mean>
1374.638916 25.376698 -4.915612 48.400986 -16.175396 -0.706569 -12.206383 3.416620 -0.199134 
<Inverted_Deviation>
0.005546 0.017794 0.041005 0.010781 0.027556 0.049331 0.022319 0.036621 0.070711 
<LogVarVal> 38.458313
<State> 2
<NumMixes> 3
<Mixture> 0 <Weight> 0.635354
<Mean>
294.518982 0.282240 8.334661 17.591948 -2.072109 -1.599977 4.034703 -0.468859 0.489665 
<Inverted_Deviation>
0.007009 0.011869 0.032926 0.012827 0.032767 0.052960 0.031542 0.067742 0.070711 
<LogVarVal> 37.469551
<Mixture> 1 <Weight> 0.283838
<Mean>
744.393982 -46.491001 -10.464072 -4.153430 18.648830 4.560204 -5.350878 1.626742 0.044860 
<Inverted_Deviation>
0.006155 0.005976 0.018311 0.007958 0.019204 0.029976 0.017035 0.034863 0.048070 
<LogVarVal> 42.119564
<Mixture> 2 <Weight> 0.080808
<Mean>
1054.583374 20.525993 -21.930300 1.177377 6.094224 1.294213 -22.961414 0.882210 1.695807 
<Inverted_Deviation>
0.008419 0.011278 0.023913 0.010665 0.024797 0.044337 0.015589 0.030762 0.070711 
<LogVarVal> 39.792355
<State> 3
<NumMixes> 3
<Mixture> 0 <Weight> 0.431106
<Mean>
608.040710 35.796844 0.898372 22.968460 -8.019748 -1.053281 -3.662845 0.924130 0.075973 
<Inverted_Deviation>
0.008321 0.014944 0.035299 0.011017 0.035263 0.064594 0.026277 0.060906 0.070711 
<LogVarVal> 37.167061
<Mixture> 1 <Weight> 0.193111
<Mean>
862.652405 34.449436 -6.592902 -30.048531 -4.156555 1.770828 -2.000271 -1.451903 -0.308390 
<Inverted_Deviation>
0.010275 0.014469 0.040374 0.011484 0.040093 0.065721 0.041157 0.070711 0.070711 
<LogVarVal> 36.069054
<Mixture> 2 <Weight> 0.375783
<Mean>
239.082001 35.531914 3.443429 36.554359 0.662656 -0.384783 4.483487 -0.446096 -0.684544 
<Inverted_Deviation>
0.007498 0.010919 0.016878 0.010738 0.013759 0.017902 0.020262 0.021010 0.024696 
<LogVarVal> 42.949196
<State> 4
<NumMixes> 3
<Mixture> 0 <Weight> 0.898573
<Mean>
133.583313 2.388580 0.508033 12.368316 2.687029 0.035400 4.967003 0.138906 0.016519 
<Inverted_Deviation>
0.012231 0.040086 0.070711 0.015658 0.063838 0.070711 0.040734 0.070711 0.070711 
<LogVarVal> 33.477295
<Mixture> 1 <Weight> 0.031555
<Mean>
854.678650 21.254301 0.197871 59.644165 8.924055 -0.795827 -18.505049 -3.756570 0.481297 
<Inverted_Deviation>
0.008836 0.034511 0.067621 0.012713 0.035147 0.070711 0.032324 0.068749 0.070711 
<LogVarVal> 35.061348
<Mixture> 2 <Weight> 0.069872
<Mean>
440.751862 26.668688 0.862798 78.019234 -3.199943 -0.823078 -24.853420 -0.377332 0.452401 
<Inverted_Deviation>
0.007406 0.032886 0.070527 0.016520 0.054754 0.070711 0.034249 0.070711 0.070711 
<LogVarVal> 34.452785
<State> 5
<NumMixes> 3
<Mixture> 0 <Weight> 0.078358
<Mean>
661.150818 24.299452 -1.393208 -9.994235 2.087071 0.726750 -3.229948 -0.321478 -0.194610 
<Inverted_Deviation>
0.006190 0.024541 0.070711 0.032197 0.058823 0.070711 0.070711 0.070711 0.070711 
<LogVarVal> 33.458462
<Mixture> 1 <Weight> 0.362562
<Mean>
221.814865 8.152609 -2.737036 -7.675546 3.451297 -0.122943 -5.505849 0.178152 0.192312 
<Inverted_Deviation>
0.012634 0.028347 0.070711 0.033835 0.070711 0.070711 0.070711 0.070711 0.070711 
<LogVarVal> 32.367130
<Mixture> 2 <Weight> 0.559080
<Mean>
46.306087 7.551220 1.943853 -4.698591 -1.338638 0.271226 2.669704 0.013280 -0.042424 
<Inverted_Deviation>
0.018178 0.030426 0.070711 0.038874 0.070711 0.070711 0.070711 0.070711 0.070711 
<LogVarVal> 31.793676
<TransP>
-0.057280 -2.888312 -10000000000.000000 -10000000000.000000 -10000000000.000000 -10000000000.000000 
-10000000000.000000 -0.107781 -2.281059 -10000000000.000000 -10000000000.000000 -10000000000.000000 
-10000000000.000000 -10000000000.000000 -0.115513 -2.215574 -10000000000.000000 -10000000000.000000 
-10000000000.000000 -10000000000.000000 -10000000000.000000 -0.119611 -2.182717 -10000000000.000000 
-10000000000.000000 -10000000000.000000 -10000000000.000000 -10000000000.000000 -0.084624 -2.511554 
-10000000000.000000 -10000000000.000000 -10000000000.000000 -10000000000.000000 -10000000000.000000 0.000000 
<EndEmbeddedHMM>
<BeginEmbeddedHMM>
<NumStates> 6
<State> 0
<NumMixes> 3
<Mixture> 0 <Weight> 0.676172
<Mean>
1324.867554 0.407653 -12.171932 -3.362117 0.690911 -0.654024 -5.035290 -0.045687 0.226438 
<Inverted_Deviation>
0.006511 0.009522 0.015303 0.015177 0.020168 0.029581 0.037870 0.043099 0.056196 
<LogVarVal> 39.928501
<Mixture> 1 <Weight> 0.309812
<Mean>
1044.057495 -20.260687 14.689682 -29.944197 2.261164 0.324356 4.065542 1.888363 -1.276493 
<Inverted_Deviation>
0.007229 0.005463 0.008716 0.009672 0.011751 0.014617 0.021539 0.026795 0.031797 
<LogVarVal> 44.247013
<Mixture> 2 <Weight> 0.014016
<Mean>
691.798889 -7.873696 53.047779 -64.596344 27.218494 13.132259 38.323860 14.112267 -5.347148 
<Inverted_Deviation>
0.005761 0.004720 0.008816 0.007541 0.011649 0.016564 0.017335 0.018516 0.033431 
<LogVarVal> 45.277878
<State> 1
<NumMixes> 3
<Mixture> 0 <Weight> 0.473684
<Mean>
550.138245 17.192631 8.367335 -10.879066 6.972514 -0.914104 5.897620 -1.062549 -0.312728 
<Inverted_Deviation>
0.004490 0.011412 0.037617 0.008543 0.023699 0.047302 0.020968 0.039608 0.070711 
<LogVarVal> 39.609478
<Mixture> 1 <Weight> 0.444612
<Mean>
936.286743 32.484295 -4.005681 -11.061574 -13.728848 -0.541641 -7.163088 -0.983392 0.691364 
<Inverted_Deviation>
0.007081 0.009628 0.031561 0.008369 0.017853 0.033901 0.017655 0.027017 0.043685 
<LogVarVal> 41.172390
<Mixture> 2 <Weight> 0.081704
<Mean>
1317.629639 69.151901 -8.085073 -58.482216 4.900135 7.546727 -10.481726 -7.525504 6.563334 
<Inverted_Deviation>
0.006480 0.011123 0.021393 0.010032 0.009246 0.013671 0.016205 0.012074 0.015137 
<LogVarVal> 44.841545
<State> 2
<NumMixes> 3
<Mixture> 0 <Weight> 0.358940
<Mean>
610.016418 22.284761 40.173527 -47.752899 48.875793 -30.059137 12.039048 -9.777021 -4.794700 
<Inverted_Deviation>
0.003929 0.004008 0.005158 0.008211 0.007497 0.012235 0.017690 0.020044 0.026592 
<LogVarVal> 47.148010
<Mixture> 1 <Weight> 0.312583
<Mean>
1352.594238 -26.852749 -64.542122 -32.048023 -55.093845 -31.926165 -28.113443 -14.581553 3.196600 
<Inverted_Deviation>
0.005557 0.005269 0.009992 0.007477 0.009830 0.016122 0.018965 0.022808 0.027231 
<LogVarVal> 45.190857
<Mixture> 2 <Weight> 0.328477
<Mean>
968.619873 -273.713501 4.409102 -123.133179 -4.108835 63.928391 -0.884463 30.169085 0.359039 
<Inverted_Deviation>
0.004550 0.004705 0.005814 0.009355 0.006955 0.010619 0.017399 0.023667 0.019903 
<LogVarVal> 46.947742
<State> 3
<NumMixes> 3
<Mixture> 0 <Weight> 0.604260
<Mean>
200.683075 24.849773 5.473606 -13.386109 -0.602395 0.092080 0.034491 -0.295733 -0.028425 
<Inverted_Deviation>
0.006076 0.016133 0.046401 0.039259 0.051329 0.070711 0.070711 0.070711 0.070711 
<LogVarVal> 34.255772
<Mixture> 1 <Weight> 0.250124
<Mean>
1347.657471 57.354160 -20.288805 8.705169 2.954536 0.085855 -0.897942 1.012763 -0.388697 
<Inverted_Deviation>
0.005669 0.008131 0.017644 0.019305 0.034009 0.053489 0.054912 0.070711 0.070711 
<LogVarVal> 37.630566
<Mixture> 2 <Weight> 0.145617
<Mean>
731.417969 231.075089 28.576029 -8.268450 1.001134 1.744507 -3.230366 -1.067415 -0.132637 
<Inverted_Deviation>
0.004032 0.007518 0.014340 0.018384 0.024764 0.035253 0.061537 0.065681 0.070711 
<LogVarVal> 38.999813
<State> 4
<NumMixes> 3
<Mixture> 0 <Weight> 0.983838
<Mean>
294.433472 -10.302346 -1.170065 -5.637780 -0.347874 -0.123603 -1.701332 0.216210 -0.010069 
<Inverted_Deviation>
0.007271 0.029514 0.070711 0.016636 0.060227 0.070711 0.034041 0.070711 0.070711 
<LogVarVal> 34.480629
<Mixture> 1 <Weight> 0.000000
<Mean>
0.000000 0.000000 0.000000 0.000000 0.000000 0.000000 0.000000 0.000000 0.000000 
<Inverted_Deviation>
0.070711 0.070711 0.070711 0.070711 0.070711 0.070711 0.070711 0.070711 0.070711 
<LogVarVal> 28.993717
<Mixture> 2 <Weight> 0.016162
<Mean>
723.555542 13.945791 -3.333336 -9.291538 2.557549 0.223332 -7.581141 -0.077724 0.307657 
<Inverted_Deviation>
0.008628 0.022599 0.070711 0.041098 0.070711 0.070711 0.070711 0.070711 0.070711 
<LogVarVal> 32.780563
<State> 5
<NumMixes> 3
<Mixture> 0 <Weight> 0.206919
<Mean>
422.527161 8.994304 25.819351 -0.497051 45.943462 -0.418131 9.585372 0.639676 -23.863928 
<Inverted_Deviation>
0.009712 0.005428 0.012438 0.007248 0.010013 0.010134 0.016363 0.012267 0.014905 
<LogVarVal> 46.231194
<Mixture> 1 <Weight> 0.731723
<Mean>
226.889191 8.635381 2.058172 -10.535106 1.175364 0.383182 1.211986 0.184322 1.225258 
<Inverted_Deviation>
0.011408 0.023381 0.034294 0.030503 0.037376 0.042267 0.070711 0.065091 0.070711 
<LogVarVal> 34.724091
<Mixture> 2 <Weight> 0.061358
<Mean>
608.672852 7.242407 -105.996353 5.794228 -158.791504 -4.343071 -52.366268 -5.318120 65.453018 
<Inverted_Deviation>
0.008453 0.005231 0.009350 0.007103 0.009343 0.005227 0.014237 0.006717 0.011285 
<LogVarVal> 48.463455
<TransP>
-0.067475 -2.729546 -10000000000.000000 -10000000000.000000 -10000000000.000000 -10000000000.000000 
-10000000000.000000 -0.070068 -2.693125 -10000000000.000000 -10000000000.000000 -10000000000.000000 
-10000000000.000000 -10000000000.000000 -0.196998 -1.721443 -10000000000.000000 -10000000000.000000 
-10000000000.000000 -10000000000.000000 -10000000000.000000 -0.069205 -2.705083 -10000000000.000000 
-10000000000.000000 -10000000000.000000 -10000000000.000000 -10000000000.000000 -0.095310 -2.397895 
-10000000000.000000 -10000000000.000000 -10000000000.000000 -10000000000.000000 -10000000000.000000 0.000000 
<EndEmbeddedHMM>
<BeginEmbeddedHMM>
<NumStates> 6
<State> 0
<NumMixes> 3
<Mixture> 0 <Weight> 0.413703
<Mean>
1261.325317 0.381328 -3.021442 -1.645481 -0.001935 0.045701 -2.748653 0.058955 0.006618 
<Inverted_Deviation>
0.008239 0.019329 0.049453 0.023993 0.060240 0.070711 0.070711 0.070711 0.070711 
<LogVarVal> 34.039173
<Mixture> 1 <Weight> 0.250108
<Mean>
474.113617 -20.027122 4.805031 -1.688171 0.329287 -0.276680 0.978468 0.101270 -0.074805 
<Inverted_Deviation>
0.004736 0.013938 0.044544 0.029425 0.060949 0.070711 0.070711 0.070711 0.070711 
<LogVarVal> 34.808453
<Mixture> 2 <Weight> 0.336188
<Mean>
992.711365 -7.811166 -0.988748 -3.982232 -0.903641 0.203735 -0.544848 0.080778 -0.038391 
<Inverted_Deviation>
0.006595 0.013279 0.038793 0.019144 0.043469 0.070711 0.064773 0.070711 0.070711 
<LogVarVal> 35.519554
<State> 1
<NumMixes> 3
<Mixture> 0 <Weight> 0.498677
<Mean>
1158.352417 2.966751 -9.421947 -6.666808 -2.431921 -0.427158 -10.298171 0.433667 0.437885 
<Inverted_Deviation>
0.005912 0.010354 0.025520 0.009227 0.026122 0.048599 0.027438 0.054631 0.070711 
<LogVarVal> 39.027573
<Mixture> 1 <Weight> 0.340272
<Mean>
787.568604 7.026931 0.567697 -21.880051 0.690698 1.080473 4.814307 -0.602990 0.107728 
<Inverted_Deviation>
0.007081 0.006444 0.020927 0.007066 0.020591 0.042779 0.025009 0.044775 0.070711 
<LogVarVal> 40.443653
<Mixture> 2 <Weight> 0.161051
<Mean>
409.043854 4.857774 20.668493 -6.198288 8.634425 -0.673123 14.246061 0.482731 -1.106312 
<Inverted_Deviation>
0.005957 0.007637 0.024083 0.009020 0.018468 0.043775 0.029364 0.047163 0.070711 
<LogVarVal> 39.935612
<State> 2
<NumMixes> 3
<Mixture> 0 <Weight> 0.422432
<Mean>
961.812500 43.327442 -3.800151 -30.854237 -14.970608 1.285455 1.162384 -7.379882 -0.037780 
<Inverted_Deviation>
0.005937 0.005700 0.011254 0.002879 0.009382 0.018374 0.007288 0.015334 0.030128 
<LogVarVal> 47.049755
<Mixture> 1 <Weight> 0.362699
<Mean>
492.780945 24.597101 12.866504 -28.324280 -8.362526 -1.892490 60.871014 1.612655 -2.795853 
<Inverted_Deviation>
0.004457 0.006543 0.012229 0.003791 0.009922 0.018473 0.007308 0.019608 0.038186 
<LogVarVal> 46.293411
<Mixture> 2 <Weight> 0.214869
<Mean>
1389.270508 4.990115 -16.020792 18.149021 14.255930 -1.954926 -81.699783 7.766593 4.665640 
<Inverted_Deviation>
0.003579 0.005833 0.008044 0.003192 0.010720 0.014934 0.006978 0.015272 0.022881 
<LogVarVal> 48.161976
<State> 3
<NumMixes> 3
<Mixture> 0 <Weight> 0.437439
<Mean>
582.501953 26.126778 3.806180 9.772337 6.533742 0.504545 9.486962 0.509373 -0.299814 
<Inverted_Deviation>
0.008082 0.012747 0.043860 0.007900 0.033342 0.070711 0.020972 0.063060 0.070711 
<LogVarVal> 37.626953
<Mixture> 1 <Weight> 0.195645
<Mean>
282.757690 26.453428 4.707666 -0.986078 2.163960 1.065886 11.548710 1.506878 0.026305 
<Inverted_Deviation>
0.006919 0.022602 0.049187 0.010555 0.033177 0.064700 0.023855 0.063576 0.070711 
<LogVarVal> 36.762051
<Mixture> 2 <Weight> 0.366916
<Mean>
881.939941 21.097158 -2.053080 44.912041 0.856217 -0.992525 -17.593346 -0.831510 0.256351 
<Inverted_Deviation>
0.006479 0.011444 0.039232 0.006133 0.032338 0.070711 0.016949 0.055041 0.070711 
<LogVarVal> 38.700123
<State> 4
<NumMixes> 3
<Mixture> 0 <Weight> 0.409022
<Mean>
518.567200 13.926798 0.481515 11.024574 0.378179 0.072388 -0.400926 0.104419 0.047023 
<Inverted_Deviation>
0.007833 0.023160 0.070711 0.031180 0.070711 0.070711 0.070711 0.070711 0.070711 
<LogVarVal> 33.128952
<Mixture> 1 <Weight> 0.311055
<Mean>
155.307938 0.431081 1.186640 -1.987993 -0.030715 0.029576 2.365516 0.212210 -0.039050 
<Inverted_Deviation>
0.009904 0.035851 0.070711 0.023675 0.070711 0.070711 0.070711 0.070711 0.070711 
<LogVarVal> 32.732819
<Mixture> 2 <Weight> 0.279924
<Mean>
856.517151 8.349433 -1.649681 17.514072 0.207548 -0.034077 -1.163817 -0.180168 -0.038309 
<Inverted_Deviation>
0.006892 0.023744 0.070711 0.020239 0.069148 0.070711 0.063711 0.070711 0.070711 
<LogVarVal> 33.790741
<State> 5
<NumMixes> 3
<Mixture> 0 <Weight> 0.463227
<Mean>
342.171967 -3.260220 2.043745 -2.743038 1.958407 0.159152 -1.507593 0.230486 -0.204552 
<Inverted_Deviation>
0.013261 0.012871 0.027773 0.021550 0.035372 0.065036 0.062953 0.070711 0.070711 
<LogVarVal> 35.386395
<Mixture> 1 <Weight> 0.507894
<Mean>
210.674927 11.355202 2.718881 2.197621 0.372017 -0.421304 0.831845 -0.426145 0.028752 
<Inverted_Deviation>
0.012397 0.019267 0.040014 0.033098 0.051968 0.070711 0.070711 0.070711 0.070711 
<LogVarVal> 33.671486
<Mixture> 2 <Weight> 0.028879
<Mean>
959.175354 -198.375366 -35.667534 -49.172318 -12.784405 5.662614 -10.818353 3.413605 2.777735 
<Inverted_Deviation>
0.002877 0.004840 0.011076 0.008089 0.017026 0.018236 0.025979 0.031454 0.047429 
<LogVarVal> 43.889004
<TransP>
-0.050814 -3.004881 -10000000000.000000 -10000000000.000000 -10000000000.000000 -10000000000.000000 
-10000000000.000000 -0.084049 -2.518085 -10000000000.000000 -10000000000.000000 -10000000000.000000 
-10000000000.000000 -10000000000.000000 -0.218641 -1.627652 -10000000000.000000 -10000000000.000000 
-10000000000.000000 -10000000000.000000 -10000000000.000000 -0.160781 -1.907027 -10000000000.000000 
-10000000000.000000 -10000000000.000000 -10000000000.000000 -10000000000.000000 -0.059823 -2.846130 
-10000000000.000000 -10000000000.000000 -10000000000.000000 -10000000000.000000 -10000000000.000000 0.000000 
<EndEmbeddedHMM>
<BeginEmbeddedHMM>
<NumStates> 3
<State> 0
<NumMixes> 3
<Mixture> 0 <Weight> 0.178667
<Mean>
1037.322632 29.634396 4.883406 12.641403 -6.311573 -0.172247 0.271798 -0.039760 -0.205699 
<Inverted_Deviation>
0.005376 0.010533 0.044929 0.013553 0.034251 0.067323 0.050718 0.070711 0.070711 
<LogVarVal> 36.686153
<Mixture> 1 <Weight> 0.407828
<Mean>
406.956543 8.041788 1.216417 11.243894 0.400948 -0.094103 1.736402 0.085833 -0.039722 
<Inverted_Deviation>
0.006106 0.029544 0.070711 0.024877 0.070711 0.070711 0.070711 0.070711 0.070711 
<LogVarVal> 33.360455
<Mixture> 2 <Weight> 0.413505
<Mean>
1414.726440 5.705333 -3.580596 -7.937315 2.876645 0.074038 -1.379465 -0.050639 0.149409 
<Inverted_Deviation>
0.007593 0.017740 0.070711 0.024126 0.058030 0.070711 0.070711 0.070711 0.070711 
<LogVarVal> 33.880825
<State> 1
<NumMixes> 3
<Mixture> 0 <Weight> 0.797264
<Mean>
410.123535 5.494106 0.391860 -19.275055 -1.942402 0.034785 3.273244 0.590465 -0.017679 
<Inverted_Deviation>
0.009502 0.034808 0.070711 0.020238 0.070711 0.070711 0.044626 0.070711 0.070711 
<LogVarVal> 33.420849
<Mixture> 1 <Weight> 0.119403
<Mean>
852.169189 71.600403 1.068570 -85.250778 9.152970 1.027672 -0.865946 -1.409760 -0.328805 
<Inverted_Deviation>
0.005500 0.016724 0.035510 0.007329 0.024860 0.050043 0.015829 0.038396 0.070711 
<LogVarVal> 39.443329
<Mixture> 2 <Weight> 0.083333
<Mean>
1369.981567 31.623341 -1.374775 22.194672 -10.923180 0.775065 10.154731 -4.354187 0.492813 
<Inverted_Deviation>
0.005154 0.013324 0.020966 0.007103 0.015010 0.023143 0.013936 0.021588 0.030953 
<LogVarVal> 43.098740
<State> 2
<NumMixes> 3
<Mixture> 0 <Weight> 0.296943
<Mean>
1127.448364 -170.452042 -50.941925 66.623802 34.232094 -26.961700 -29.285589 10.828150 3.941961 
<Inverted_Deviation>
0.002956 0.004410 0.007355 0.005881 0.010338 0.011548 0.018668 0.017257 0.022994 
<LogVarVal> 47.293667
<Mixture> 1 <Weight> 0.275109
<Mean>
167.345261 78.691460 48.494259 1.557968 -60.973949 0.345307 25.822390 -5.111528 0.029053 
<Inverted_Deviation>
0.007517 0.005375 0.010040 0.007609 0.010185 0.016499 0.022819 0.021167 0.029769 
<LogVarVal> 44.588551
<Mixture> 2 <Weight> 0.427948
<Mean>
513.694702 -24.975386 1.154532 9.766858 -5.324001 21.264496 0.959991 -6.642523 -1.793027 
<Inverted_Deviation>
0.005645 0.003108 0.005492 0.004520 0.006415 0.008373 0.014573 0.013972 0.013721 
<LogVarVal> 49.325630
<TransP>
-0.018089 -4.021475 -10000000000.000000 
-10000000000.000000 -0.077558 -2.595255 
-10000000000.000000 -10000000000.000000 0.000000 
<EndEmbeddedHMM>
