<NumSuperStates> 5
<NumStates> 3 6 6 6 3 
<NumMixtures> 3 3 3 3 3 3 3 3 3 3 3 3 3 3 3 3 3 3 3 3 3 3 3 3 
<VecSize> 9
<BeginExternalHMM>
<NumStates> 5
<TransP>
-0.117783 -2.197225 -10000000000.000000 -10000000000.000000 -10000000000.000000 
-10000000000.000000 -0.050190 -3.016934 -10000000000.000000 -10000000000.000000 
-10000000000.000000 -10000000000.000000 -0.068654 -2.712801 -10000000000.000000 
-10000000000.000000 -10000000000.000000 -10000000000.000000 -0.037842 -3.293188 
-10000000000.000000 -10000000000.000000 -10000000000.000000 -10000000000.000000 0.000000 
<EndExternalHMM>
<BeginEmbeddedHMM>
<NumStates> 3
<State> 0
<NumMixes> 3
<Mixture> 0 <Weight> 0.343247
<Mean>
1015.419983 -46.755161 -2.875379 -64.612938 3.658370 0.871199 -5.421125 0.851574 -0.042943 
<Inverted_Deviation>
0.006654 0.011600 0.030160 0.018039 0.046295 0.067127 0.029475 0.070711 0.070711 
<LogVarVal> 36.733356
<Mixture> 1 <Weight> 0.164808
<Mean>
1279.937134 -11.082006 -6.832923 -122.930283 -1.215141 0.070244 -60.640388 -0.654640 0.736403 
<Inverted_Deviation>
0.006384 0.015572 0.031207 0.009779 0.045239 0.066487 0.012454 0.070711 0.070711 
<LogVarVal> 37.952747
<Mixture> 2 <Weight> 0.491945
<Mean>
616.727844 -14.251566 16.137775 4.865714 6.622166 -0.917481 13.762035 -0.212438 -0.344608 
<Inverted_Deviation>
0.005152 0.008507 0.019571 0.012289 0.052535 0.070711 0.023154 0.070711 0.070711 
<LogVarVal> 38.178661
<State> 1
<NumMixes> 3
<Mixture> 0 <Weight> 0.221269
<Mean>
1414.601440 0.710923 -0.558831 -27.933939 -0.644459 0.001854 -1.135349 0.085643 0.039772 
<Inverted_Deviation>
0.013732 0.060515 0.070711 0.056007 0.070711 0.070711 0.070711 0.070711 0.070711 
<LogVarVal> 31.021389
<Mixture> 1 <Weight> 0.300172
<Mean>
1011.134705 4.588672 -0.117151 -42.508190 -0.305891 -0.084654 -1.503388 -0.004905 -0.015415 
<Inverted_Deviation>
0.008431 0.026973 0.070711 0.035037 0.070711 0.070711 0.070711 0.070711 0.070711 
<LogVarVal> 32.786316
<Mixture> 2 <Weight> 0.478559
<Mean>
1234.435791 1.883862 -0.658444 -26.755438 -0.624122 0.000600 -1.290703 0.127943 -0.020386 
<Inverted_Deviation>
0.011281 0.042778 0.070711 0.043810 0.070711 0.070711 0.070711 0.070711 0.070711 
<LogVarVal> 31.810543
<State> 2
<NumMixes> 3
<Mixture> 0 <Weight> 0.280502
<Mean>
858.334595 50.106045 -8.342218 -2.649978 2.392851 0.562281 2.425869 -1.689563 0.321442 
<Inverted_Deviation>
0.005174 0.008824 0.025488 0.012182 0.036080 0.070711 0.024401 0.050505 0.070711 
<LogVarVal> 38.542236
<Mixture> 1 <Weight> 0.017104
<Mean>
1518.924927 -265.760101 -88.082657 -105.606865 9.052917 0.276477 -85.901260 4.642529 5.003467 
<Inverted_Deviation>
0.004151 0.003302 0.003584 0.004415 0.011839 0.014043 0.006165 0.022759 0.015946 
<LogVarVal> 49.115334
<Mixture> 2 <Weight> 0.702394
<Mean>
398.130768 9.457494 13.299868 9.896132 -4.646663 -0.403040 14.059288 0.003378 -0.383464 
<Inverted_Deviation>
0.005683 0.009283 0.028698 0.009601 0.066382 0.070711 0.017444 0.070711 0.070711 
<LogVarVal> 37.906467
<TransP>
-0.081283 -2.550189 -10000000000.000000 
-10000000000.000000 -0.021849 -3.834490 
-10000000000.000000 -10000000000.000000 0.000000 
<EndEmbeddedHMM>
<BeginEmbeddedHMM>
<NumStates> 6
<State> 0
<NumMixes> 3
<Mixture> 0 <Weight> 0.350485
<Mean>
1149.029175 -75.110420 -2.637836 -9.700809 4.424724 2.107018 3.017129 -1.092046 -0.355310 
<Inverted_Deviation>
0.005123 0.004251 0.013784 0.013141 0.027268 0.041129 0.058464 0.064712 0.061857 
<LogVarVal> 39.655369
<Mixture> 1 <Weight> 0.208427
<Mean>
595.438416 -52.423920 58.442596 -13.838610 7.704153 -0.960786 2.598623 0.000530 -0.029245 
<Inverted_Deviation>
0.004431 0.004311 0.009939 0.040062 0.056513 0.070711 0.070711 0.070711 0.070711 
<LogVarVal> 37.315647
<Mixture> 2 <Weight> 0.441089
<Mean>
1561.831665 2.191914 -27.001486 -4.742171 -11.734832 0.667690 -4.222425 0.840097 0.136425 
<Inverted_Deviation>
0.004782 0.006318 0.015207 0.015216 0.025767 0.039209 0.050297 0.060280 0.068390 
<LogVarVal> 39.308441
<State> 1
<NumMixes> 3
<Mixture> 0 <Weight> 0.380792
<Mean>
564.513367 1.514071 5.685134 -24.332453 -2.172484 1.745276 45.278366 4.500777 -0.893935 
<Inverted_Deviation>
0.005824 0.011677 0.029438 0.005735 0.017712 0.040830 0.014200 0.027113 0.051205 
<LogVarVal> 41.499752
<Mixture> 1 <Weight> 0.328628
<Mean>
883.954407 8.658875 2.413408 136.391846 8.950703 -4.667545 4.114127 -7.781361 0.431251 
<Inverted_Deviation>
0.006207 0.009332 0.045731 0.003933 0.017877 0.044395 0.009599 0.019904 0.048903 
<LogVarVal> 42.250591
<Mixture> 2 <Weight> 0.290580
<Mean>
1265.393555 25.104824 -0.414120 35.865479 -3.739371 0.347023 -39.046928 4.632164 1.339212 
<Inverted_Deviation>
0.005425 0.012197 0.049934 0.004643 0.018232 0.051518 0.015205 0.027235 0.053416 
<LogVarVal> 40.833408
<State> 2
<NumMixes> 3
<Mixture> 0 <Weight> 0.650817
<Mean>
1431.148193 -0.530758 -1.533582 4.494923 -0.489763 0.108618 -6.291438 0.047383 -0.039642 
<Inverted_Deviation>
0.007878 0.036188 0.070711 0.019833 0.070711 0.070711 0.070711 0.070711 0.070711 
<LogVarVal> 33.129311
<Mixture> 1 <Weight> 0.243128
<Mean>
1155.289063 -21.392595 -2.285847 13.516248 3.366636 0.485332 -0.820162 0.455417 0.053629 
<Inverted_Deviation>
0.008566 0.017569 0.070711 0.012924 0.058921 0.070711 0.057134 0.070711 0.070711 
<LogVarVal> 34.592041
<Mixture> 2 <Weight> 0.106055
<Mean>
846.190735 -27.096758 4.761994 -16.120602 -5.431090 0.414543 1.831110 -2.121205 -0.838053 
<Inverted_Deviation>
0.008150 0.015701 0.070711 0.016778 0.037244 0.070711 0.046658 0.070711 0.070711 
<LogVarVal> 35.154560
<State> 3
<NumMixes> 3
<Mixture> 0 <Weight> 0.399917
<Mean>
1003.441833 46.028790 -0.586107 9.406790 -2.613592 -0.475513 -0.510404 0.488246 -0.032470 
<Inverted_Deviation>
0.009930 0.017118 0.033858 0.011096 0.028027 0.047096 0.046233 0.058066 0.070711 
<LogVarVal> 36.917469
<Mixture> 1 <Weight> 0.360050
<Mean>
1244.438721 44.682137 -4.620915 12.168018 -4.347515 0.741133 -5.174360 -0.163269 0.094005 
<Inverted_Deviation>
0.010452 0.024295 0.070711 0.011638 0.062978 0.070711 0.061700 0.070711 0.070711 
<LogVarVal> 34.030285
<Mixture> 2 <Weight> 0.240033
<Mean>
724.066711 37.074780 4.813638 -48.613163 8.350266 -0.398460 17.829433 -3.615657 0.315606 
<Inverted_Deviation>
0.005066 0.009230 0.016638 0.008063 0.013370 0.020434 0.019970 0.021870 0.029955 
<LogVarVal> 43.487816
<State> 4
<NumMixes> 3
<Mixture> 0 <Weight> 0.430210
<Mean>
1083.970337 -3.247522 -3.803558 -54.751282 1.483706 0.627177 -22.772709 -0.132234 0.081168 
<Inverted_Deviation>
0.005727 0.017883 0.070711 0.007483 0.028853 0.070711 0.021168 0.051996 0.070711 
<LogVarVal> 37.537712
<Mixture> 1 <Weight> 0.348948
<Mean>
658.078491 -2.034012 4.563122 -39.927940 3.337379 1.300503 27.536156 0.045601 -0.903016 
<Inverted_Deviation>
0.005667 0.016864 0.062949 0.006721 0.025595 0.070711 0.018963 0.050189 0.070711 
<LogVarVal> 38.095860
<Mixture> 2 <Weight> 0.220841
<Mean>
869.231506 2.758440 0.918164 175.596939 2.604038 -4.509546 -3.341950 0.423796 0.705817 
<Inverted_Deviation>
0.006381 0.013443 0.070711 0.008136 0.021873 0.070711 0.011833 0.031381 0.070711 
<LogVarVal> 38.994785
<State> 5
<NumMixes> 3
<Mixture> 0 <Weight> 0.045593
<Mean>
1795.092285 -138.786118 -70.124863 4.217259 19.039175 7.903402 -7.900477 0.271510 2.022636 
<Inverted_Deviation>
0.002325 0.003053 0.004918 0.006302 0.012022 0.015380 0.020761 0.020576 0.018467 
<LogVarVal> 47.734615
<Mixture> 1 <Weight> 0.769335
<Mean>
507.032715 7.280276 14.993915 -10.496018 -5.564344 0.032043 4.229316 0.337367 -0.155846 
<Inverted_Deviation>
0.006192 0.008733 0.022530 0.024821 0.040752 0.069778 0.070711 0.070711 0.070711 
<LogVarVal> 36.275551
<Mixture> 2 <Weight> 0.185073
<Mean>
880.396973 47.939537 -19.278887 -30.650412 8.996361 0.964941 2.060153 -0.769582 0.817743 
<Inverted_Deviation>
0.005158 0.004624 0.013913 0.010002 0.019093 0.022436 0.043926 0.045161 0.050742 
<LogVarVal> 41.634037
<TransP>
-0.112762 -2.238326 -10000000000.000000 -10000000000.000000 -10000000000.000000 -10000000000.000000 
-10000000000.000000 -0.091849 -2.433184 -10000000000.000000 -10000000000.000000 -10000000000.000000 
-10000000000.000000 -10000000000.000000 -0.054583 -2.935195 -10000000000.000000 -10000000000.000000 
-10000000000.000000 -10000000000.000000 -10000000000.000000 -0.126438 -2.130560 -10000000000.000000 
-10000000000.000000 -10000000000.000000 -10000000000.000000 -10000000000.000000 -0.070804 -2.683031 
-10000000000.000000 -10000000000.000000 -10000000000.000000 -10000000000.000000 -10000000000.000000 0.000000 
<EndEmbeddedHMM>
<BeginEmbeddedHMM>
<NumStates> 6
<State> 0
<NumMixes> 3
<Mixture> 0 <Weight> 0.233775
<Mean>
876.605164 -2.331221 42.087112 -109.091225 20.066389 0.205028 53.315857 -0.041302 -2.484086 
<Inverted_Deviation>
0.003474 0.004526 0.006460 0.006006 0.011451 0.019209 0.009545 0.019266 0.033773 
<LogVarVal> 46.780140
<Mixture> 1 <Weight> 0.198013
<Mean>
1534.695068 -389.098236 -123.856483 -35.948452 -17.220823 16.038971 -2.029694 5.032358 2.385831 
<Inverted_Deviation>
0.003713 0.006394 0.004760 0.011094 0.016430 0.013788 0.070698 0.054285 0.039437 
<LogVarVal> 42.836994
<Mixture> 2 <Weight> 0.568212
<Mean>
1892.945557 40.283768 -9.890075 -18.898003 -1.190058 -4.356661 -4.568342 -1.772788 -0.374615 
<Inverted_Deviation>
0.004152 0.011437 0.021223 0.011085 0.021198 0.037389 0.030796 0.044984 0.070711 
<LogVarVal> 39.832401
<State> 1
<NumMixes> 3
<Mixture> 0 <Weight> 0.741278
<Mean>
1635.126343 19.248913 0.047027 2.750592 0.791872 0.040539 -2.913070 0.081681 0.100397 
<Inverted_Deviation>
0.006335 0.039357 0.070711 0.021680 0.070711 0.070711 0.053408 0.070711 0.070711 
<LogVarVal> 33.454910
<Mixture> 1 <Weight> 0.080889
<Mean>
941.566162 9.572193 3.205930 -212.186996 -6.621405 2.111274 -31.268492 6.392790 0.966983 
<Inverted_Deviation>
0.005369 0.019744 0.051222 0.006261 0.017003 0.041017 0.010478 0.021426 0.049885 
<LogVarVal> 41.016033
<Mixture> 2 <Weight> 0.177833
<Mean>
1306.229370 19.397758 2.380183 -98.333504 -1.321781 0.899882 -20.347460 2.048095 0.709843 
<Inverted_Deviation>
0.007414 0.023395 0.070711 0.007547 0.038407 0.070711 0.010792 0.040156 0.070711 
<LogVarVal> 37.648441
<State> 2
<NumMixes> 3
<Mixture> 0 <Weight> 0.153846
<Mean>
1006.447937 -10.936751 7.499235 147.705688 -6.059391 -2.696566 -36.758507 -3.215022 2.021373 
<Inverted_Deviation>
0.005631 0.008296 0.028511 0.004416 0.012809 0.032568 0.012481 0.022361 0.040908 
<LogVarVal> 43.265011
<Mixture> 1 <Weight> 0.476778
<Mean>
1313.952637 1.958185 3.159500 44.460983 9.000115 -1.118152 -7.546116 -2.677409 -1.191264 
<Inverted_Deviation>
0.009328 0.013415 0.032989 0.010138 0.021250 0.043891 0.032275 0.046879 0.070711 
<LogVarVal> 38.260628
<Mixture> 2 <Weight> 0.369376
<Mean>
1585.250854 -4.374574 -7.725437 0.633294 -15.247900 1.751625 -12.542492 2.185559 0.597640 
<Inverted_Deviation>
0.007497 0.010480 0.029323 0.010493 0.020853 0.039653 0.038628 0.047376 0.070711 
<LogVarVal> 38.739735
<State> 3
<NumMixes> 3
<Mixture> 0 <Weight> 0.319694
<Mean>
1249.193481 1.444885 1.607054 -7.126482 -0.067388 -0.103943 -1.114600 -0.053940 0.039749 
<Inverted_Deviation>
0.012927 0.020300 0.070711 0.018563 0.051158 0.070711 0.068914 0.070711 0.070711 
<LogVarVal> 33.627819
<Mixture> 1 <Weight> 0.079575
<Mean>
1053.198975 -0.578629 6.198489 -21.772537 -0.807159 -0.105350 13.047281 -1.531039 -1.069575 
<Inverted_Deviation>
0.009715 0.018137 0.070711 0.012226 0.029597 0.070711 0.025199 0.050474 0.070711 
<LogVarVal> 36.334095
<Mixture> 2 <Weight> 0.600731
<Mean>
1426.095703 2.125731 -1.313313 -3.603918 0.310071 -0.061188 -2.538155 -0.185469 0.020697 
<Inverted_Deviation>
0.011280 0.026898 0.070711 0.031528 0.070711 0.070711 0.070711 0.070711 0.070711 
<LogVarVal> 32.603580
<State> 4
<NumMixes> 3
<Mixture> 0 <Weight> 0.232288
<Mean>
1295.656250 -10.177068 -0.308814 -66.881126 0.158332 0.240282 -6.727669 1.333583 -0.095028 
<Inverted_Deviation>
0.009454 0.026179 0.070711 0.012961 0.054488 0.070711 0.029082 0.070711 0.070711 
<LogVarVal> 34.845276
<Mixture> 1 <Weight> 0.561509
<Mean>
1551.806641 -1.756984 -0.780520 -3.194503 -0.299569 -0.156111 -2.907098 -0.321361 -0.056180 
<Inverted_Deviation>
0.011921 0.041328 0.070711 0.028078 0.070711 0.070711 0.070711 0.070711 0.070711 
<LogVarVal> 32.234650
<Mixture> 2 <Weight> 0.206204
<Mean>
1021.861145 -6.394196 1.441806 -37.041660 0.904105 -0.262540 15.381344 -0.595381 -0.148290 
<Inverted_Deviation>
0.008685 0.035388 0.070711 0.009915 0.053644 0.070711 0.016429 0.070711 0.070711 
<LogVarVal> 35.483284
<State> 5
<NumMixes> 3
<Mixture> 0 <Weight> 0.053161
<Mean>
2168.220459 -524.804504 52.183907 -35.194317 2.640140 5.243587 2.426209 0.623386 -2.589718 
<Inverted_Deviation>
0.002293 0.004340 0.002857 0.016835 0.014177 0.016384 0.065099 0.059193 0.052734 
<LogVarVal> 43.479855
<Mixture> 1 <Weight> 0.892241
<Mean>
1045.572510 74.927612 -7.112118 -49.426548 4.208720 1.472641 -1.273574 -0.709673 0.522139 
<Inverted_Deviation>
0.002330 0.005848 0.008491 0.018435 0.017433 0.020038 0.068058 0.058493 0.053649 
<LogVarVal> 41.528320
<Mixture> 2 <Weight> 0.054598
<Mean>
2883.429443 103.636948 -209.144974 -9.022131 -10.174625 -6.001375 -0.360755 0.039331 0.710703 
<Inverted_Deviation>
0.006214 0.002710 0.005161 0.031683 0.024604 0.033363 0.070711 0.070711 0.070711 
<LogVarVal> 39.914070
<TransP>
-0.150515 -1.968007 -10000000000.000000 -10000000000.000000 -10000000000.000000 -10000000000.000000 
-10000000000.000000 -0.067362 -2.731162 -10000000000.000000 -10000000000.000000 -10000000000.000000 
-10000000000.000000 -10000000000.000000 -0.166197 -1.876530 -10000000000.000000 -10000000000.000000 
-10000000000.000000 -10000000000.000000 -10000000000.000000 -0.037432 -3.303879 -10000000000.000000 
-10000000000.000000 -10000000000.000000 -10000000000.000000 -10000000000.000000 -0.077285 -2.598644 
-10000000000.000000 -10000000000.000000 -10000000000.000000 -10000000000.000000 -10000000000.000000 0.000000 
<EndEmbeddedHMM>
<BeginEmbeddedHMM>
<NumStates> 6
<State> 0
<NumMixes> 3
<Mixture> 0 <Weight> 0.126311
<Mean>
2311.688721 -670.553467 -374.527405 -21.446060 21.482964 -5.742249 -5.500572 2.731185 2.724741 
<Inverted_Deviation>
0.002975 0.004079 0.003280 0.009993 0.013209 0.023876 0.029842 0.034319 0.033301 
<LogVarVal> 45.144352
<Mixture> 1 <Weight> 0.437843
<Mean>
2830.770508 149.497589 -46.952599 -59.287930 45.292450 5.263818 -7.019224 -2.646929 7.189285 
<Inverted_Deviation>
0.002872 0.003513 0.011121 0.007257 0.010841 0.011993 0.028430 0.023881 0.025223 
<LogVarVal> 46.002827
<Mixture> 2 <Weight> 0.435846
<Mean>
1704.229858 90.145241 16.738546 -75.584671 -57.754642 -1.261551 12.453547 1.670928 -8.397387 
<Inverted_Deviation>
0.002887 0.002751 0.005676 0.007411 0.009423 0.009543 0.021239 0.017826 0.017762 
<LogVarVal> 48.197224
<State> 1
<NumMixes> 3
<Mixture> 0 <Weight> 0.353223
<Mean>
1209.193604 11.356901 0.276741 3.956810 1.343870 0.192612 0.454215 0.190590 -0.123831 
<Inverted_Deviation>
0.014049 0.029847 0.070711 0.025234 0.064783 0.070711 0.070711 0.070711 0.070711 
<LogVarVal> 32.590218
<Mixture> 1 <Weight> 0.365181
<Mean>
1368.915161 16.053194 -0.465675 7.623476 -0.275347 -0.158462 -0.720701 -0.048031 0.117596 
<Inverted_Deviation>
0.014119 0.029907 0.070711 0.029905 0.070711 0.070711 0.070711 0.070711 0.070711 
<LogVarVal> 32.325855
<Mixture> 2 <Weight> 0.281596
<Mean>
1549.178589 20.994347 0.109606 10.896193 -1.315592 0.345598 -0.491519 0.133339 0.161921 
<Inverted_Deviation>
0.009203 0.028747 0.070711 0.039551 0.070711 0.070711 0.070711 0.070711 0.070711 
<LogVarVal> 32.513805
<State> 2
<NumMixes> 3
<Mixture> 0 <Weight> 0.216550
<Mean>
1258.507568 35.024387 -7.100484 47.658287 -14.396143 1.288981 -21.977139 1.914392 1.567645 
<Inverted_Deviation>
0.006915 0.008960 0.020839 0.007334 0.019339 0.037148 0.021551 0.043170 0.066895 
<LogVarVal> 40.549564
<Mixture> 1 <Weight> 0.241252
<Mean>
654.046936 0.113100 12.238696 48.775208 4.029495 -0.640330 58.006123 2.243483 -2.504236 
<Inverted_Deviation>
0.005091 0.006754 0.025127 0.004407 0.014494 0.036872 0.012278 0.022011 0.042292 
<LogVarVal> 43.451141
<Mixture> 2 <Weight> 0.542198
<Mean>
1027.596313 29.323563 -0.213715 22.281195 0.599154 -0.713916 -13.726644 -3.052077 0.678354 
<Inverted_Deviation>
0.008909 0.012354 0.038393 0.005224 0.022795 0.056816 0.014794 0.036611 0.070711 
<LogVarVal> 39.599327
<State> 3
<NumMixes> 3
<Mixture> 0 <Weight> 0.352971
<Mean>
670.022095 -0.211208 2.446672 -12.955156 1.981775 0.343219 29.430632 0.435584 -0.092755 
<Inverted_Deviation>
0.008636 0.025614 0.070711 0.006343 0.029593 0.070711 0.015195 0.052507 0.070711 
<LogVarVal> 37.229301
<Mixture> 1 <Weight> 0.398456
<Mean>
887.888245 4.825904 1.004324 -11.994419 1.195813 -0.297003 -3.146322 -0.077546 -0.041634 
<Inverted_Deviation>
0.011668 0.024341 0.070711 0.006183 0.037598 0.070711 0.020612 0.056109 0.070711 
<LogVarVal> 36.394325
<Mixture> 2 <Weight> 0.248573
<Mean>
1091.908325 4.953562 0.013271 2.459476 -1.348590 0.080651 -19.506611 -0.233937 0.129644 
<Inverted_Deviation>
0.010227 0.028279 0.070711 0.010448 0.038723 0.070711 0.028157 0.069464 0.070711 
<LogVarVal> 35.296665
<State> 4
<NumMixes> 3
<Mixture> 0 <Weight> 0.387532
<Mean>
1112.129883 -15.967528 -0.747919 10.029131 -0.557712 -0.177119 -0.364484 0.206531 0.142654 
<Inverted_Deviation>
0.012821 0.024224 0.070711 0.023721 0.061886 0.070711 0.070711 0.070711 0.070711 
<LogVarVal> 32.998047
<Mixture> 1 <Weight> 0.345298
<Mean>
1324.348755 -13.005928 -0.151227 12.931525 1.406278 0.078919 -0.644471 -0.278093 0.155638 
<Inverted_Deviation>
0.010391 0.032732 0.070711 0.038954 0.070711 0.070711 0.070711 0.070711 0.070711 
<LogVarVal> 32.277874
<Mixture> 2 <Weight> 0.267170
<Mean>
939.224060 -14.055129 2.079358 8.946054 -1.712448 0.290258 2.056099 0.254747 -0.196959 
<Inverted_Deviation>
0.012370 0.021753 0.070711 0.022556 0.059673 0.070711 0.070711 0.070711 0.070711 
<LogVarVal> 33.228188
<State> 5
<NumMixes> 3
<Mixture> 0 <Weight> 0.434122
<Mean>
1491.449097 -220.522278 67.688805 -77.480988 55.415501 -2.779916 7.256849 -0.640728 -6.071507 
<Inverted_Deviation>
0.002030 0.002824 0.004996 0.009526 0.009971 0.009903 0.025776 0.022142 0.023891 
<LogVarVal> 47.599232
<Mixture> 1 <Weight> 0.153153
<Mean>
2473.616455 430.281738 -204.286758 -15.065413 -13.506739 -3.458849 -3.412546 -1.723745 1.336556 
<Inverted_Deviation>
0.002183 0.003460 0.002212 0.014803 0.018197 0.029874 0.040743 0.044537 0.045212 
<LogVarVal> 44.197235
<Mixture> 2 <Weight> 0.412725
<Mean>
2736.639893 -223.849808 -86.093239 -56.989338 -39.907394 7.702521 -3.877394 1.837228 5.109168 
<Inverted_Deviation>
0.002233 0.002760 0.005867 0.010225 0.011826 0.011149 0.038351 0.034444 0.031448 
<LogVarVal> 45.892185
<TransP>
-0.208523 -1.670156 -10000000000.000000 -10000000000.000000 -10000000000.000000 -10000000000.000000 
-10000000000.000000 -0.048620 -3.047927 -10000000000.000000 -10000000000.000000 -10000000000.000000 
-10000000000.000000 -10000000000.000000 -0.168665 -1.862990 -10000000000.000000 -10000000000.000000 
-10000000000.000000 -10000000000.000000 -10000000000.000000 -0.065367 -2.760245 -10000000000.000000 
-10000000000.000000 -10000000000.000000 -10000000000.000000 -10000000000.000000 -0.052210 -2.978476 
-10000000000.000000 -10000000000.000000 -10000000000.000000 -10000000000.000000 -10000000000.000000 0.000000 
<EndEmbeddedHMM>
<BeginEmbeddedHMM>
<NumStates> 3
<State> 0
<NumMixes> 3
<Mixture> 0 <Weight> 0.409091
<Mean>
2779.433350 59.649624 -29.445902 149.371307 48.295090 -10.401293 -190.420364 4.781660 6.840957 
<Inverted_Deviation>
0.003752 0.005023 0.013774 0.003274 0.008197 0.014150 0.004240 0.018345 0.018184 
<LogVarVal> 48.568047
<Mixture> 1 <Weight> 0.227273
<Mean>
1615.077393 269.280457 55.718483 -14.389898 -27.394541 33.774895 -78.429276 -60.308533 -10.712922 
<Inverted_Deviation>
0.002555 0.003513 0.008769 0.004151 0.004483 0.006525 0.003917 0.006445 0.007996 
<LogVarVal> 52.848183
<Mixture> 2 <Weight> 0.363636
<Mean>
2093.432373 -149.258514 -75.986763 439.805969 -20.489948 -24.436804 -69.318466 23.233704 5.870305 
<Inverted_Deviation>
0.002951 0.002600 0.004858 0.002862 0.007431 0.015477 0.002001 0.013716 0.022823 
<LogVarVal> 51.466465
<State> 1
<NumMixes> 3
<Mixture> 0 <Weight> 0.374783
<Mean>
956.930298 3.624480 0.838846 -13.379045 -0.234943 0.454445 -7.160546 -0.138578 0.009163 
<Inverted_Deviation>
0.013541 0.034028 0.070711 0.014731 0.070711 0.070711 0.023714 0.070711 0.070711 
<LogVarVal> 34.039162
<Mixture> 1 <Weight> 0.102609
<Mean>
784.632263 1.702442 3.075902 -25.923529 1.469414 0.037403 24.372589 0.270116 -0.718214 
<Inverted_Deviation>
0.011102 0.033633 0.070711 0.014475 0.070711 0.070711 0.029817 0.070711 0.070711 
<LogVarVal> 34.038002
<Mixture> 2 <Weight> 0.522609
<Mean>
1185.815186 6.400323 -0.289037 35.130219 1.260692 -0.220993 -36.230682 -0.905554 0.178954 
<Inverted_Deviation>
0.006319 0.038990 0.070711 0.016028 0.070711 0.070711 0.023499 0.070711 0.070711 
<LogVarVal> 34.590008
<State> 2
<NumMixes> 3
<Mixture> 0 <Weight> 0.406250
<Mean>
1909.844360 -145.135086 -24.540899 572.703552 1.331792 -16.769186 -174.015076 61.554180 22.866739 
<Inverted_Deviation>
0.003011 0.002438 0.004223 0.001882 0.004318 0.007764 0.003199 0.006665 0.011424 
<LogVarVal> 54.246895
<Mixture> 1 <Weight> 0.291667
<Mean>
1123.662476 -168.310608 60.569660 275.598022 -89.581642 18.797718 126.496719 6.859356 -24.838276 
<Inverted_Deviation>
0.002740 0.004294 0.007646 0.002339 0.003909 0.006833 0.003419 0.006910 0.013072 
<LogVarVal> 52.954109
<Mixture> 2 <Weight> 0.302083
<Mean>
2649.135986 1.098292 -86.467468 295.986023 29.358778 -16.081827 -289.095490 -47.604389 4.064858 
<Inverted_Deviation>
0.004261 0.003426 0.004958 0.004186 0.006526 0.014231 0.005201 0.012459 0.023942 
<LogVarVal> 49.729221
<TransP>
-0.087011 -2.484907 -10000000000.000000 
-10000000000.000000 -0.019316 -3.956475 
-10000000000.000000 -10000000000.000000 0.000000 
<EndEmbeddedHMM>
