<NumSuperStates> 5
<NumStates> 3 6 6 6 3 
<NumMixtures> 3 3 3 3 3 3 3 3 3 3 3 3 3 3 3 3 3 3 3 3 3 3 3 3 
<VecSize> 9
<BeginExternalHMM>
<NumStates> 5
<TransP>
-0.074724 -2.631089 -10000000000.000000 -10000000000.000000 -10000000000.000000 
-10000000000.000000 -0.058649 -2.865371 -10000000000.000000 -10000000000.000000 
-10000000000.000000 -10000000000.000000 -0.087011 -2.484907 -10000000000.000000 
-10000000000.000000 -10000000000.000000 -10000000000.000000 -0.044017 -3.145110 
-10000000000.000000 -10000000000.000000 -10000000000.000000 -10000000000.000000 -0.000000 
<EndExternalHMM>
<BeginEmbeddedHMM>
<NumStates> 3
<State> 0
<NumMixes> 3
<Mixture> 0 <Weight> 0.460967
<Mean>
987.530518 33.833248 -4.657139 11.403401 1.977529 -0.236721 -6.740852 0.465670 0.753690 
<Inverted_Deviation>
0.005509 0.007149 0.021931 0.010144 0.022392 0.036566 0.040212 0.049527 0.057273 
<LogVarVal> 39.890686
<Mixture> 1 <Weight> 0.484511
<Mean>
623.387878 18.744080 8.531818 -1.144761 3.604189 1.893358 2.207196 -0.322916 -0.605313 
<Inverted_Deviation>
0.007412 0.008382 0.026994 0.017483 0.030714 0.050112 0.069394 0.070711 0.070711 
<LogVarVal> 36.939114
<Mixture> 2 <Weight> 0.054523
<Mean>
1864.953857 340.509796 -6.096971 110.554504 -11.990981 -11.731885 0.554903 -4.530304 -1.440609 
<Inverted_Deviation>
0.001857 0.006173 0.011162 0.011261 0.011642 0.014950 0.036233 0.025132 0.020708 
<LogVarVal> 45.044224
<State> 1
<NumMixes> 3
<Mixture> 0 <Weight> 0.461344
<Mean>
635.510559 -0.449480 1.576117 7.915270 -0.463193 0.000738 1.345975 -0.162151 -0.160312 
<Inverted_Deviation>
0.012343 0.022278 0.065605 0.028442 0.051498 0.070711 0.070711 0.070711 0.070711 
<LogVarVal> 33.196880
<Mixture> 1 <Weight> 0.151255
<Mean>
390.041809 -0.232492 6.828400 0.135220 -5.597957 -0.562412 1.792182 0.620229 -0.156548 
<Inverted_Deviation>
0.009469 0.014256 0.031489 0.026642 0.038093 0.049475 0.070711 0.070711 0.070711 
<LogVarVal> 35.366505
<Mixture> 2 <Weight> 0.387401
<Mean>
814.233521 -0.640541 -2.738300 5.055716 1.265275 0.294542 -0.988264 -0.190593 0.324290 
<Inverted_Deviation>
0.011172 0.019679 0.065085 0.021018 0.048911 0.070711 0.070711 0.070711 0.070711 
<LogVarVal> 33.782650
<State> 2
<NumMixes> 3
<Mixture> 0 <Weight> 0.542567
<Mean>
502.542816 -8.946954 5.982239 22.916010 -9.349998 1.450438 3.985600 -0.508123 -0.738246 
<Inverted_Deviation>
0.006207 0.011470 0.026340 0.014374 0.018208 0.026892 0.041859 0.034068 0.039459 
<LogVarVal> 39.987503
<Mixture> 1 <Weight> 0.209657
<Mean>
1529.516968 -69.322479 -7.655013 58.028526 19.594908 -1.237934 -5.561474 -0.424107 0.177666 
<Inverted_Deviation>
0.002596 0.006400 0.031861 0.009775 0.022815 0.034335 0.049593 0.045927 0.048499 
<LogVarVal> 40.493649
<Mixture> 2 <Weight> 0.247776
<Mean>
1012.697632 -107.148140 3.811987 109.691490 -0.400434 -4.860840 1.908243 3.348501 1.055542 
<Inverted_Deviation>
0.004717 0.008499 0.019197 0.014656 0.014150 0.025003 0.033357 0.028712 0.029512 
<LogVarVal> 41.872234
<TransP>
-0.080611 -2.558157 -10000000000.000000 
-10000000000.000000 -0.021279 -3.860646 
-10000000000.000000 -10000000000.000000 -0.000000 
<EndEmbeddedHMM>
<BeginEmbeddedHMM>
<NumStates> 6
<State> 0
<NumMixes> 3
<Mixture> 0 <Weight> 0.095166
<Mean>
1763.265625 240.125839 -55.788620 -44.273239 22.362026 2.076706 -3.949514 -1.980528 0.982317 
<Inverted_Deviation>
0.002600 0.003863 0.010416 0.013099 0.024990 0.028248 0.057000 0.070711 0.068567 
<LogVarVal> 41.009396
<Mixture> 1 <Weight> 0.614048
<Mean>
624.017822 -16.941797 22.704203 -22.018415 5.801143 -2.524261 2.319282 0.314007 -0.296291 
<Inverted_Deviation>
0.006788 0.007108 0.018498 0.022889 0.030019 0.043068 0.070711 0.070711 0.070711 
<LogVarVal> 37.455975
<Mixture> 2 <Weight> 0.290785
<Mean>
1119.407227 12.728120 -3.182885 -59.065884 -12.653006 7.637595 -1.719918 0.617263 0.323657 
<Inverted_Deviation>
0.004056 0.003297 0.009405 0.016759 0.021596 0.028454 0.063810 0.070711 0.070711 
<LogVarVal> 40.573586
<State> 1
<NumMixes> 3
<Mixture> 0 <Weight> 0.177927
<Mean>
398.253693 10.046269 7.777518 -2.417119 -5.021334 1.046314 28.267296 2.412372 -0.019557 
<Inverted_Deviation>
0.006981 0.011823 0.039155 0.007165 0.024738 0.049824 0.022583 0.041235 0.068178 
<LogVarVal> 39.095627
<Mixture> 1 <Weight> 0.447653
<Mean>
992.605896 26.184631 -4.686419 -12.811039 -9.882511 -1.048456 -8.628807 0.399499 0.584075 
<Inverted_Deviation>
0.007415 0.018095 0.070711 0.009897 0.034490 0.070711 0.034414 0.065702 0.070711 
<LogVarVal> 36.089695
<Mixture> 2 <Weight> 0.374420
<Mean>
706.410461 26.346096 1.256330 7.559850 8.738166 -0.673980 11.469277 -2.205571 -0.718490 
<Inverted_Deviation>
0.008715 0.016654 0.059344 0.006375 0.026635 0.065346 0.020350 0.041992 0.070711 
<LogVarVal> 37.936581
<State> 2
<NumMixes> 3
<Mixture> 0 <Weight> 0.227542
<Mean>
752.684265 -17.299810 1.055965 -21.744907 3.929862 1.171539 0.853210 0.520577 0.177955 
<Inverted_Deviation>
0.012034 0.013694 0.063894 0.018510 0.050361 0.070711 0.070711 0.070711 0.070711 
<LogVarVal> 34.187260
<Mixture> 1 <Weight> 0.294244
<Mean>
515.904358 -8.605233 2.110999 -6.917185 0.605708 -1.024154 4.624960 0.297075 -0.085123 
<Inverted_Deviation>
0.010029 0.021463 0.070261 0.014217 0.036605 0.070711 0.058874 0.070711 0.070711 
<LogVarVal> 34.591274
<Mixture> 2 <Weight> 0.478214
<Mean>
956.827820 1.849427 -3.819286 -19.886549 -2.088530 -0.050404 -4.454748 0.170453 -0.031223 
<Inverted_Deviation>
0.012446 0.019793 0.069112 0.025027 0.070711 0.070711 0.070711 0.070711 0.070711 
<LogVarVal> 33.065670
<State> 3
<NumMixes> 3
<Mixture> 0 <Weight> 0.380493
<Mean>
651.615173 6.961907 1.453368 -13.336896 -2.406264 -0.006717 -0.587700 -0.184848 -0.012798 
<Inverted_Deviation>
0.016280 0.027526 0.070711 0.020169 0.058798 0.070711 0.068794 0.070711 0.070711 
<LogVarVal> 32.872272
<Mixture> 1 <Weight> 0.128373
<Mean>
497.622101 12.911282 2.082484 -30.258045 0.439291 1.443108 13.517632 -2.892954 0.477059 
<Inverted_Deviation>
0.015585 0.023682 0.053650 0.014980 0.029974 0.053958 0.034840 0.043610 0.070711 
<LogVarVal> 35.747692
<Mixture> 2 <Weight> 0.491133
<Mean>
804.383179 6.445607 -0.811687 -8.876308 2.147939 -0.061147 -5.430472 0.221649 0.144624 
<Inverted_Deviation>
0.015360 0.030073 0.070711 0.024176 0.070711 0.070711 0.070711 0.070711 0.070711 
<LogVarVal> 32.448765
<State> 4
<NumMixes> 3
<Mixture> 0 <Weight> 0.312308
<Mean>
347.707367 10.807844 6.106303 -33.899544 -8.791057 3.160542 26.453672 -3.829874 -1.728848 
<Inverted_Deviation>
0.006677 0.012724 0.031364 0.008166 0.020113 0.039800 0.020622 0.036763 0.049345 
<LogVarVal> 40.118393
<Mixture> 1 <Weight> 0.222076
<Mean>
538.572754 -17.886129 -1.154122 105.246490 2.396355 -6.754278 -0.479507 8.282467 1.346946 
<Inverted_Deviation>
0.009013 0.012879 0.047486 0.008721 0.020429 0.037500 0.015793 0.031142 0.047030 
<LogVarVal> 39.850399
<Mixture> 2 <Weight> 0.465615
<Mean>
716.292603 0.611462 -4.251656 -33.774540 5.163141 0.685719 -9.624000 -1.193365 0.152493 
<Inverted_Deviation>
0.008617 0.017801 0.056176 0.009305 0.032260 0.070711 0.035063 0.061531 0.070711 
<LogVarVal> 36.361340
<State> 5
<NumMixes> 3
<Mixture> 0 <Weight> 0.782410
<Mean>
330.810089 23.303520 11.031370 -0.033343 -5.691231 0.302822 2.443822 -0.171381 0.013754 
<Inverted_Deviation>
0.006357 0.008619 0.022345 0.024055 0.038396 0.057256 0.063488 0.070711 0.070711 
<LogVarVal> 36.667160
<Mixture> 1 <Weight> 0.036482
<Mean>
1816.094971 -289.838501 -39.879993 2.120705 -2.908920 -3.039109 1.081971 1.221019 0.011200 
<Inverted_Deviation>
0.002460 0.007274 0.042904 0.010915 0.027818 0.070711 0.070711 0.070711 0.070711 
<LogVarVal> 37.927380
<Mixture> 2 <Weight> 0.181107
<Mean>
866.799011 -19.563139 -11.634329 -28.540079 11.508875 -0.231553 0.611107 0.727424 0.367495 
<Inverted_Deviation>
0.004199 0.003576 0.011676 0.014921 0.031044 0.037494 0.070711 0.070711 0.070711 
<LogVarVal> 39.616390
<TransP>
-0.127078 -2.125818 -10000000000.000000 -10000000000.000000 -10000000000.000000 -10000000000.000000 
-10000000000.000000 -0.084997 -2.507333 -10000000000.000000 -10000000000.000000 -10000000000.000000 
-10000000000.000000 -10000000000.000000 -0.088822 -2.465199 -10000000000.000000 -10000000000.000000 
-10000000000.000000 -10000000000.000000 -10000000000.000000 -0.062844 -2.798361 -10000000000.000000 
-10000000000.000000 -10000000000.000000 -10000000000.000000 -10000000000.000000 -0.071719 -2.670651 
-10000000000.000000 -10000000000.000000 -10000000000.000000 -10000000000.000000 -10000000000.000000 0.000000 
<EndEmbeddedHMM>
<BeginEmbeddedHMM>
<NumStates> 6
<State> 0
<NumMixes> 3
<Mixture> 0 <Weight> 0.262092
<Mean>
763.386108 -43.712875 52.385284 -3.332754 -3.230842 -0.730903 8.213276 3.014089 -1.399907 
<Inverted_Deviation>
0.005784 0.004763 0.013687 0.012310 0.016880 0.027441 0.030138 0.033995 0.046823 
<LogVarVal> 41.961742
<Mixture> 1 <Weight> 0.289089
<Mean>
1116.362305 -66.702179 -11.807233 3.517784 12.774092 7.974861 -1.905990 -0.374816 0.862203 
<Inverted_Deviation>
0.007023 0.003969 0.008475 0.008535 0.015719 0.022795 0.021084 0.035468 0.037979 
<LogVarVal> 43.576469
<Mixture> 2 <Weight> 0.448819
<Mean>
1438.505127 22.175209 -17.431488 30.222414 -4.291293 -4.460941 -11.299705 -1.436749 0.275716 
<Inverted_Deviation>
0.005729 0.008063 0.020756 0.008380 0.025466 0.058231 0.032872 0.067037 0.070711 
<LogVarVal> 39.071415
<State> 1
<NumMixes> 3
<Mixture> 0 <Weight> 0.576667
<Mean>
966.125793 6.615067 0.099523 2.269757 -0.370679 0.128658 -2.006114 0.161664 0.024290 
<Inverted_Deviation>
0.016039 0.038991 0.070711 0.031789 0.070711 0.070711 0.070711 0.070711 0.070711 
<LogVarVal> 31.872046
<Mixture> 1 <Weight> 0.358750
<Mean>
1133.089233 15.400827 0.423989 13.537502 2.476277 0.022523 -0.306865 0.016637 -0.036078 
<Inverted_Deviation>
0.011754 0.030627 0.070711 0.031105 0.070711 0.070711 0.070711 0.070711 0.070711 
<LogVarVal> 32.446102
<Mixture> 2 <Weight> 0.064583
<Mean>
797.991394 0.392502 3.090574 -49.046196 2.013486 0.066605 -1.137279 -0.370003 -0.088895 
<Inverted_Deviation>
0.011548 0.027493 0.070711 0.028782 0.070711 0.070711 0.070711 0.070711 0.070711 
<LogVarVal> 32.649361
<State> 2
<NumMixes> 3
<Mixture> 0 <Weight> 0.414226
<Mean>
1273.588013 -13.316567 -11.350378 1.306272 -5.526369 -0.685564 -9.661738 0.736158 0.998517 
<Inverted_Deviation>
0.006854 0.008351 0.016371 0.011207 0.023215 0.053259 0.044861 0.062739 0.070711 
<LogVarVal> 38.740597
<Mixture> 1 <Weight> 0.405858
<Mean>
952.112549 -3.418180 -1.737603 27.191904 7.247588 1.863732 -7.603296 0.041319 -0.357279 
<Inverted_Deviation>
0.009589 0.010518 0.033960 0.009120 0.020709 0.040120 0.037118 0.048090 0.070711 
<LogVarVal> 38.503448
<Mixture> 2 <Weight> 0.179916
<Mean>
743.731201 20.664991 10.153500 101.463699 0.412428 -0.143690 -1.750905 -2.494702 -0.481120 
<Inverted_Deviation>
0.008227 0.012151 0.032093 0.009864 0.025332 0.037443 0.048514 0.052599 0.070711 
<LogVarVal> 38.000755
<State> 3
<NumMixes> 3
<Mixture> 0 <Weight> 0.153171
<Mean>
1091.318359 62.218266 -0.528507 -3.573108 1.711624 0.457888 -2.940958 -1.277599 -0.359806 
<Inverted_Deviation>
0.008714 0.010517 0.026639 0.013954 0.038087 0.070711 0.070711 0.070711 0.070711 
<LogVarVal> 36.210812
<Mixture> 1 <Weight> 0.208780
<Mean>
660.533081 1.936555 7.163646 -43.402302 -3.260513 -2.252075 -1.494230 0.757295 -0.475520 
<Inverted_Deviation>
0.012813 0.020172 0.040035 0.018292 0.032479 0.070711 0.065973 0.070711 0.070711 
<LogVarVal> 34.724434
<Mixture> 2 <Weight> 0.638049
<Mean>
810.450928 8.621738 3.360327 4.598049 0.576122 -0.161999 -3.234222 0.580935 -0.034409 
<Inverted_Deviation>
0.015248 0.018344 0.070711 0.016243 0.050244 0.070711 0.070711 0.070711 0.070711 
<LogVarVal> 33.689762
<State> 4
<NumMixes> 3
<Mixture> 0 <Weight> 0.092219
<Mean>
1144.577393 -35.064125 -1.026575 56.205719 -1.054280 -0.657590 2.577516 0.756436 0.011288 
<Inverted_Deviation>
0.007764 0.034514 0.070711 0.030955 0.059612 0.070711 0.070711 0.070711 0.070711 
<LogVarVal> 32.916836
<Mixture> 1 <Weight> 0.879923
<Mean>
880.362183 -5.516417 0.079613 1.118594 -0.045431 0.057733 -1.755077 -0.058529 -0.027697 
<Inverted_Deviation>
0.016082 0.048834 0.070711 0.035039 0.070711 0.070711 0.070711 0.070711 0.070711 
<LogVarVal> 31.546907
<Mixture> 2 <Weight> 0.027858
<Mean>
561.910889 -21.185633 3.918366 -194.099579 6.617682 2.453329 -1.027123 -0.716810 -0.518138 
<Inverted_Deviation>
0.006115 0.015962 0.043221 0.007257 0.016742 0.043911 0.010748 0.031612 0.067696 
<LogVarVal> 40.348530
<State> 5
<NumMixes> 3
<Mixture> 0 <Weight> 0.346303
<Mean>
1347.381958 -31.536970 -8.617144 -11.028426 1.063724 -2.570097 -15.937944 2.082716 -0.130603 
<Inverted_Deviation>
0.003653 0.006992 0.033251 0.006408 0.019915 0.049777 0.023451 0.037708 0.070711 
<LogVarVal> 40.776676
<Mixture> 1 <Weight> 0.350195
<Mean>
396.723511 28.644129 55.900650 -22.538660 -5.137764 2.470460 0.584192 -1.351582 -0.877264 
<Inverted_Deviation>
0.005504 0.004308 0.009395 0.019704 0.018091 0.025148 0.046112 0.039420 0.054251 
<LogVarVal> 41.315132
<Mixture> 2 <Weight> 0.303502
<Mean>
846.538391 155.826981 -50.224026 -35.512333 6.443757 1.969867 -4.225713 -1.985466 1.665238 
<Inverted_Deviation>
0.004632 0.003815 0.007207 0.007283 0.018421 0.029730 0.021629 0.049034 0.070003 
<LogVarVal> 42.967682
<TransP>
-0.129522 -2.107966 -10000000000.000000 -10000000000.000000 -10000000000.000000 -10000000000.000000 
-10000000000.000000 -0.046044 -3.101093 -10000000000.000000 -10000000000.000000 -10000000000.000000 
-10000000000.000000 -10000000000.000000 -0.163258 -1.892945 -10000000000.000000 -10000000000.000000 
-10000000000.000000 -10000000000.000000 -10000000000.000000 -0.111340 -2.250317 -10000000000.000000 
-10000000000.000000 -10000000000.000000 -10000000000.000000 -10000000000.000000 -0.053267 -2.958953 
-10000000000.000000 -10000000000.000000 -10000000000.000000 -10000000000.000000 -10000000000.000000 0.000000 
<EndEmbeddedHMM>
<BeginEmbeddedHMM>
<NumStates> 6
<State> 0
<NumMixes> 3
<Mixture> 0 <Weight> 0.203239
<Mean>
926.230225 -35.052757 24.600212 -13.090612 -9.754531 -3.488101 9.662316 2.000278 -0.010013 
<Inverted_Deviation>
0.007556 0.007359 0.016318 0.015988 0.024829 0.039717 0.026460 0.053812 0.070711 
<LogVarVal> 39.325146
<Mixture> 1 <Weight> 0.364372
<Mean>
1867.527588 93.385818 -21.294031 -44.799927 5.393710 4.385470 -13.398861 -2.057026 2.283809 
<Inverted_Deviation>
0.003188 0.005834 0.013586 0.006447 0.014034 0.018151 0.012449 0.021442 0.029652 
<LogVarVal> 45.408844
<Mixture> 2 <Weight> 0.432389
<Mean>
1215.720215 62.201553 2.069054 -36.808212 -13.382498 -1.721590 3.459081 0.017218 -1.872853 
<Inverted_Deviation>
0.006740 0.006481 0.012691 0.008259 0.013234 0.022986 0.019384 0.026158 0.038919 
<LogVarVal> 43.284256
<State> 1
<NumMixes> 3
<Mixture> 0 <Weight> 0.568796
<Mean>
982.269653 17.836189 0.606808 5.778232 -1.090140 0.071567 -0.316477 0.164198 -0.012145 
<Inverted_Deviation>
0.008613 0.046211 0.070711 0.065048 0.070711 0.070711 0.070711 0.070711 0.070711 
<LogVarVal> 31.607855
<Mixture> 1 <Weight> 0.298662
<Mean>
800.354980 18.374485 -0.082702 13.207021 -0.114652 -0.259002 -0.312671 -0.187391 0.031552 
<Inverted_Deviation>
0.015241 0.040338 0.070711 0.040596 0.070711 0.070711 0.070711 0.070711 0.070711 
<LogVarVal> 31.644520
<Mixture> 2 <Weight> 0.132542
<Mean>
663.547913 22.927353 0.581153 17.923250 1.503746 0.045811 -0.034902 0.436225 -0.268394 
<Inverted_Deviation>
0.018277 0.035660 0.070711 0.045096 0.070711 0.070711 0.070711 0.070711 0.070711 
<LogVarVal> 31.481020
<State> 2
<NumMixes> 3
<Mixture> 0 <Weight> 0.119439
<Mean>
776.003784 23.802914 -8.822725 32.408554 -1.822548 1.660936 -12.643366 1.092725 1.785334 
<Inverted_Deviation>
0.010178 0.014241 0.039203 0.008274 0.021254 0.053929 0.036738 0.051679 0.070711 
<LogVarVal> 37.711216
<Mixture> 1 <Weight> 0.532265
<Mean>
340.096008 6.194978 2.865539 11.033118 1.602749 0.173733 6.050823 0.163670 -0.135194 
<Inverted_Deviation>
0.010221 0.023743 0.070711 0.008158 0.043332 0.070711 0.035175 0.070711 0.070711 
<LogVarVal> 35.366711
<Mixture> 2 <Weight> 0.348297
<Mean>
566.395447 25.855228 0.450115 12.172883 -1.569033 -0.877672 -13.646920 -2.068042 0.193477 
<Inverted_Deviation>
0.012094 0.017609 0.061358 0.008171 0.031910 0.068849 0.023928 0.050790 0.070711 
<LogVarVal> 36.686539
<State> 3
<NumMixes> 3
<Mixture> 0 <Weight> 0.152396
<Mean>
664.382935 -24.188377 -3.138648 31.266142 1.453190 -0.716789 -7.514742 0.980269 0.799026 
<Inverted_Deviation>
0.013776 0.026280 0.070711 0.012708 0.035045 0.070711 0.047839 0.070711 0.070711 
<LogVarVal> 34.428337
<Mixture> 1 <Weight> 0.202278
<Mean>
260.664185 -6.591323 6.256700 -19.505091 -4.848965 1.183553 41.621227 -0.606853 -1.008557 
<Inverted_Deviation>
0.009124 0.017180 0.055976 0.010065 0.032529 0.070711 0.028077 0.056393 0.070711 
<LogVarVal> 36.565758
<Mixture> 2 <Weight> 0.645326
<Mean>
515.252380 -13.195484 0.457598 14.784511 0.630587 -0.222578 0.039184 0.861644 -0.051014 
<Inverted_Deviation>
0.012824 0.023350 0.070711 0.012608 0.047045 0.070711 0.054335 0.070711 0.070711 
<LogVarVal> 34.204224
<State> 4
<NumMixes> 3
<Mixture> 0 <Weight> 0.363737
<Mean>
770.651672 -8.301544 -0.415182 6.174704 1.512091 0.086658 -0.357959 -0.358324 -0.042245 
<Inverted_Deviation>
0.031599 0.041987 0.070711 0.062111 0.070711 0.070711 0.070711 0.070711 0.070711 
<LogVarVal> 30.450098
<Mixture> 1 <Weight> 0.206117
<Mean>
681.615051 -18.386423 0.937737 11.164470 -0.499235 -0.266002 0.108218 0.061777 -0.095818 
<Inverted_Deviation>
0.023582 0.031833 0.070711 0.049381 0.070711 0.070711 0.070711 0.070711 0.070711 
<LogVarVal> 31.248940
<Mixture> 2 <Weight> 0.430146
<Mean>
840.117188 -9.167249 0.389083 3.892498 1.165721 0.099708 -0.347393 -0.123384 0.004738 
<Inverted_Deviation>
0.025898 0.041091 0.070711 0.067872 0.070711 0.070711 0.070711 0.070711 0.070711 
<LogVarVal> 30.581940
<State> 5
<NumMixes> 3
<Mixture> 0 <Weight> 0.432063
<Mean>
720.942932 27.996519 5.217616 -18.449484 13.541739 -6.097582 5.771014 -5.486997 3.528891 
<Inverted_Deviation>
0.003950 0.007002 0.011430 0.018504 0.020001 0.030314 0.036673 0.034435 0.046139 
<LogVarVal> 41.266834
<Mixture> 1 <Weight> 0.217110
<Mean>
1286.784058 -267.002899 48.028732 -145.887314 51.860657 17.226578 14.261986 16.437874 -15.964889 
<Inverted_Deviation>
0.003367 0.004756 0.007766 0.004984 0.006651 0.008567 0.010935 0.010297 0.013559 
<LogVarVal> 49.517921
<Mixture> 2 <Weight> 0.350827
<Mean>
2086.725098 -79.952408 -32.725697 -43.947231 -30.834917 -2.684532 -14.176691 -3.290141 5.595095 
<Inverted_Deviation>
0.002352 0.004948 0.010429 0.006879 0.009795 0.014803 0.015100 0.016765 0.019063 
<LogVarVal> 47.135265
<TransP>
-0.185403 -1.776492 -10000000000.000000 -10000000000.000000 -10000000000.000000 -10000000000.000000 
-10000000000.000000 -0.054208 -2.941918 -10000000000.000000 -10000000000.000000 -10000000000.000000 
-10000000000.000000 -10000000000.000000 -0.087485 -2.479710 -10000000000.000000 -10000000000.000000 
-10000000000.000000 -10000000000.000000 -10000000000.000000 -0.085655 -2.499944 -10000000000.000000 
-10000000000.000000 -10000000000.000000 -10000000000.000000 -10000000000.000000 -0.059317 -2.854378 
-10000000000.000000 -10000000000.000000 -10000000000.000000 -10000000000.000000 -10000000000.000000 0.000000 
<EndEmbeddedHMM>
<BeginEmbeddedHMM>
<NumStates> 3
<State> 0
<NumMixes> 3
<Mixture> 0 <Weight> 0.199241
<Mean>
1990.322876 71.244545 -19.410564 -30.710318 14.255954 1.391083 -24.163567 -0.566598 3.145537 
<Inverted_Deviation>
0.003179 0.006281 0.019578 0.005602 0.018171 0.021271 0.019546 0.035327 0.046714 
<LogVarVal> 43.291016
<Mixture> 1 <Weight> 0.294118
<Mean>
1092.384644 94.422623 6.633803 -0.828309 -10.556781 -1.661999 13.824637 -0.348956 -1.641259 
<Inverted_Deviation>
0.003648 0.006730 0.013115 0.004157 0.010780 0.017575 0.012970 0.018500 0.028205 
<LogVarVal> 46.057610
<Mixture> 2 <Weight> 0.506641
<Mean>
606.278503 31.451092 3.876806 14.546934 -0.742285 -0.094821 2.812439 0.334031 -0.388009 
<Inverted_Deviation>
0.006916 0.021651 0.046269 0.026332 0.036162 0.057322 0.050544 0.068009 0.070711 
<LogVarVal> 35.169163
<State> 1
<NumMixes> 3
<Mixture> 0 <Weight> 0.343607
<Mean>
560.853271 -7.550943 -0.117208 3.038030 0.891391 -0.216143 -4.315714 0.014401 0.148500 
<Inverted_Deviation>
0.011644 0.040421 0.070711 0.024293 0.070711 0.070711 0.070711 0.070711 0.070711 
<LogVarVal> 32.425201
<Mixture> 1 <Weight> 0.185756
<Mean>
204.626373 -0.131332 1.865798 0.476353 -0.951251 -0.069810 13.917726 -0.076867 -0.144018 
<Inverted_Deviation>
0.010520 0.038490 0.070711 0.010865 0.070711 0.070711 0.046165 0.070711 0.070711 
<LogVarVal> 33.806721
<Mixture> 2 <Weight> 0.470637
<Mean>
387.713135 -0.615929 0.387979 0.016216 -0.288523 0.136678 -2.868722 -0.042774 0.046729 
<Inverted_Deviation>
0.016601 0.036894 0.070711 0.015962 0.069191 0.070711 0.070556 0.070711 0.070711 
<LogVarVal> 32.605732
<State> 2
<NumMixes> 3
<Mixture> 0 <Weight> 0.206799
<Mean>
2400.627441 -48.328716 -23.590410 -34.662155 -25.854626 -10.293287 -4.798989 -3.246193 2.543977 
<Inverted_Deviation>
0.006225 0.006696 0.012540 0.012170 0.011781 0.020931 0.052308 0.038346 0.026650 
<LogVarVal> 42.168869
<Mixture> 1 <Weight> 0.222380
<Mean>
806.120361 -156.382034 36.439728 -60.572552 46.648537 -4.978781 12.233339 -2.808922 -3.278561 
<Inverted_Deviation>
0.003816 0.006910 0.014192 0.012109 0.010329 0.011948 0.030674 0.021067 0.020692 
<LogVarVal> 44.586136
<Mixture> 2 <Weight> 0.570822
<Mean>
1489.971313 -65.426262 -8.121954 -16.999224 -8.318139 5.849401 -2.102902 2.701732 0.129346 
<Inverted_Deviation>
0.004785 0.004704 0.016085 0.007011 0.010892 0.013797 0.018088 0.020263 0.023170 
<LogVarVal> 45.422501
<TransP>
-0.055597 -2.917296 -10000000000.000000 
-10000000000.000000 -0.024026 -3.740589 
-10000000000.000000 -10000000000.000000 0.000000 
<EndEmbeddedHMM>
