<NumSuperStates> 5
<NumStates> 3 6 6 6 3 
<NumMixtures> 3 3 3 3 3 3 3 3 3 3 3 3 3 3 3 3 3 3 3 3 3 3 3 3 
<VecSize> 9
<BeginExternalHMM>
<NumStates> 5
<TransP>
-0.071096 -2.679063 -10000000000.000000 -10000000000.000000 -10000000000.000000 
-10000000000.000000 -0.077530 -2.595610 -10000000000.000000 -10000000000.000000 
-10000000000.000000 -10000000000.000000 -0.089231 -2.460809 -10000000000.000000 
-10000000000.000000 -10000000000.000000 -10000000000.000000 -0.035657 -3.351573 
-10000000000.000000 -10000000000.000000 -10000000000.000000 -10000000000.000000 -0.000000 
<EndExternalHMM>
<BeginEmbeddedHMM>
<NumStates> 3
<State> 0
<NumMixes> 3
<Mixture> 0 <Weight> 0.409570
<Mean>
907.584473 23.339964 11.338725 -8.625757 11.428828 -0.887573 2.513087 -1.583573 -0.720483 
<Inverted_Deviation>
0.005558 0.008633 0.020469 0.013088 0.021819 0.031969 0.038808 0.040892 0.049972 
<LogVarVal> 40.031124
<Mixture> 1 <Weight> 0.283895
<Mean>
1414.776367 78.240967 -2.552379 -9.035177 5.644845 0.020752 -10.538609 -1.780298 0.189910 
<Inverted_Deviation>
0.003863 0.003997 0.009100 0.006701 0.014938 0.021088 0.013234 0.025474 0.030095 
<LogVarVal> 45.496300
<Mixture> 2 <Weight> 0.306535
<Mean>
2151.440430 10.664013 -64.284065 -8.985003 -11.593839 0.860128 -27.062693 0.211327 1.612567 
<Inverted_Deviation>
0.003432 0.003749 0.007140 0.005612 0.018475 0.027294 0.007866 0.032972 0.038027 
<LogVarVal> 45.656246
<State> 1
<NumMixes> 3
<Mixture> 0 <Weight> 0.325950
<Mean>
1662.938232 -0.707040 -1.093893 -43.609241 -1.551742 -0.161262 -2.318566 0.051321 0.014427 
<Inverted_Deviation>
0.004219 0.029838 0.070711 0.019072 0.070711 0.070711 0.070711 0.070711 0.070711 
<LogVarVal> 33.985970
<Mixture> 1 <Weight> 0.388247
<Mean>
1225.369019 0.263358 -0.867715 -59.593502 -0.477445 0.189553 -0.208563 0.085266 0.067239 
<Inverted_Deviation>
0.005476 0.019655 0.044139 0.024466 0.065421 0.070711 0.070711 0.070711 0.070711 
<LogVarVal> 34.442463
<Mixture> 2 <Weight> 0.285803
<Mean>
725.019531 1.543229 1.107773 -42.245880 2.150134 0.056919 3.346085 -0.009603 -0.009425 
<Inverted_Deviation>
0.005195 0.022337 0.052742 0.023414 0.070711 0.070711 0.070711 0.070711 0.070711 
<LogVarVal> 34.155312
<State> 2
<NumMixes> 3
<Mixture> 0 <Weight> 0.044686
<Mean>
1995.058960 27.891672 -24.951996 -41.806431 4.192209 -1.121297 -64.080002 0.729479 0.914446 
<Inverted_Deviation>
0.001907 0.005379 0.007912 0.004735 0.031586 0.058648 0.006793 0.050157 0.070711 
<LogVarVal> 43.755844
<Mixture> 1 <Weight> 0.252113
<Mean>
336.070313 0.367567 7.214134 22.320757 -3.795242 0.297981 22.930811 -0.348187 -0.059754 
<Inverted_Deviation>
0.004622 0.013441 0.028799 0.011489 0.051532 0.070711 0.015602 0.070711 0.070711 
<LogVarVal> 37.924770
<Mixture> 2 <Weight> 0.703201
<Mean>
930.567688 5.208512 1.049447 -6.654382 -2.744439 -0.346286 3.157686 0.536603 -0.048071 
<Inverted_Deviation>
0.004995 0.013726 0.037469 0.014829 0.043522 0.062200 0.030083 0.069861 0.070711 
<LogVarVal> 36.960709
<TransP>
-0.081996 -2.541808 -10000000000.000000 
-10000000000.000000 -0.024026 -3.740622 
-10000000000.000000 -10000000000.000000 0.000000 
<EndEmbeddedHMM>
<BeginEmbeddedHMM>
<NumStates> 6
<State> 0
<NumMixes> 3
<Mixture> 0 <Weight> 0.258021
<Mean>
1544.058716 -99.822754 23.994419 -46.373466 5.745534 12.872793 2.814019 4.665237 -3.135282 
<Inverted_Deviation>
0.004324 0.002308 0.006581 0.008595 0.010666 0.014891 0.022086 0.019943 0.024655 
<LogVarVal> 46.624657
<Mixture> 1 <Weight> 0.422607
<Mean>
1059.513794 4.635051 20.832438 -11.913686 10.180049 -4.561076 3.051850 -1.230702 0.171947 
<Inverted_Deviation>
0.004450 0.006727 0.013145 0.018927 0.019723 0.033403 0.052180 0.053220 0.062660 
<LogVarVal> 39.848213
<Mixture> 2 <Weight> 0.319372
<Mean>
2147.543701 -41.413624 -98.514061 -5.590335 -17.864605 -2.882252 -6.711094 -1.745384 2.740051 
<Inverted_Deviation>
0.003782 0.003125 0.006481 0.007571 0.008827 0.013935 0.015990 0.014503 0.018800 
<LogVarVal> 47.765724
<State> 1
<NumMixes> 3
<Mixture> 0 <Weight> 0.341486
<Mean>
2113.759277 114.202644 3.338319 5.984228 -12.847136 -2.076689 -17.040579 5.236729 -0.356286 
<Inverted_Deviation>
0.003894 0.009883 0.024283 0.004339 0.010234 0.022231 0.006246 0.011642 0.025374 
<LogVarVal> 46.065884
<Mixture> 1 <Weight> 0.191331
<Mean>
1268.649902 6.401008 12.278721 42.839863 -3.065524 -1.999274 40.457428 4.253726 -4.679899 
<Inverted_Deviation>
0.005494 0.009671 0.018230 0.005390 0.010956 0.019838 0.007459 0.013485 0.024543 
<LogVarVal> 45.567814
<Mixture> 2 <Weight> 0.467183
<Mean>
1634.548340 36.497738 -1.442209 25.154053 3.685490 -0.429088 -9.889300 -4.649102 1.616793 
<Inverted_Deviation>
0.006090 0.007880 0.020033 0.005197 0.012408 0.024758 0.006970 0.013849 0.026722 
<LogVarVal> 45.221905
<State> 2
<NumMixes> 3
<Mixture> 0 <Weight> 0.065078
<Mean>
1344.646606 2.613358 7.571021 10.185405 1.655396 -2.503713 12.380159 1.249082 -2.429430 
<Inverted_Deviation>
0.010103 0.013913 0.029851 0.005934 0.013836 0.026030 0.010207 0.016300 0.027028 
<LogVarVal> 42.900814
<Mixture> 1 <Weight> 0.623992
<Mean>
1863.088989 6.597327 -0.912003 3.231591 -0.019000 0.239259 -10.257230 -0.571917 -0.033711 
<Inverted_Deviation>
0.007039 0.026945 0.070711 0.011870 0.061342 0.070711 0.049269 0.070711 0.070711 
<LogVarVal> 34.553677
<Mixture> 2 <Weight> 0.310929
<Mean>
1573.953369 5.529559 0.540837 12.323560 1.535805 0.449074 -6.069064 0.469587 0.572450 
<Inverted_Deviation>
0.008928 0.014726 0.051434 0.006833 0.022546 0.043098 0.013877 0.028155 0.047244 
<LogVarVal> 39.877804
<State> 3
<NumMixes> 3
<Mixture> 0 <Weight> 0.453320
<Mean>
1381.368896 20.248461 -0.309825 -11.970626 -3.499691 0.355305 -2.018479 -1.396370 0.945851 
<Inverted_Deviation>
0.009063 0.012640 0.031337 0.007583 0.020212 0.040201 0.012894 0.024179 0.045603 
<LogVarVal> 40.846962
<Mixture> 1 <Weight> 0.344500
<Mean>
1626.280640 31.859964 -2.472202 41.111393 -8.540660 -0.136112 -7.779295 0.098221 -0.324746 
<Inverted_Deviation>
0.009517 0.019311 0.070711 0.010960 0.046540 0.070711 0.036138 0.070711 0.070711 
<LogVarVal> 35.250992
<Mixture> 2 <Weight> 0.202180
<Mean>
1102.125366 13.832838 8.101912 -9.001474 3.195174 0.604854 27.468735 0.676070 -1.615483 
<Inverted_Deviation>
0.007231 0.010728 0.028022 0.008114 0.019333 0.034430 0.013459 0.022719 0.041049 
<LogVarVal> 41.604939
<State> 4
<NumMixes> 3
<Mixture> 0 <Weight> 0.198472
<Mean>
807.524414 14.310963 2.800749 3.832514 1.224492 -0.105030 8.075923 -0.647347 -0.064058 
<Inverted_Deviation>
0.005115 0.023563 0.070711 0.007814 0.034541 0.070711 0.011834 0.045208 0.070711 
<LogVarVal> 37.873058
<Mixture> 1 <Weight> 0.492447
<Mean>
1233.766113 3.766117 1.337262 17.600506 0.744134 -0.095288 8.644715 0.550693 -0.181827 
<Inverted_Deviation>
0.007080 0.017049 0.070711 0.007337 0.035887 0.070711 0.016196 0.046835 0.070711 
<LogVarVal> 37.547352
<Mixture> 2 <Weight> 0.309081
<Mean>
1519.050293 -0.747820 -3.408837 28.284323 7.130876 -0.594314 -7.049938 0.048456 0.155658 
<Inverted_Deviation>
0.006970 0.016934 0.070711 0.008666 0.038969 0.070711 0.020902 0.064919 0.070711 
<LogVarVal> 36.739174
<State> 5
<NumMixes> 3
<Mixture> 0 <Weight> 0.286663
<Mean>
1301.992798 77.400764 -13.518431 -20.606308 5.791674 1.202715 -2.440665 -0.808887 1.566225 
<Inverted_Deviation>
0.004648 0.008301 0.014308 0.007645 0.015221 0.023331 0.016761 0.020352 0.028371 
<LogVarVal> 43.923462
<Mixture> 1 <Weight> 0.191847
<Mean>
293.684692 20.495796 18.106575 -7.544334 -3.153371 -0.278195 1.114177 0.066969 0.150348 
<Inverted_Deviation>
0.004991 0.008292 0.017580 0.033189 0.037047 0.045751 0.070711 0.070711 0.070711 
<LogVarVal> 37.017982
<Mixture> 2 <Weight> 0.521490
<Mean>
827.867554 43.581966 8.571706 -9.889228 -5.861648 0.037343 6.956406 0.116121 -0.792469 
<Inverted_Deviation>
0.005292 0.010384 0.024562 0.012761 0.021090 0.032944 0.026446 0.031348 0.041430 
<LogVarVal> 40.579197
<TransP>
-0.078589 -2.582556 -10000000000.000000 -10000000000.000000 -10000000000.000000 -10000000000.000000 
-10000000000.000000 -0.191528 -1.746958 -10000000000.000000 -10000000000.000000 -10000000000.000000 
-10000000000.000000 -10000000000.000000 -0.069069 -2.706984 -10000000000.000000 -10000000000.000000 
-10000000000.000000 -10000000000.000000 -10000000000.000000 -0.118328 -2.192873 -10000000000.000000 
-10000000000.000000 -10000000000.000000 -10000000000.000000 -10000000000.000000 -0.050115 -3.018387 
-10000000000.000000 -10000000000.000000 -10000000000.000000 -10000000000.000000 -10000000000.000000 0.000000 
<EndEmbeddedHMM>
<BeginEmbeddedHMM>
<NumStates> 6
<State> 0
<NumMixes> 3
<Mixture> 0 <Weight> 0.418152
<Mean>
1371.083252 -11.587846 10.990919 -34.939270 5.386313 2.715764 14.044156 0.790194 -0.607627 
<Inverted_Deviation>
0.002602 0.003911 0.006249 0.006243 0.007161 0.009169 0.007850 0.009062 0.010265 
<LogVarVal> 50.559334
<Mixture> 1 <Weight> 0.132350
<Mean>
2755.891846 3.307467 -89.562187 -53.543312 3.962179 -4.166783 -17.631910 -1.102975 1.881113 
<Inverted_Deviation>
0.003337 0.002961 0.004430 0.006829 0.011378 0.019231 0.017935 0.021487 0.023069 
<LogVarVal> 47.139957
<Mixture> 2 <Weight> 0.449498
<Mean>
2022.462402 -51.205936 -42.050404 -51.187561 1.330686 0.227727 3.429641 -0.858161 0.126125 
<Inverted_Deviation>
0.004113 0.002924 0.004971 0.004465 0.006454 0.009083 0.008406 0.009581 0.012613 
<LogVarVal> 50.739441
<State> 1
<NumMixes> 3
<Mixture> 0 <Weight> 0.360887
<Mean>
2054.127930 14.368694 2.625159 -47.250916 4.271056 -1.968316 -5.758020 1.676180 -0.864222 
<Inverted_Deviation>
0.004814 0.005381 0.009792 0.005558 0.010133 0.015621 0.012356 0.018117 0.022122 
<LogVarVal> 46.498035
<Mixture> 1 <Weight> 0.235511
<Mean>
2519.535400 28.462399 -21.857590 -57.591751 -14.342381 1.640907 -26.954119 -2.807330 1.612119 
<Inverted_Deviation>
0.004354 0.004344 0.008546 0.004369 0.008338 0.012304 0.007086 0.012277 0.017713 
<LogVarVal> 48.790333
<Mixture> 2 <Weight> 0.403602
<Mean>
1485.901001 8.269633 14.367906 -58.526466 -1.527177 2.447292 13.571321 1.398709 -0.134602 
<Inverted_Deviation>
0.003368 0.007254 0.013295 0.006961 0.014862 0.022331 0.011324 0.022079 0.031685 
<LogVarVal> 44.815392
<State> 2
<NumMixes> 3
<Mixture> 0 <Weight> 0.237687
<Mean>
1549.962524 -25.436323 8.932141 -23.878637 -6.428647 -2.237023 2.031597 0.732730 0.500062 
<Inverted_Deviation>
0.005680 0.005550 0.008965 0.011624 0.018276 0.026387 0.021019 0.028929 0.038734 
<LogVarVal> 42.978661
<Mixture> 1 <Weight> 0.287599
<Mean>
2165.969971 33.770069 -3.414624 -29.321297 -1.327433 -0.366629 -3.514357 -0.538339 -0.216791 
<Inverted_Deviation>
0.006630 0.008295 0.018257 0.016480 0.023212 0.021803 0.037423 0.036594 0.027232 
<LogVarVal> 40.853867
<Mixture> 2 <Weight> 0.474714
<Mean>
1890.933472 10.475853 -3.982955 -33.692554 -1.110608 0.217838 -3.059383 -0.495341 -0.037808 
<Inverted_Deviation>
0.008242 0.010262 0.020794 0.014328 0.026438 0.038254 0.031858 0.042793 0.052131 
<LogVarVal> 39.096054
<State> 3
<NumMixes> 3
<Mixture> 0 <Weight> 0.132145
<Mean>
1073.338745 17.694391 14.069811 -30.333811 -6.101808 0.695519 16.657602 -1.236314 -1.165480 
<Inverted_Deviation>
0.005531 0.006157 0.012712 0.008685 0.017211 0.025435 0.017346 0.028728 0.038991 
<LogVarVal> 43.132801
<Mixture> 1 <Weight> 0.383405
<Mean>
1430.204956 5.804885 0.669517 -43.006035 2.667786 0.453115 -1.523595 0.025061 0.215796 
<Inverted_Deviation>
0.008261 0.009129 0.017833 0.009122 0.020013 0.027472 0.021270 0.033158 0.043403 
<LogVarVal> 41.267597
<Mixture> 2 <Weight> 0.484450
<Mean>
1699.410645 12.419896 -2.163031 -21.939398 0.309036 -0.551421 -4.114966 0.054916 0.013782 
<Inverted_Deviation>
0.007661 0.015837 0.042131 0.016761 0.036616 0.057118 0.040961 0.065918 0.070711 
<LogVarVal> 36.157585
<State> 4
<NumMixes> 3
<Mixture> 0 <Weight> 0.864417
<Mean>
1710.816772 -2.169221 -0.517818 -5.028965 -0.136777 -0.052572 -1.212147 0.055296 0.000985 
<Inverted_Deviation>
0.005922 0.035622 0.070711 0.032318 0.070711 0.070711 0.070711 0.070711 0.070711 
<LogVarVal> 32.942223
<Mixture> 1 <Weight> 0.054791
<Mean>
797.478149 10.368549 2.601954 -26.531366 -1.291656 -0.763660 6.541004 1.274963 -0.375855 
<Inverted_Deviation>
0.005936 0.022330 0.053672 0.008678 0.030579 0.068773 0.025858 0.049570 0.070711 
<LogVarVal> 37.224609
<Mixture> 2 <Weight> 0.080792
<Mean>
1318.308105 9.397544 0.438131 -27.064447 2.545780 0.094278 -2.773920 0.595374 -0.074471 
<Inverted_Deviation>
0.005913 0.023509 0.064196 0.019445 0.054387 0.070711 0.050807 0.070711 0.070711 
<LogVarVal> 34.557117
<State> 5
<NumMixes> 3
<Mixture> 0 <Weight> 0.301445
<Mean>
1744.311157 75.489197 -42.217113 -32.369190 15.793823 -6.794412 -4.456690 1.791548 -0.109488 
<Inverted_Deviation>
0.004389 0.005783 0.011060 0.014061 0.020960 0.028577 0.051322 0.055175 0.059254 
<LogVarVal> 40.614685
<Mixture> 1 <Weight> 0.422918
<Mean>
527.882935 25.194260 17.668953 -20.790361 -5.911018 -3.239290 4.450310 1.030482 0.452224 
<Inverted_Deviation>
0.003494 0.006645 0.007968 0.016046 0.020342 0.023187 0.036641 0.040298 0.038816 
<LogVarVal> 42.212627
<Mixture> 2 <Weight> 0.275637
<Mean>
1176.350464 223.306702 15.941058 -53.088833 -5.624887 14.877589 -1.712899 -5.583392 -0.175870 
<Inverted_Deviation>
0.003810 0.004082 0.006469 0.010510 0.015183 0.016071 0.048711 0.044075 0.038756 
<LogVarVal> 43.531258
<TransP>
-0.106249 -2.294627 -10000000000.000000 -10000000000.000000 -10000000000.000000 -10000000000.000000 
-10000000000.000000 -0.120587 -2.175075 -10000000000.000000 -10000000000.000000 -10000000000.000000 
-10000000000.000000 -10000000000.000000 -0.114490 -2.223964 -10000000000.000000 -10000000000.000000 
-10000000000.000000 -10000000000.000000 -10000000000.000000 -0.062386 -2.805452 -10000000000.000000 
-10000000000.000000 -10000000000.000000 -10000000000.000000 -10000000000.000000 -0.045274 -3.117572 
-10000000000.000000 -10000000000.000000 -10000000000.000000 -10000000000.000000 -10000000000.000000 0.000000 
<EndEmbeddedHMM>
<BeginEmbeddedHMM>
<NumStates> 6
<State> 0
<NumMixes> 3
<Mixture> 0 <Weight> 0.172538
<Mean>
2478.088135 -377.684143 -178.826630 -2.823806 -2.004026 -0.479272 -1.258510 2.896715 1.622797 
<Inverted_Deviation>
0.003785 0.003822 0.003237 0.010815 0.016095 0.015443 0.026850 0.033539 0.033500 
<LogVarVal> 45.263596
<Mixture> 1 <Weight> 0.493998
<Mean>
2941.003662 42.295055 -16.016127 -6.246683 1.638267 -0.794427 -3.337428 -1.017896 -0.102504 
<Inverted_Deviation>
0.004766 0.006299 0.010051 0.013980 0.021001 0.025700 0.030324 0.037018 0.049066 
<LogVarVal> 41.766285
<Mixture> 2 <Weight> 0.333464
<Mean>
1987.984985 -7.044720 11.937251 0.270435 -2.945579 1.546417 1.690835 0.058986 -0.486254 
<Inverted_Deviation>
0.002875 0.004253 0.005902 0.011291 0.019646 0.024046 0.030778 0.037196 0.042734 
<LogVarVal> 43.662392
<State> 1
<NumMixes> 3
<Mixture> 0 <Weight> 0.370571
<Mean>
2219.540039 50.890442 2.874850 -7.803079 0.306339 -0.538930 -1.052949 -0.450778 -0.029974 
<Inverted_Deviation>
0.006364 0.010539 0.030986 0.016654 0.034536 0.063480 0.069174 0.070711 0.070711 
<LogVarVal> 36.422581
<Mixture> 1 <Weight> 0.384033
<Mean>
1807.378174 32.847153 3.042755 -5.034359 1.128865 -0.434646 0.055935 -0.301901 -0.037229 
<Inverted_Deviation>
0.005011 0.013979 0.047903 0.020307 0.043459 0.070711 0.070711 0.070711 0.070711 
<LogVarVal> 35.385620
<Mixture> 2 <Weight> 0.245395
<Mean>
2604.384033 71.641556 -1.629754 -5.694024 -1.921720 1.007408 -2.800861 0.548318 -0.183628 
<Inverted_Deviation>
0.005872 0.008314 0.023422 0.020590 0.031945 0.051604 0.063907 0.070711 0.070711 
<LogVarVal> 37.172218
<State> 2
<NumMixes> 3
<Mixture> 0 <Weight> 0.302364
<Mean>
2346.238037 33.086983 -15.925043 50.733856 -24.293541 0.028348 -30.653374 0.510754 3.142896 
<Inverted_Deviation>
0.002844 0.004437 0.009360 0.004084 0.006955 0.011386 0.009058 0.011503 0.015997 
<LogVarVal> 49.351650
<Mixture> 1 <Weight> 0.326737
<Mean>
1184.461792 16.843000 10.419097 15.002683 13.821655 1.430475 45.324512 2.609326 -1.382059 
<Inverted_Deviation>
0.003837 0.007193 0.021638 0.003909 0.011850 0.025826 0.008925 0.018001 0.034352 
<LogVarVal> 45.225796
<Mixture> 2 <Weight> 0.370899
<Mean>
1717.954712 54.156639 2.735622 66.687202 2.368872 -1.223446 -4.678560 -2.333393 -1.461106 
<Inverted_Deviation>
0.004335 0.005437 0.011453 0.004042 0.009318 0.015301 0.012026 0.016591 0.023036 
<LogVarVal> 46.933220
<State> 3
<NumMixes> 3
<Mixture> 0 <Weight> 0.265213
<Mean>
886.494934 4.830703 2.886546 10.570112 -0.979789 0.446594 15.867055 0.121317 -0.032024 
<Inverted_Deviation>
0.004666 0.018565 0.070711 0.006885 0.030189 0.070711 0.015455 0.048312 0.070711 
<LogVarVal> 38.131298
<Mixture> 1 <Weight> 0.391633
<Mean>
1645.094849 17.816341 0.075060 13.792173 -0.184168 0.759384 -10.486252 -0.619569 0.234416 
<Inverted_Deviation>
0.005637 0.015705 0.050473 0.009662 0.028517 0.070632 0.030571 0.058251 0.070711 
<LogVarVal> 37.296658
<Mixture> 2 <Weight> 0.343154
<Mean>
1275.100220 13.239440 2.105671 25.746765 1.937979 -0.492541 -5.288074 0.957074 -0.040582 
<Inverted_Deviation>
0.006582 0.014964 0.057854 0.006484 0.028021 0.070711 0.021209 0.045483 0.070711 
<LogVarVal> 38.081955
<State> 4
<NumMixes> 3
<Mixture> 0 <Weight> 0.383642
<Mean>
1690.026978 -4.944244 -0.640642 10.077862 0.068435 -0.129163 -0.809092 -0.019868 -0.016188 
<Inverted_Deviation>
0.008413 0.035758 0.070711 0.048619 0.070711 0.070711 0.070711 0.070711 0.070711 
<LogVarVal> 32.178925
<Mixture> 1 <Weight> 0.298720
<Mean>
1437.810791 -0.692980 0.202378 14.943175 -0.582806 -0.004492 -0.804124 -0.020443 -0.053739 
<Inverted_Deviation>
0.007838 0.034727 0.070711 0.039319 0.070711 0.070711 0.070711 0.070711 0.070711 
<LogVarVal> 32.491264
<Mixture> 2 <Weight> 0.317639
<Mean>
1070.466797 0.598656 0.695016 13.542152 -0.435285 0.071105 -0.961266 0.025863 -0.050917 
<Inverted_Deviation>
0.006048 0.030876 0.070711 0.029411 0.070711 0.070711 0.070711 0.070711 0.070711 
<LogVarVal> 33.158325
<State> 5
<NumMixes> 3
<Mixture> 0 <Weight> 0.129818
<Mean>
1419.066772 -298.149811 31.076048 -64.810020 33.264194 11.281909 -12.168728 24.991011 -0.640416 
<Inverted_Deviation>
0.003184 0.003367 0.003449 0.004010 0.007185 0.007715 0.011588 0.012793 0.012722 
<LogVarVal> 50.764652
<Mixture> 1 <Weight> 0.459016
<Mean>
806.184692 78.610008 21.036697 12.026696 4.554022 -1.759788 11.628188 -4.503216 -0.910197 
<Inverted_Deviation>
0.002670 0.003975 0.005376 0.006179 0.010346 0.012873 0.015948 0.020150 0.021144 
<LogVarVal> 47.740505
<Mixture> 2 <Weight> 0.411165
<Mean>
1816.692261 75.061836 -79.159988 -16.172915 -3.030695 -1.097040 -8.852233 -3.563456 1.689070 
<Inverted_Deviation>
0.002110 0.003665 0.005428 0.007652 0.011165 0.015131 0.016780 0.024494 0.028777 
<LogVarVal> 47.041355
<TransP>
-0.098800 -2.363651 -10000000000.000000 -10000000000.000000 -10000000000.000000 -10000000000.000000 
-10000000000.000000 -0.083711 -2.521952 -10000000000.000000 -10000000000.000000 -10000000000.000000 
-10000000000.000000 -10000000000.000000 -0.133397 -2.080379 -10000000000.000000 -10000000000.000000 
-10000000000.000000 -10000000000.000000 -10000000000.000000 -0.070490 -2.687320 -10000000000.000000 
-10000000000.000000 -10000000000.000000 -10000000000.000000 -10000000000.000000 -0.043574 -3.154993 
-10000000000.000000 -10000000000.000000 -10000000000.000000 -10000000000.000000 -10000000000.000000 0.000000 
<EndEmbeddedHMM>
<BeginEmbeddedHMM>
<NumStates> 3
<State> 0
<NumMixes> 3
<Mixture> 0 <Weight> 0.103440
<Mean>
2671.977051 20.550457 -54.374546 177.619614 -34.846649 2.984038 -133.928375 10.877642 8.215764 
<Inverted_Deviation>
0.003032 0.003382 0.004435 0.003207 0.007982 0.012026 0.005131 0.013769 0.018640 
<LogVarVal> 50.591118
<Mixture> 1 <Weight> 0.607582
<Mean>
1130.629272 -12.510475 8.576912 48.475414 2.087491 1.446094 20.729008 6.051825 -2.949974 
<Inverted_Deviation>
0.002616 0.004376 0.008991 0.003607 0.006479 0.009607 0.006559 0.009637 0.012086 
<LogVarVal> 50.634602
<Mixture> 2 <Weight> 0.288978
<Mean>
1829.911621 -13.905406 -32.608986 227.261841 17.976322 -11.383207 -47.592888 -14.702428 4.448263 
<Inverted_Deviation>
0.002998 0.003565 0.006825 0.002813 0.005894 0.010423 0.005123 0.009330 0.014145 
<LogVarVal> 51.362408
<State> 1
<NumMixes> 3
<Mixture> 0 <Weight> 0.217990
<Mean>
859.688293 9.846231 1.361533 1.623449 -0.109214 0.247354 14.441191 -0.651950 -0.300698 
<Inverted_Deviation>
0.005615 0.027392 0.070711 0.011180 0.060956 0.070711 0.024786 0.070711 0.070711 
<LogVarVal> 35.516487
<Mixture> 1 <Weight> 0.556644
<Mean>
1252.136353 7.437049 0.298890 12.286453 -0.318643 0.061474 -10.769320 -0.323280 -0.024020 
<Inverted_Deviation>
0.007109 0.022612 0.070711 0.011437 0.053409 0.070711 0.026145 0.070711 0.070711 
<LogVarVal> 35.528347
<Mixture> 2 <Weight> 0.225366
<Mean>
1631.931885 29.631378 -0.537306 17.451962 -0.265678 0.758682 -13.075316 -1.157530 -0.182649 
<Inverted_Deviation>
0.004137 0.015464 0.055865 0.014494 0.043012 0.070711 0.022408 0.070711 0.070711 
<LogVarVal> 36.819294
<State> 2
<NumMixes> 3
<Mixture> 0 <Weight> 0.084094
<Mean>
2466.777588 -30.374025 -94.859863 139.154205 124.101463 33.871845 -98.182487 -52.346909 6.400762 
<Inverted_Deviation>
0.003457 0.002835 0.004089 0.003286 0.003756 0.009238 0.006859 0.008091 0.007519 
<LogVarVal> 52.860157
<Mixture> 1 <Weight> 0.490222
<Mean>
722.126709 26.653257 39.899326 47.010986 -41.845898 10.049049 40.111046 -13.139990 -7.694475 
<Inverted_Deviation>
0.003477 0.003549 0.007451 0.004201 0.005769 0.009382 0.010582 0.010788 0.011550 
<LogVarVal> 50.189026
<Mixture> 2 <Weight> 0.425684
<Mean>
1417.322632 -66.219543 -36.882866 90.218697 28.154776 -20.500645 -30.281523 26.485401 8.111408 
<Inverted_Deviation>
0.003300 0.002862 0.005657 0.003001 0.005965 0.006722 0.010244 0.007585 0.009762 
<LogVarVal> 51.921104
<TransP>
-0.051518 -2.991473 -10000000000.000000 
-10000000000.000000 -0.022265 -3.815842 
-10000000000.000000 -10000000000.000000 0.000000 
<EndEmbeddedHMM>
