<NumSuperStates> 5
<NumStates> 3 6 6 6 3 
<NumMixtures> 3 3 3 3 3 3 3 3 3 3 3 3 3 3 3 3 3 3 3 3 3 3 3 3 
<VecSize> 9
<BeginExternalHMM>
<NumStates> 5
<TransP>
-0.105360 -2.302585 -10000000000.000000 -10000000000.000000 -10000000000.000000 
-10000000000.000000 -0.048475 -3.050852 -10000000000.000000 -10000000000.000000 
-10000000000.000000 -10000000000.000000 -0.083614 -2.523058 -10000000000.000000 
-10000000000.000000 -10000000000.000000 -10000000000.000000 -0.042439 -3.180828 
-10000000000.000000 -10000000000.000000 -10000000000.000000 -10000000000.000000 0.000000 
<EndExternalHMM>
<BeginEmbeddedHMM>
<NumStates> 3
<State> 0
<NumMixes> 3
<Mixture> 0 <Weight> 0.082282
<Mean>
2162.298828 130.712433 -33.651825 22.786154 -10.992861 -1.269884 -12.292099 -2.688429 3.488601 
<Inverted_Deviation>
0.001866 0.003725 0.010053 0.005878 0.010506 0.015290 0.011575 0.013091 0.022658 
<LogVarVal> 48.082661
<Mixture> 1 <Weight> 0.104666
<Mean>
707.267822 136.111252 27.557070 23.692144 7.070866 0.450865 8.637104 0.686976 -3.048322 
<Inverted_Deviation>
0.002746 0.003880 0.009757 0.007854 0.012328 0.019667 0.015903 0.017099 0.026359 
<LogVarVal> 46.247704
<Mixture> 2 <Weight> 0.813052
<Mean>
133.467514 0.507414 1.461866 -12.516520 1.013996 0.035735 1.982133 0.011152 -0.003731 
<Inverted_Deviation>
0.006784 0.023061 0.047300 0.040720 0.070711 0.070711 0.070711 0.070711 0.070711 
<LogVarVal> 33.412167
<State> 1
<NumMixes> 3
<Mixture> 0 <Weight> 0.350939
<Mean>
924.756836 -6.658323 -1.194812 -18.439589 -0.803847 -0.118283 -5.046286 0.142457 0.003223 
<Inverted_Deviation>
0.005120 0.029702 0.070711 0.017016 0.070711 0.070711 0.070711 0.070711 0.070711 
<LogVarVal> 33.910950
<Mixture> 1 <Weight> 0.553430
<Mean>
580.949036 -2.603197 0.709374 -13.816741 0.225485 0.025090 1.024416 -0.007072 -0.012642 
<Inverted_Deviation>
0.009000 0.025651 0.069635 0.022029 0.070711 0.070711 0.070711 0.070711 0.070711 
<LogVarVal> 33.250690
<Mixture> 2 <Weight> 0.095631
<Mean>
322.514282 -15.170438 0.744442 -49.760448 2.264605 0.559158 2.844721 0.531298 -0.034225 
<Inverted_Deviation>
0.008686 0.020337 0.059587 0.016083 0.059791 0.070711 0.070711 0.070711 0.070711 
<LogVarVal> 34.156418
<State> 2
<NumMixes> 3
<Mixture> 0 <Weight> 0.146224
<Mean>
1282.048828 -79.652321 -6.624036 35.003216 10.609957 -1.880018 -15.349238 1.809169 0.641465 
<Inverted_Deviation>
0.002574 0.003540 0.010839 0.005797 0.016395 0.022948 0.029586 0.040074 0.039015 
<LogVarVal> 44.298733
<Mixture> 1 <Weight> 0.577201
<Mean>
208.508240 0.083072 2.841175 -17.238607 -4.082133 -0.170479 4.135927 -0.095506 0.240770 
<Inverted_Deviation>
0.006543 0.015597 0.028705 0.020622 0.042554 0.063040 0.070711 0.070711 0.070711 
<LogVarVal> 35.641811
<Mixture> 2 <Weight> 0.276575
<Mean>
605.431030 -1.782130 6.898970 -32.943092 -6.911728 1.641079 5.317525 -1.936955 -0.721689 
<Inverted_Deviation>
0.004624 0.006048 0.014997 0.007334 0.020198 0.029740 0.044537 0.048308 0.054856 
<LogVarVal> 41.213070
<TransP>
-0.048443 -3.051482 -10000000000.000000 
-10000000000.000000 -0.026673 -3.637411 
-10000000000.000000 -10000000000.000000 0.000000 
<EndEmbeddedHMM>
<BeginEmbeddedHMM>
<NumStates> 6
<State> 0
<NumMixes> 3
<Mixture> 0 <Weight> 0.162400
<Mean>
1442.910278 497.850159 37.144936 -22.508436 4.099920 11.356840 0.410253 -5.421983 -1.738433 
<Inverted_Deviation>
0.002560 0.004992 0.003824 0.009933 0.013800 0.013036 0.047175 0.045697 0.037691 
<LogVarVal> 44.638477
<Mixture> 1 <Weight> 0.478410
<Mean>
617.221436 -17.538755 15.004355 -32.694672 -3.446887 -1.695929 0.850001 1.735842 0.793723 
<Inverted_Deviation>
0.002558 0.005331 0.010001 0.020061 0.018737 0.022687 0.070492 0.059341 0.062726 
<LogVarVal> 40.876968
<Mixture> 2 <Weight> 0.359190
<Mean>
2289.628662 78.189888 -32.835175 -1.251059 3.287561 -2.532629 -0.706268 0.832997 0.029207 
<Inverted_Deviation>
0.003130 0.005924 0.009503 0.020433 0.021290 0.029823 0.049431 0.059159 0.070711 
<LogVarVal> 40.439381
<State> 1
<NumMixes> 3
<Mixture> 0 <Weight> 0.218718
<Mean>
281.991211 7.129749 4.562614 19.344986 -3.579569 -0.016482 19.965931 1.037884 -0.209875 
<Inverted_Deviation>
0.007924 0.016184 0.050397 0.008481 0.030494 0.064430 0.022661 0.050248 0.070711 
<LogVarVal> 37.530136
<Mixture> 1 <Weight> 0.417552
<Mean>
840.184631 46.149235 0.189073 -5.024354 -0.201667 -0.559031 -3.558443 -0.516762 -0.085281 
<Inverted_Deviation>
0.005519 0.022143 0.070711 0.017258 0.050454 0.070711 0.041709 0.070711 0.070711 
<LogVarVal> 34.980846
<Mixture> 2 <Weight> 0.363730
<Mean>
549.600098 32.579746 1.459590 20.058968 -1.118575 -0.551875 0.496841 -0.476191 -0.013965 
<Inverted_Deviation>
0.009446 0.019893 0.065333 0.009108 0.037822 0.070711 0.021979 0.051650 0.070711 
<LogVarVal> 36.511787
<State> 2
<NumMixes> 3
<Mixture> 0 <Weight> 0.367148
<Mean>
498.919403 -2.841428 0.338738 -21.860769 1.616179 0.024819 -0.989069 0.119339 -0.000133 
<Inverted_Deviation>
0.012735 0.024816 0.070711 0.023793 0.070711 0.070711 0.070711 0.070711 0.070711 
<LogVarVal> 32.844254
<Mixture> 1 <Weight> 0.072250
<Mean>
870.143921 -10.174268 -1.034635 33.949799 3.122871 0.084736 -9.971646 -0.065903 0.069412 
<Inverted_Deviation>
0.009193 0.048290 0.070711 0.017143 0.070711 0.070711 0.070711 0.070711 0.070711 
<LogVarVal> 32.832245
<Mixture> 2 <Weight> 0.560602
<Mean>
322.651031 0.306560 1.098583 -15.132474 -0.324108 0.141942 1.723557 -0.033705 -0.020162 
<Inverted_Deviation>
0.012179 0.035924 0.070711 0.026349 0.070711 0.070711 0.070711 0.070711 0.070711 
<LogVarVal> 32.417004
<State> 3
<NumMixes> 3
<Mixture> 0 <Weight> 0.159045
<Mean>
291.002899 7.774956 1.963462 20.817616 -1.418655 -0.184652 9.575111 -0.645720 0.022018 
<Inverted_Deviation>
0.007600 0.029709 0.070711 0.016718 0.070711 0.070711 0.070711 0.070711 0.070711 
<LogVarVal> 33.533405
<Mixture> 1 <Weight> 0.645207
<Mean>
556.270386 0.570921 -0.208970 6.611486 -0.791762 0.097214 -1.121379 -0.020882 0.008317 
<Inverted_Deviation>
0.011941 0.032899 0.070711 0.018152 0.070711 0.070711 0.070711 0.070711 0.070711 
<LogVarVal> 32.897308
<Mixture> 2 <Weight> 0.195748
<Mean>
745.857300 -3.095680 -1.855788 18.503344 -1.157674 0.078741 -6.126525 -0.166071 0.138302 
<Inverted_Deviation>
0.010738 0.025251 0.070711 0.011350 0.068365 0.070711 0.070711 0.070711 0.070711 
<LogVarVal> 33.771313
<State> 4
<NumMixes> 3
<Mixture> 0 <Weight> 0.271394
<Mean>
301.299438 -14.717996 3.500440 20.298590 0.208989 0.081277 16.215275 0.123457 -0.537160 
<Inverted_Deviation>
0.006500 0.020353 0.061716 0.006682 0.032179 0.070711 0.018425 0.047928 0.070711 
<LogVarVal> 37.642155
<Mixture> 1 <Weight> 0.478456
<Mean>
652.712708 -18.689394 -1.227879 4.185700 2.379429 -0.482483 -3.317044 0.157927 0.017270 
<Inverted_Deviation>
0.007117 0.015751 0.062125 0.007356 0.033787 0.070711 0.019732 0.052510 0.070711 
<LogVarVal> 37.496452
<Mixture> 2 <Weight> 0.250150
<Mean>
1050.764404 -30.071178 -6.236784 -6.521670 6.370265 -0.521366 -5.305341 0.486289 0.041903 
<Inverted_Deviation>
0.004022 0.014185 0.054089 0.013117 0.040619 0.070711 0.024726 0.062379 0.070711 
<LogVarVal> 37.150131
<State> 5
<NumMixes> 3
<Mixture> 0 <Weight> 0.638366
<Mean>
221.426422 30.084908 8.909374 -23.885071 -1.468081 -1.464165 3.421852 -0.678084 0.451970 
<Inverted_Deviation>
0.004123 0.008437 0.021836 0.020485 0.030333 0.042807 0.064487 0.070711 0.070711 
<LogVarVal> 37.815945
<Mixture> 1 <Weight> 0.264317
<Mean>
750.030457 63.368942 4.256778 -48.385464 7.419281 4.582465 -1.667341 1.007478 -1.450126 
<Inverted_Deviation>
0.003864 0.003413 0.007185 0.010041 0.013599 0.016609 0.030768 0.036017 0.039778 
<LogVarVal> 44.349297
<Mixture> 2 <Weight> 0.097317
<Mean>
1621.446533 -178.648254 -38.727257 -54.728710 -16.313234 0.631635 -10.663404 0.384350 2.399738 
<Inverted_Deviation>
0.001954 0.002497 0.005302 0.009274 0.010454 0.011929 0.023670 0.027520 0.031563 
<LogVarVal> 47.083862
<TransP>
-0.129120 -2.110882 -10000000000.000000 -10000000000.000000 -10000000000.000000 -10000000000.000000 
-10000000000.000000 -0.115044 -2.219409 -10000000000.000000 -10000000000.000000 -10000000000.000000 
-10000000000.000000 -10000000000.000000 -0.047869 -3.063126 -10000000000.000000 -10000000000.000000 
-10000000000.000000 -10000000000.000000 -10000000000.000000 -0.065689 -2.755487 -10000000000.000000 
-10000000000.000000 -10000000000.000000 -10000000000.000000 -10000000000.000000 -0.099658 -2.355423 
-10000000000.000000 -10000000000.000000 -10000000000.000000 -10000000000.000000 -10000000000.000000 0.000000 
<EndEmbeddedHMM>
<BeginEmbeddedHMM>
<NumStates> 6
<State> 0
<NumMixes> 3
<Mixture> 0 <Weight> 0.379699
<Mean>
2243.527344 63.750271 -32.313778 11.064101 -1.739761 0.335196 -8.156260 1.677436 0.819435 
<Inverted_Deviation>
0.003720 0.006010 0.010206 0.009280 0.017745 0.028210 0.019592 0.043913 0.056453 
<LogVarVal> 42.656384
<Mixture> 1 <Weight> 0.348684
<Mean>
849.876648 -0.701134 28.677195 -7.083619 -13.147073 -4.696795 7.542001 4.034748 0.818484 
<Inverted_Deviation>
0.003005 0.004410 0.006744 0.007252 0.011704 0.017258 0.018962 0.024772 0.036681 
<LogVarVal> 45.784431
<Mixture> 2 <Weight> 0.271617
<Mean>
1497.131836 331.392578 32.002125 11.566146 7.493064 6.080461 -3.448902 -7.590270 -2.149945 
<Inverted_Deviation>
0.003178 0.004052 0.005039 0.005029 0.008853 0.011579 0.011803 0.017402 0.023974 
<LogVarVal> 48.401276
<State> 1
<NumMixes> 3
<Mixture> 0 <Weight> 0.518415
<Mean>
878.995239 15.034714 0.059995 12.952069 0.365386 -0.018076 -2.169400 -0.006348 0.007098 
<Inverted_Deviation>
0.007298 0.024552 0.070711 0.033303 0.070711 0.070711 0.070711 0.070711 0.070711 
<LogVarVal> 33.075436
<Mixture> 1 <Weight> 0.442354
<Mean>
673.598816 7.816505 1.180904 9.382115 0.846605 -0.109664 -0.009106 -0.018768 -0.028826 
<Inverted_Deviation>
0.013372 0.034987 0.070711 0.027119 0.070711 0.070711 0.070711 0.070711 0.070711 
<LogVarVal> 32.321167
<Mixture> 2 <Weight> 0.039231
<Mean>
453.702759 5.516218 2.354498 38.593174 0.926221 -0.237866 3.847662 0.091501 0.068454 
<Inverted_Deviation>
0.010148 0.026226 0.070711 0.012302 0.059236 0.070711 0.023516 0.070711 0.070711 
<LogVarVal> 34.953655
<State> 2
<NumMixes> 3
<Mixture> 0 <Weight> 0.349531
<Mean>
807.305420 -46.411690 2.276148 -29.826258 0.547024 -0.018799 -2.620209 0.778514 -0.052160 
<Inverted_Deviation>
0.008757 0.021707 0.057801 0.016715 0.047909 0.070711 0.068814 0.070711 0.070711 
<LogVarVal> 34.323818
<Mixture> 1 <Weight> 0.497515
<Mean>
531.156067 -10.007297 2.405698 -25.735231 2.499036 0.291791 -0.045383 -0.161608 -0.072596 
<Inverted_Deviation>
0.010287 0.029407 0.070711 0.029293 0.070711 0.070711 0.070711 0.070711 0.070711 
<LogVarVal> 32.680050
<Mixture> 2 <Weight> 0.152954
<Mean>
1153.089966 -57.242100 -17.398012 -8.730066 -7.231997 0.596657 -12.880943 2.753829 0.608871 
<Inverted_Deviation>
0.005252 0.008930 0.021426 0.008886 0.021964 0.038153 0.026007 0.045614 0.060600 
<LogVarVal> 40.310165
<State> 3
<NumMixes> 3
<Mixture> 0 <Weight> 0.326693
<Mean>
802.279480 38.891380 0.886948 -28.866976 2.875033 0.998322 -4.943941 -1.140373 0.026689 
<Inverted_Deviation>
0.006571 0.014734 0.069531 0.015541 0.048991 0.070711 0.070396 0.070711 0.070711 
<LogVarVal> 34.841381
<Mixture> 1 <Weight> 0.566733
<Mean>
475.354523 10.341331 2.545838 -33.702328 -1.393844 -0.302095 1.760522 0.075960 -0.162768 
<Inverted_Deviation>
0.007347 0.026886 0.070711 0.028054 0.070711 0.070711 0.070711 0.070711 0.070711 
<LogVarVal> 33.149471
<Mixture> 2 <Weight> 0.106574
<Mean>
1171.353394 59.245945 -3.327692 -15.521999 7.559492 -2.229527 -10.599772 -2.050233 -0.186049 
<Inverted_Deviation>
0.004875 0.017021 0.042083 0.011925 0.032914 0.066975 0.039214 0.058761 0.070711 
<LogVarVal> 36.984917
<State> 4
<NumMixes> 3
<Mixture> 0 <Weight> 0.472590
<Mean>
1109.049561 -22.543774 -1.690059 11.796836 -0.634954 -0.354206 -3.208061 -0.159950 0.069696 
<Inverted_Deviation>
0.004653 0.016438 0.057256 0.018011 0.051580 0.070711 0.059873 0.070711 0.070711 
<LogVarVal> 35.234295
<Mixture> 1 <Weight> 0.125045
<Mean>
356.238342 -20.373610 3.453149 -61.164665 0.847651 0.609859 10.052189 0.177126 0.047074 
<Inverted_Deviation>
0.005361 0.016305 0.042078 0.007889 0.024982 0.054755 0.013856 0.032735 0.070711 
<LogVarVal> 39.448639
<Mixture> 2 <Weight> 0.402365
<Mean>
746.274170 -23.620281 0.980504 -18.383972 -2.775969 -0.018754 -5.011471 0.159222 -0.040335 
<Inverted_Deviation>
0.007295 0.019416 0.070711 0.010559 0.038677 0.070711 0.024075 0.063792 0.070711 
<LogVarVal> 36.243000
<State> 5
<NumMixes> 3
<Mixture> 0 <Weight> 0.339450
<Mean>
1857.580933 -89.479599 -24.302597 -47.367889 -16.937641 -3.229715 -10.690484 -1.999416 1.882316 
<Inverted_Deviation>
0.002435 0.004698 0.008570 0.005225 0.010148 0.016242 0.007848 0.013525 0.024609 
<LogVarVal> 48.109375
<Mixture> 1 <Weight> 0.326198
<Mean>
1175.583252 -84.942802 1.572682 -62.249928 22.151739 9.119044 9.450276 4.611055 -1.127659 
<Inverted_Deviation>
0.004028 0.002712 0.005097 0.006511 0.009847 0.011282 0.012680 0.017234 0.023103 
<LogVarVal> 48.190617
<Mixture> 2 <Weight> 0.334353
<Mean>
565.990112 79.665581 45.144234 -36.187412 11.390329 -4.724708 3.559361 -2.843848 -0.817767 
<Inverted_Deviation>
0.002825 0.003395 0.005326 0.013637 0.013365 0.018867 0.035307 0.034653 0.034771 
<LogVarVal> 44.586353
<TransP>
-0.193284 -1.738682 -10000000000.000000 -10000000000.000000 -10000000000.000000 -10000000000.000000 
-10000000000.000000 -0.038148 -3.285284 -10000000000.000000 -10000000000.000000 -10000000000.000000 
-10000000000.000000 -10000000000.000000 -0.108987 -2.270526 -10000000000.000000 -10000000000.000000 
-10000000000.000000 -10000000000.000000 -10000000000.000000 -0.097753 -2.373786 -10000000000.000000 
-10000000000.000000 -10000000000.000000 -10000000000.000000 -10000000000.000000 -0.069351 -2.703047 
-10000000000.000000 -10000000000.000000 -10000000000.000000 -10000000000.000000 -10000000000.000000 -0.000000 
<EndEmbeddedHMM>
<BeginEmbeddedHMM>
<NumStates> 6
<State> 0
<NumMixes> 3
<Mixture> 0 <Weight> 0.325923
<Mean>
727.382446 53.340141 21.687450 -1.927384 -6.464829 -3.781447 2.503405 1.567360 0.947690 
<Inverted_Deviation>
0.002529 0.005674 0.009884 0.020391 0.025209 0.031787 0.058244 0.063784 0.066820 
<LogVarVal> 40.242859
<Mixture> 1 <Weight> 0.235294
<Mean>
1474.326538 330.412140 15.173947 -39.317909 -7.970894 13.576603 1.957149 -3.419115 -2.106822 
<Inverted_Deviation>
0.002784 0.004089 0.004556 0.011888 0.015248 0.015192 0.063457 0.054720 0.044292 
<LogVarVal> 43.508408
<Mixture> 2 <Weight> 0.438783
<Mean>
2304.333496 51.797417 -26.823095 -7.378679 9.919976 -4.249815 -1.095564 0.602462 0.433506 
<Inverted_Deviation>
0.003381 0.005119 0.010029 0.014547 0.020701 0.031634 0.040942 0.055844 0.069867 
<LogVarVal> 41.021294
<State> 1
<NumMixes> 3
<Mixture> 0 <Weight> 0.076424
<Mean>
410.913361 44.838196 4.703883 8.283555 2.280107 -0.500227 5.515130 -1.515662 -0.387881 
<Inverted_Deviation>
0.013411 0.025881 0.070711 0.030954 0.067161 0.070711 0.070711 0.070711 0.070711 
<LogVarVal> 32.538960
<Mixture> 1 <Weight> 0.490776
<Mean>
692.224060 19.604588 0.173087 4.826131 -1.135579 0.038155 -0.762646 0.153928 0.072984 
<Inverted_Deviation>
0.010760 0.024832 0.070711 0.048044 0.070711 0.070711 0.070711 0.070711 0.070711 
<LogVarVal> 32.309372
<Mixture> 2 <Weight> 0.432800
<Mean>
541.964600 15.105365 1.005600 7.133957 0.558708 0.096611 0.047656 -0.046871 -0.064411 
<Inverted_Deviation>
0.016381 0.025196 0.070711 0.037485 0.070711 0.070711 0.070711 0.070711 0.070711 
<LogVarVal> 32.122768
<State> 2
<NumMixes> 3
<Mixture> 0 <Weight> 0.553043
<Mean>
208.878433 2.729278 1.186557 -2.030159 -0.959124 0.248575 5.285765 -0.223172 -0.043138 
<Inverted_Deviation>
0.011011 0.048013 0.070711 0.017624 0.070711 0.070711 0.047419 0.070711 0.070711 
<LogVarVal> 33.029411
<Mixture> 1 <Weight> 0.015810
<Mean>
628.453308 -6.154823 4.758378 33.474266 -13.904751 -1.601674 -7.885437 1.828341 0.124045 
<Inverted_Deviation>
0.008161 0.017812 0.033862 0.020163 0.031744 0.070711 0.063368 0.070711 0.070711 
<LogVarVal> 35.433254
<Mixture> 2 <Weight> 0.431146
<Mean>
367.125610 6.445497 0.563293 4.102037 0.204953 -0.077290 -3.313448 -0.106151 0.130267 
<Inverted_Deviation>
0.015205 0.042386 0.070711 0.017911 0.070711 0.070711 0.060652 0.070711 0.070711 
<LogVarVal> 32.569141
<State> 3
<NumMixes> 3
<Mixture> 0 <Weight> 0.383929
<Mean>
588.380859 -20.864458 -2.160970 57.144100 -1.250330 -0.047962 -7.014917 1.729506 0.478959 
<Inverted_Deviation>
0.009191 0.015221 0.053148 0.008875 0.031469 0.070711 0.029800 0.057951 0.070711 
<LogVarVal> 36.803509
<Mixture> 1 <Weight> 0.140916
<Mean>
926.055908 -17.188536 -7.872929 70.935432 2.740707 -1.531860 -16.132813 -1.824761 0.790741 
<Inverted_Deviation>
0.005173 0.010411 0.030983 0.007789 0.019206 0.045593 0.021500 0.043177 0.070513 
<LogVarVal> 39.984455
<Mixture> 2 <Weight> 0.475155
<Mean>
338.639099 -27.095755 3.778410 51.092476 2.193226 -0.563229 7.185773 0.981887 -0.539073 
<Inverted_Deviation>
0.009077 0.020425 0.070711 0.011009 0.035173 0.070711 0.028359 0.061486 0.070711 
<LogVarVal> 35.900066
<State> 4
<NumMixes> 3
<Mixture> 0 <Weight> 0.777890
<Mean>
524.576721 -5.292959 0.545068 5.780910 0.076066 -0.021940 0.045406 -0.146430 -0.031101 
<Inverted_Deviation>
0.006923 0.030219 0.070711 0.041363 0.070711 0.070711 0.070711 0.070711 0.070711 
<LogVarVal> 32.703812
<Mixture> 1 <Weight> 0.000000
<Mean>
0.000000 0.000000 0.000000 0.000000 0.000000 0.000000 0.000000 0.000000 0.000000 
<Inverted_Deviation>
0.070711 0.070711 0.070711 0.070711 0.070711 0.070711 0.070711 0.070711 0.070711 
<LogVarVal> 28.993717
<Mixture> 2 <Weight> 0.222110
<Mean>
850.003113 -22.881817 0.827370 3.366956 2.374364 0.305073 -0.176609 -0.099418 0.116135 
<Inverted_Deviation>
0.006763 0.017268 0.058487 0.025295 0.056147 0.070711 0.070711 0.070711 0.070711 
<LogVarVal> 34.198952
<State> 5
<NumMixes> 3
<Mixture> 0 <Weight> 0.113278
<Mean>
663.664124 -18.569960 23.209991 -11.121723 21.721930 -15.323900 8.805783 -9.684281 6.387872 
<Inverted_Deviation>
0.004242 0.005889 0.008816 0.012084 0.013940 0.018521 0.035101 0.030727 0.034477 
<LogVarVal> 43.357067
<Mixture> 1 <Weight> 0.696174
<Mean>
2035.124023 -30.401407 -15.792228 -12.201884 -14.942106 -4.509491 -4.624673 -1.943310 1.467324 
<Inverted_Deviation>
0.003908 0.006815 0.011244 0.011960 0.015062 0.022715 0.028884 0.035374 0.038303 
<LogVarVal> 42.727562
<Mixture> 2 <Weight> 0.190548
<Mean>
1298.039063 -313.028442 40.875397 -102.301033 42.329330 25.917280 9.144469 12.981527 -9.696767 
<Inverted_Deviation>
0.003110 0.004518 0.006213 0.005901 0.008004 0.008492 0.013942 0.015154 0.016574 
<LogVarVal> 48.696640
<TransP>
-0.131774 -2.091830 -10000000000.000000 -10000000000.000000 -10000000000.000000 -10000000000.000000 
-10000000000.000000 -0.075997 -2.614825 -10000000000.000000 -10000000000.000000 -10000000000.000000 
-10000000000.000000 -10000000000.000000 -0.058769 -2.863387 -10000000000.000000 -10000000000.000000 
-10000000000.000000 -10000000000.000000 -10000000000.000000 -0.150985 -1.965115 -10000000000.000000 
-10000000000.000000 -10000000000.000000 -10000000000.000000 -10000000000.000000 -0.053506 -2.954593 
-10000000000.000000 -10000000000.000000 -10000000000.000000 -10000000000.000000 -10000000000.000000 0.000000 
<EndEmbeddedHMM>
<BeginEmbeddedHMM>
<NumStates> 3
<State> 0
<NumMixes> 3
<Mixture> 0 <Weight> 0.219081
<Mean>
1220.193970 257.229858 -100.628906 19.538929 -7.445815 2.970840 -69.800240 -16.783165 5.733284 
<Inverted_Deviation>
0.003431 0.002154 0.002560 0.002083 0.005205 0.007639 0.003902 0.008386 0.013618 
<LogVarVal> 53.864716
<Mixture> 1 <Weight> 0.221437
<Mean>
2119.022461 33.219311 -21.213955 19.068022 2.564333 -1.580812 -16.707569 6.495529 -1.458778 
<Inverted_Deviation>
0.002780 0.005088 0.010318 0.007829 0.010811 0.022433 0.014928 0.017966 0.029354 
<LogVarVal> 45.817795
<Mixture> 2 <Weight> 0.559482
<Mean>
434.226471 1.872086 49.693592 14.659111 3.967166 -0.882707 27.929529 3.853894 -1.576303 
<Inverted_Deviation>
0.003021 0.003122 0.006199 0.004026 0.008868 0.015311 0.006855 0.015952 0.020766 
<LogVarVal> 49.220932
<State> 1
<NumMixes> 3
<Mixture> 0 <Weight> 0.000867
<Mean>
1530.777710 -295.802490 -42.155361 95.082962 11.801243 -10.119202 -193.938416 -63.908276 39.118141 
<Inverted_Deviation>
0.002508 0.005347 0.013737 0.062105 0.013368 0.018441 0.010116 0.006770 0.008308 
<LogVarVal> 46.124638
<Mixture> 1 <Weight> 0.628794
<Mean>
497.968292 -4.378632 0.041154 -0.954569 -0.142006 0.123529 -2.305997 0.067049 0.067009 
<Inverted_Deviation>
0.006474 0.028306 0.070711 0.023597 0.070711 0.070711 0.066879 0.070711 0.070711 
<LogVarVal> 33.453308
<Mixture> 2 <Weight> 0.370338
<Mean>
238.269150 0.045333 1.072477 4.962107 0.541362 0.072200 4.475740 -0.213431 -0.099609 
<Inverted_Deviation>
0.007993 0.037022 0.070711 0.019490 0.070711 0.070711 0.047553 0.070711 0.070711 
<LogVarVal> 33.506248
<State> 2
<NumMixes> 3
<Mixture> 0 <Weight> 0.252611
<Mean>
1290.800781 -138.533661 2.171195 -29.497898 4.918778 12.010881 -1.001899 8.903101 -0.135237 
<Inverted_Deviation>
0.003432 0.004061 0.007437 0.005271 0.006996 0.009988 0.012864 0.012942 0.014799 
<LogVarVal> 48.961609
<Mixture> 1 <Weight> 0.268930
<Mean>
567.977234 -39.162201 17.597481 -25.375046 5.006108 -6.285995 9.348798 -3.590693 -1.916992 
<Inverted_Deviation>
0.003496 0.005783 0.011551 0.006257 0.010423 0.017216 0.015016 0.019909 0.023289 
<LogVarVal> 45.996113
<Mixture> 2 <Weight> 0.478460
<Mean>
2020.041626 -23.133112 -8.290479 8.942696 -6.471813 -2.741983 -5.297390 -2.539222 0.804633 
<Inverted_Deviation>
0.003309 0.006968 0.010901 0.010324 0.015709 0.023792 0.021795 0.029942 0.037453 
<LogVarVal> 43.432243
<TransP>
-0.098968 -2.362032 -10000000000.000000 
-10000000000.000000 -0.023400 -3.766708 
-10000000000.000000 -10000000000.000000 0.000000 
<EndEmbeddedHMM>
