<NumSuperStates> 5
<NumStates> 3 6 6 6 3 
<NumMixtures> 3 3 3 3 3 3 3 3 3 3 3 3 3 3 3 3 3 3 3 3 3 3 3 3 
<VecSize> 9
<BeginExternalHMM>
<NumStates> 5
<TransP>
-0.048790 -3.044523 -10000000000.000000 -10000000000.000000 -10000000000.000000 
-10000000000.000000 -0.116724 -2.205735 -10000000000.000000 -10000000000.000000 
-10000000000.000000 -10000000000.000000 -0.096015 -2.390878 -10000000000.000000 
-10000000000.000000 -10000000000.000000 -10000000000.000000 -0.052966 -2.964480 
-10000000000.000000 -10000000000.000000 -10000000000.000000 -10000000000.000000 0.000000 
<EndExternalHMM>
<BeginEmbeddedHMM>
<NumStates> 3
<State> 0
<NumMixes> 3
<Mixture> 0 <Weight> 0.182014
<Mean>
631.579163 7.876200 17.517378 -8.496794 19.405863 -7.667478 10.754749 1.236772 -7.314054 
<Inverted_Deviation>
0.004431 0.003097 0.012853 0.004861 0.013782 0.014031 0.025560 0.027388 0.028075 
<LogVarVal> 45.416386
<Mixture> 1 <Weight> 0.273020
<Mean>
1158.166870 23.510839 -22.338900 5.249495 -28.421017 0.523292 -16.041033 -0.605049 3.290200 
<Inverted_Deviation>
0.004257 0.005768 0.016721 0.006244 0.013316 0.020175 0.021666 0.027825 0.027911 
<LogVarVal> 44.147842
<Mixture> 2 <Weight> 0.544966
<Mean>
116.176064 -8.960394 11.238437 -2.703491 13.172814 1.965229 4.303598 0.363834 0.746310 
<Inverted_Deviation>
0.006197 0.009933 0.021973 0.015130 0.027060 0.038014 0.067385 0.059785 0.064496 
<LogVarVal> 37.990833
<State> 1
<NumMixes> 3
<Mixture> 0 <Weight> 0.240864
<Mean>
611.930969 -2.011971 3.723585 -34.996101 0.930359 0.482880 8.972584 0.708312 -0.856351 
<Inverted_Deviation>
0.009561 0.013055 0.029643 0.012431 0.022202 0.033678 0.041518 0.052397 0.059022 
<LogVarVal> 38.204895
<Mixture> 1 <Weight> 0.384796
<Mean>
816.571838 5.392995 -2.196299 -15.429088 -2.721524 -0.043741 -0.826988 -0.327485 0.488589 
<Inverted_Deviation>
0.012171 0.016034 0.043254 0.011953 0.033689 0.053791 0.052315 0.070711 0.070711 
<LogVarVal> 35.822495
<Mixture> 2 <Weight> 0.374340
<Mean>
1016.898926 3.571568 -2.034089 -6.673517 -0.698526 -0.140153 -6.819902 -0.467838 0.115483 
<Inverted_Deviation>
0.009963 0.024138 0.069987 0.015911 0.049914 0.070711 0.058800 0.070711 0.070711 
<LogVarVal> 34.062878
<State> 2
<NumMixes> 3
<Mixture> 0 <Weight> 0.214928
<Mean>
1441.886597 -51.562683 -19.780527 47.099880 15.513442 3.312080 -12.739006 0.272083 1.284327 
<Inverted_Deviation>
0.002143 0.005449 0.013187 0.007442 0.020746 0.030284 0.016950 0.039987 0.054930 
<LogVarVal> 43.309235
<Mixture> 1 <Weight> 0.242888
<Mean>
824.077942 -98.974380 9.579435 93.429352 5.145025 -10.453781 9.382698 0.992896 -1.513772 
<Inverted_Deviation>
0.004788 0.003896 0.010055 0.005664 0.014016 0.019376 0.011954 0.028138 0.037658 
<LogVarVal> 45.301826
<Mixture> 2 <Weight> 0.542183
<Mean>
372.450256 8.791153 11.625180 15.614859 -8.140427 2.498260 7.504587 -0.662068 0.127238 
<Inverted_Deviation>
0.004305 0.008130 0.022136 0.014560 0.031118 0.045614 0.033372 0.061317 0.070711 
<LogVarVal> 38.849937
<TransP>
-0.050144 -3.017831 -10000000000.000000 
-10000000000.000000 -0.027038 -3.623999 
-10000000000.000000 -10000000000.000000 0.000000 
<EndEmbeddedHMM>
<BeginEmbeddedHMM>
<NumStates> 6
<State> 0
<NumMixes> 3
<Mixture> 0 <Weight> 0.437121
<Mean>
157.997818 16.471169 44.707077 -28.657858 3.509515 -11.999489 6.749819 -1.948965 -1.054117 
<Inverted_Deviation>
0.005301 0.005585 0.009842 0.011772 0.012702 0.020313 0.020404 0.018579 0.026880 
<LogVarVal> 44.398579
<Mixture> 1 <Weight> 0.234172
<Mean>
841.033936 77.099602 -37.694374 -66.551247 -31.489456 2.563079 0.509564 -12.056139 -3.624376 
<Inverted_Deviation>
0.004419 0.002626 0.004982 0.004628 0.006274 0.009843 0.007780 0.011049 0.013593 
<LogVarVal> 50.545055
<Mixture> 2 <Weight> 0.328708
<Mean>
535.937256 -207.564590 4.288686 -53.573833 7.935930 16.877300 2.391690 16.472759 4.536109 
<Inverted_Deviation>
0.004834 0.005086 0.005855 0.006601 0.006716 0.009534 0.012094 0.013347 0.015563 
<LogVarVal> 48.475998
<State> 1
<NumMixes> 3
<Mixture> 0 <Weight> 0.259989
<Mean>
1043.622925 14.899910 -10.066069 43.840782 -14.080346 -0.505128 -19.583649 0.167036 -0.664883 
<Inverted_Deviation>
0.009347 0.013198 0.037399 0.005202 0.017186 0.041036 0.006378 0.026081 0.054861 
<LogVarVal> 41.557701
<Mixture> 1 <Weight> 0.387169
<Mean>
385.673340 16.059061 9.167809 0.709236 7.414371 1.509111 21.958645 2.129007 -1.255375 
<Inverted_Deviation>
0.005807 0.011824 0.029755 0.006019 0.020023 0.037750 0.014655 0.032437 0.059783 
<LogVarVal> 41.021324
<Mixture> 2 <Weight> 0.352842
<Mean>
768.932312 48.044655 0.685273 56.223278 2.137108 -4.361174 -7.547724 -3.682465 0.995536 
<Inverted_Deviation>
0.007373 0.012399 0.049512 0.004868 0.017393 0.043744 0.008358 0.023705 0.060239 
<LogVarVal> 41.299122
<State> 2
<NumMixes> 3
<Mixture> 0 <Weight> 0.262051
<Mean>
537.517578 -51.898529 -0.923948 -27.890965 -9.610026 -1.303026 1.858752 0.934390 2.127431 
<Inverted_Deviation>
0.009665 0.013860 0.020453 0.009765 0.016664 0.023331 0.016448 0.022639 0.032417 
<LogVarVal> 41.765072
<Mixture> 1 <Weight> 0.688869
<Mean>
696.659363 -8.997025 -2.538239 5.369205 0.668313 0.334727 1.791618 -0.434066 -0.225319 
<Inverted_Deviation>
0.018013 0.020126 0.030352 0.017368 0.027441 0.044081 0.018186 0.028802 0.049727 
<LogVarVal> 37.894764
<Mixture> 2 <Weight> 0.049080
<Mean>
867.186157 -56.526657 -4.612146 2.863340 19.515848 8.271892 -15.111545 -6.097800 -3.385588 
<Inverted_Deviation>
0.006895 0.010495 0.019249 0.028502 0.034990 0.025265 0.049568 0.049743 0.051706 
<LogVarVal> 38.191677
<State> 3
<NumMixes> 3
<Mixture> 0 <Weight> 0.308880
<Mean>
959.009399 -1.618844 -5.301262 -16.481043 0.622197 0.920445 -6.272863 -0.036864 -0.521459 
<Inverted_Deviation>
0.010246 0.017049 0.041574 0.019121 0.051398 0.066076 0.030448 0.070711 0.070711 
<LogVarVal> 35.416275
<Mixture> 1 <Weight> 0.499357
<Mean>
805.120850 0.448700 -1.869848 6.409049 -1.988587 0.873256 -8.984272 3.387559 2.371749 
<Inverted_Deviation>
0.015862 0.015453 0.019399 0.010607 0.020935 0.023438 0.014691 0.030670 0.034592 
<LogVarVal> 40.642738
<Mixture> 2 <Weight> 0.191763
<Mean>
672.656189 10.606983 11.674417 2.547374 5.968020 -2.474507 55.881104 -6.700650 -6.991271 
<Inverted_Deviation>
0.012904 0.010510 0.010774 0.008394 0.010200 0.014569 0.007456 0.011308 0.018650 
<LogVarVal> 45.544846
<State> 4
<NumMixes> 3
<Mixture> 0 <Weight> 0.480687
<Mean>
717.030212 1.405092 -2.543788 -2.494381 -4.088409 -0.250742 -10.832591 -3.433237 2.109912 
<Inverted_Deviation>
0.009150 0.009389 0.022039 0.004853 0.017981 0.031598 0.009372 0.022560 0.047332 
<LogVarVal> 42.641739
<Mixture> 1 <Weight> 0.214592
<Mean>
448.941010 3.417358 6.175039 89.676727 -5.825177 0.566598 14.065643 0.429897 -2.700730 
<Inverted_Deviation>
0.007888 0.012364 0.030132 0.005905 0.019224 0.029152 0.007096 0.021358 0.041620 
<LogVarVal> 42.481251
<Mixture> 2 <Weight> 0.304721
<Mean>
997.894348 -17.955898 -9.747349 29.340027 8.612161 -0.709812 -29.365036 3.582798 0.092832 
<Inverted_Deviation>
0.008325 0.011841 0.031238 0.005534 0.017660 0.045036 0.007771 0.022811 0.047597 
<LogVarVal> 41.858574
<State> 5
<NumMixes> 3
<Mixture> 0 <Weight> 0.401316
<Mean>
874.318970 -71.536934 -1.373708 -33.847000 16.258942 -0.574097 -0.845354 1.673299 -1.440012 
<Inverted_Deviation>
0.003841 0.002679 0.005017 0.004398 0.006008 0.008862 0.009840 0.010107 0.014022 
<LogVarVal> 50.680641
<Mixture> 1 <Weight> 0.085526
<Mean>
1734.671875 -164.379593 -82.302391 -30.292059 6.850914 -1.445568 -41.736969 8.697792 13.425300 
<Inverted_Deviation>
0.001963 0.002330 0.005284 0.003644 0.006179 0.009002 0.007275 0.008942 0.011271 
<LogVarVal> 52.227402
<Mixture> 2 <Weight> 0.513158
<Mean>
347.767120 24.639154 29.945210 -38.817577 -10.750545 0.645024 21.444387 -3.121083 -1.204010 
<Inverted_Deviation>
0.004287 0.005031 0.010156 0.007402 0.009501 0.014222 0.014245 0.015554 0.022168 
<LogVarVal> 46.524502
<TransP>
-0.107966 -2.279438 -10000000000.000000 -10000000000.000000 -10000000000.000000 -10000000000.000000 
-10000000000.000000 -0.068712 -2.711997 -10000000000.000000 -10000000000.000000 -10000000000.000000 
-10000000000.000000 -10000000000.000000 -0.109166 -2.268976 -10000000000.000000 -10000000000.000000 
-10000000000.000000 -10000000000.000000 -10000000000.000000 -0.078971 -2.577903 -10000000000.000000 
-10000000000.000000 -10000000000.000000 -10000000000.000000 -10000000000.000000 -0.106792 -2.289792 
-10000000000.000000 -10000000000.000000 -10000000000.000000 -10000000000.000000 -10000000000.000000 0.000000 
<EndEmbeddedHMM>
<BeginEmbeddedHMM>
<NumStates> 6
<State> 0
<NumMixes> 3
<Mixture> 0 <Weight> 0.450820
<Mean>
991.201965 36.041817 -19.611954 15.017871 12.620610 -5.312312 -7.490187 0.000109 2.347631 
<Inverted_Deviation>
0.004933 0.003303 0.004547 0.007731 0.009414 0.012408 0.013469 0.015991 0.019899 
<LogVarVal> 47.847157
<Mixture> 1 <Weight> 0.322951
<Mean>
383.185638 15.436534 53.366165 -14.071605 6.867752 8.484549 2.732846 -1.249532 -0.491420 
<Inverted_Deviation>
0.005794 0.005397 0.008206 0.016381 0.013953 0.019756 0.030319 0.027101 0.036017 
<LogVarVal> 43.062943
<Mixture> 2 <Weight> 0.226230
<Mean>
719.366150 -266.648315 -7.861556 0.251280 -36.458332 1.015469 4.957876 5.193691 -3.045347 
<Inverted_Deviation>
0.004632 0.004036 0.006840 0.009248 0.014943 0.015777 0.020926 0.024487 0.027002 
<LogVarVal> 45.247704
<State> 1
<NumMixes> 3
<Mixture> 0 <Weight> 0.398472
<Mean>
1020.672485 4.883060 -4.474424 9.205453 4.397461 0.462096 -3.828922 -0.869084 0.140225 
<Inverted_Deviation>
0.010575 0.019134 0.068189 0.020371 0.041256 0.070711 0.027689 0.061562 0.070711 
<LogVarVal> 35.096603
<Mixture> 1 <Weight> 0.244430
<Mean>
734.660034 4.597179 0.777268 -14.260229 -0.081936 0.043623 0.585240 -0.058235 0.171153 
<Inverted_Deviation>
0.014023 0.040666 0.070711 0.028140 0.070711 0.070711 0.042276 0.070711 0.070711 
<LogVarVal> 32.600582
<Mixture> 2 <Weight> 0.357097
<Mean>
878.253845 5.040328 2.690213 -6.172028 0.192007 -0.070939 0.277298 -0.275988 -0.203442 
<Inverted_Deviation>
0.018380 0.022594 0.070711 0.022108 0.058602 0.070711 0.045850 0.070711 0.070711 
<LogVarVal> 33.265686
<State> 2
<NumMixes> 3
<Mixture> 0 <Weight> 0.360444
<Mean>
934.452026 -14.464757 4.260961 -59.236439 2.574759 2.299949 -2.354258 4.167253 -4.305369 
<Inverted_Deviation>
0.012514 0.018526 0.023843 0.010735 0.015571 0.024729 0.023296 0.022627 0.028772 
<LogVarVal> 40.749794
<Mixture> 1 <Weight> 0.353050
<Mean>
1082.143433 -8.093121 -1.389956 -31.713879 -1.204014 2.782651 -11.100915 -1.952770 1.765737 
<Inverted_Deviation>
0.013291 0.012390 0.018643 0.010888 0.014955 0.020852 0.013662 0.015164 0.023919 
<LogVarVal> 42.653347
<Mixture> 2 <Weight> 0.286506
<Mean>
654.214417 50.263783 -5.844107 -53.110771 4.198883 -1.146632 12.790537 -9.279974 4.170316 
<Inverted_Deviation>
0.007601 0.010214 0.018112 0.008283 0.011345 0.014265 0.020174 0.022325 0.026898 
<LogVarVal> 43.469448
<State> 3
<NumMixes> 3
<Mixture> 0 <Weight> 0.212385
<Mean>
685.479553 -27.263569 13.539994 -11.913271 1.043350 1.431868 12.192734 3.473000 0.236343 
<Inverted_Deviation>
0.005965 0.006342 0.006879 0.013721 0.013832 0.009996 0.020264 0.021536 0.018901 
<LogVarVal> 45.193626
<Mixture> 1 <Weight> 0.465508
<Mean>
1094.096191 -0.542047 -7.859450 -4.969682 5.020678 -2.285508 -3.055345 -0.080318 0.006522 
<Inverted_Deviation>
0.016226 0.016022 0.024531 0.018182 0.023190 0.027963 0.035484 0.028038 0.033014 
<LogVarVal> 38.785973
<Mixture> 2 <Weight> 0.322108
<Mean>
956.125000 6.028188 3.578029 -33.415756 -11.306557 1.260342 3.615783 1.565828 -1.704402 
<Inverted_Deviation>
0.012358 0.008817 0.014777 0.014463 0.016734 0.017614 0.027276 0.021613 0.021905 
<LogVarVal> 42.113312
<State> 4
<NumMixes> 3
<Mixture> 0 <Weight> 0.386771
<Mean>
891.772278 -9.564083 1.687828 -32.570454 2.340985 0.119828 -2.721817 -0.089149 0.471550 
<Inverted_Deviation>
0.009099 0.028176 0.060165 0.028361 0.065159 0.070711 0.039799 0.070711 0.070711 
<LogVarVal> 33.695839
<Mixture> 1 <Weight> 0.527331
<Mean>
1172.074097 -19.298273 -0.846186 -2.089424 -0.766287 -0.208489 -6.989595 -0.212085 0.154501 
<Inverted_Deviation>
0.008027 0.034807 0.070711 0.010617 0.041036 0.070711 0.011015 0.035953 0.070711 
<LogVarVal> 36.854267
<Mixture> 2 <Weight> 0.085898
<Mean>
596.905212 -2.154403 2.960252 -96.719063 5.531404 1.952672 -3.570215 -1.289267 1.428212 
<Inverted_Deviation>
0.005728 0.013247 0.025598 0.011291 0.018135 0.025724 0.021206 0.030007 0.040227 
<LogVarVal> 41.029919
<State> 5
<NumMixes> 3
<Mixture> 0 <Weight> 0.134256
<Mean>
1881.957397 -133.921692 -94.464630 -4.913192 -54.382095 2.346086 -74.055649 21.581457 15.697495 
<Inverted_Deviation>
0.003171 0.002337 0.004558 0.003215 0.005223 0.007017 0.007208 0.009728 0.011745 
<LogVarVal> 52.317997
<Mixture> 1 <Weight> 0.370934
<Mean>
1272.199219 -48.542900 1.904038 16.513859 -7.118233 -0.667154 0.751124 -12.042689 -5.627456 
<Inverted_Deviation>
0.005388 0.002966 0.005598 0.002975 0.006056 0.008372 0.006324 0.010306 0.012883 
<LogVarVal> 51.077957
<Mixture> 2 <Weight> 0.494810
<Mean>
897.730103 36.976467 33.713249 -28.688953 9.926581 2.055534 16.372190 2.183084 -0.516631 
<Inverted_Deviation>
0.004933 0.003827 0.004959 0.006415 0.008518 0.010712 0.008808 0.012364 0.020434 
<LogVarVal> 48.701889
<TransP>
-0.123743 -2.150779 -10000000000.000000 -10000000000.000000 -10000000000.000000 -10000000000.000000 
-10000000000.000000 -0.046247 -3.096788 -10000000000.000000 -10000000000.000000 -10000000000.000000 
-10000000000.000000 -10000000000.000000 -0.304458 -1.337592 -10000000000.000000 -10000000000.000000 
-10000000000.000000 -10000000000.000000 -10000000000.000000 -0.080269 -2.562237 -10000000000.000000 
-10000000000.000000 -10000000000.000000 -10000000000.000000 -10000000000.000000 -0.067452 -2.729876 
-10000000000.000000 -10000000000.000000 -10000000000.000000 -10000000000.000000 -10000000000.000000 -0.000000 
<EndEmbeddedHMM>
<BeginEmbeddedHMM>
<NumStates> 6
<State> 0
<NumMixes> 3
<Mixture> 0 <Weight> 0.311127
<Mean>
594.116333 -27.215099 -4.422637 -34.295815 -7.827950 3.974773 0.455032 -2.919139 -0.729736 
<Inverted_Deviation>
0.004636 0.004437 0.009129 0.007193 0.012601 0.014525 0.014418 0.019015 0.024309 
<LogVarVal> 46.098408
<Mixture> 1 <Weight> 0.535082
<Mean>
258.918854 -30.213978 15.415642 1.345955 -4.992469 -3.799818 4.126243 1.064046 -0.545696 
<Inverted_Deviation>
0.005796 0.008016 0.013092 0.011088 0.013100 0.021101 0.021082 0.024288 0.029707 
<LogVarVal> 43.252888
<Mixture> 2 <Weight> 0.153792
<Mean>
1413.764160 150.205246 -5.198692 -97.722870 -17.883011 3.139878 -9.147409 -1.364389 2.628466 
<Inverted_Deviation>
0.001422 0.003866 0.006667 0.005897 0.009591 0.013144 0.012616 0.020506 0.025398 
<LogVarVal> 48.318302
<State> 1
<NumMixes> 3
<Mixture> 0 <Weight> 0.394267
<Mean>
748.489807 -4.061154 -0.364388 5.517110 0.212499 0.000692 -0.171273 0.074955 -0.016550 
<Inverted_Deviation>
0.018674 0.034413 0.070711 0.035268 0.070711 0.070711 0.070711 0.070711 0.070711 
<LogVarVal> 31.740995
<Mixture> 1 <Weight> 0.503515
<Mean>
863.002502 2.444659 -1.016464 8.469939 -0.083806 -0.145531 -1.417553 0.093446 0.105816 
<Inverted_Deviation>
0.016202 0.041356 0.070711 0.042529 0.070711 0.070711 0.070711 0.070711 0.070711 
<LogVarVal> 31.511948
<Mixture> 2 <Weight> 0.102217
<Mean>
582.084656 -23.521173 -2.256912 12.873673 0.853625 0.076456 0.414363 -0.165617 0.156409 
<Inverted_Deviation>
0.011876 0.025650 0.070711 0.064852 0.070711 0.070711 0.070711 0.070711 0.070711 
<LogVarVal> 31.878325
<State> 2
<NumMixes> 3
<Mixture> 0 <Weight> 0.167737
<Mean>
1033.120117 -31.819016 -7.290885 11.648105 -5.925439 1.372590 -10.700120 0.845021 0.285044 
<Inverted_Deviation>
0.005854 0.009537 0.015699 0.009444 0.013874 0.023688 0.019906 0.025125 0.039949 
<LogVarVal> 42.602364
<Mixture> 1 <Weight> 0.577257
<Mean>
659.364990 3.489435 2.274848 -6.886025 2.555176 -0.052660 -4.188881 0.198009 0.122008 
<Inverted_Deviation>
0.009788 0.017310 0.043073 0.011548 0.035881 0.067467 0.042074 0.063450 0.070711 
<LogVarVal> 36.039143
<Mixture> 2 <Weight> 0.255006
<Mean>
407.878510 1.132721 4.285501 -21.065907 -5.308443 0.179420 8.180276 -0.570656 -0.377089 
<Inverted_Deviation>
0.006692 0.014326 0.040808 0.010061 0.018570 0.043659 0.027825 0.037917 0.067500 
<LogVarVal> 38.869205
<State> 3
<NumMixes> 3
<Mixture> 0 <Weight> 0.138514
<Mean>
432.126617 -2.026951 15.434624 85.434120 4.675421 -2.802362 47.158558 -2.781501 -1.678548 
<Inverted_Deviation>
0.006545 0.007048 0.026347 0.005024 0.012175 0.030449 0.009768 0.014525 0.030207 
<LogVarVal> 44.325481
<Mixture> 1 <Weight> 0.325169
<Mean>
756.441711 -26.410049 -3.182217 67.640434 -1.684542 0.347662 -11.057292 1.769004 0.243898 
<Inverted_Deviation>
0.009856 0.012257 0.035941 0.009507 0.021425 0.045859 0.023195 0.032508 0.058108 
<LogVarVal> 39.115108
<Mixture> 2 <Weight> 0.536318
<Mean>
1014.506287 2.285047 -1.360444 23.877918 3.357525 0.969124 -4.490854 -0.957814 -0.107715 
<Inverted_Deviation>
0.007228 0.017808 0.044808 0.015607 0.031563 0.065668 0.060697 0.070711 0.070711 
<LogVarVal> 35.653759
<State> 4
<NumMixes> 3
<Mixture> 0 <Weight> 0.520713
<Mean>
1067.810303 -9.988241 0.232606 6.911035 0.934871 -0.032566 -0.901362 -0.103252 -0.044760 
<Inverted_Deviation>
0.014922 0.035576 0.070711 0.046616 0.070711 0.070711 0.070711 0.070711 0.070711 
<LogVarVal> 31.653044
<Mixture> 1 <Weight> 0.100903
<Mean>
840.937195 -13.519608 1.240165 5.725063 -2.072107 -0.483551 -1.011300 0.249069 0.283971 
<Inverted_Deviation>
0.015607 0.042263 0.070711 0.049006 0.070711 0.070711 0.070711 0.070711 0.070711 
<LogVarVal> 31.385939
<Mixture> 2 <Weight> 0.378385
<Mean>
952.764221 -9.539966 0.644551 10.236213 -0.555609 -0.322363 -0.261160 0.134383 0.117959 
<Inverted_Deviation>
0.022954 0.038206 0.070711 0.041036 0.070711 0.070711 0.070711 0.070711 0.070711 
<LogVarVal> 31.278595
<State> 5
<NumMixes> 3
<Mixture> 0 <Weight> 0.268316
<Mean>
1985.329956 57.240074 -48.230274 -6.391007 -18.737478 -9.343546 -7.402386 -3.024789 1.001612 
<Inverted_Deviation>
0.003583 0.004197 0.006461 0.009009 0.012395 0.020512 0.013154 0.024649 0.033587 
<LogVarVal> 45.712646
<Mixture> 1 <Weight> 0.449096
<Mean>
1126.730957 -4.769664 14.009255 -24.716415 12.764316 -6.097408 13.102360 -3.305322 0.127889 
<Inverted_Deviation>
0.004607 0.005286 0.008345 0.007084 0.012220 0.017027 0.012677 0.020506 0.028542 
<LogVarVal> 45.798965
<Mixture> 2 <Weight> 0.282588
<Mean>
1565.750244 -212.743225 -1.017157 -54.328838 6.710504 18.905636 -10.856034 8.480248 -1.044740 
<Inverted_Deviation>
0.004479 0.003801 0.004895 0.006055 0.010421 0.013187 0.011848 0.018862 0.025486 
<LogVarVal> 47.527020
<TransP>
-0.196741 -1.722625 -10000000000.000000 -10000000000.000000 -10000000000.000000 -10000000000.000000 
-10000000000.000000 -0.046494 -3.091583 -10000000000.000000 -10000000000.000000 -10000000000.000000 
-10000000000.000000 -10000000000.000000 -0.100044 -2.351753 -10000000000.000000 -10000000000.000000 
-10000000000.000000 -10000000000.000000 -10000000000.000000 -0.112518 -2.240372 -10000000000.000000 
-10000000000.000000 -10000000000.000000 -10000000000.000000 -10000000000.000000 -0.060090 -2.841813 
-10000000000.000000 -10000000000.000000 -10000000000.000000 -10000000000.000000 -10000000000.000000 0.000000 
<EndEmbeddedHMM>
<BeginEmbeddedHMM>
<NumStates> 3
<State> 0
<NumMixes> 3
<Mixture> 0 <Weight> 0.597419
<Mean>
1150.030396 46.967464 -20.406353 -24.758825 3.037987 5.604877 -5.861333 -2.651999 3.425669 
<Inverted_Deviation>
0.004227 0.003192 0.006501 0.004625 0.007724 0.009947 0.008379 0.014655 0.018520 
<LogVarVal> 49.244495
<Mixture> 1 <Weight> 0.261832
<Mean>
549.081116 -41.218929 62.054600 -42.678497 -18.584131 -3.917799 21.949615 6.532938 -9.827323 
<Inverted_Deviation>
0.003402 0.002641 0.006765 0.005398 0.005598 0.009118 0.009925 0.012406 0.018071 
<LogVarVal> 49.887718
<Mixture> 2 <Weight> 0.140750
<Mean>
2007.889648 96.081055 -62.647293 24.843046 32.480431 -8.343245 -22.634998 0.492000 2.217350 
<Inverted_Deviation>
0.002945 0.003961 0.007110 0.005471 0.013543 0.014984 0.013741 0.026202 0.028718 
<LogVarVal> 46.646915
<State> 1
<NumMixes> 3
<Mixture> 0 <Weight> 0.439149
<Mean>
529.672607 -4.554745 0.006800 18.394396 -0.320274 -0.394601 -5.610845 0.275335 0.094995 
<Inverted_Deviation>
0.012823 0.026845 0.070711 0.010751 0.050219 0.070711 0.036745 0.070711 0.070711 
<LogVarVal> 34.549919
<Mixture> 1 <Weight> 0.214833
<Mean>
332.859192 -1.316589 2.219681 3.145340 0.756029 0.286923 23.589619 -0.438782 -0.247577 
<Inverted_Deviation>
0.009159 0.027128 0.070711 0.008134 0.041487 0.070711 0.017994 0.070711 0.070711 
<LogVarVal> 36.059868
<Mixture> 2 <Weight> 0.346018
<Mean>
750.004395 -11.473021 -0.370545 18.697752 1.018631 0.058571 -3.342038 -0.032744 0.138134 
<Inverted_Deviation>
0.007851 0.032864 0.070711 0.021439 0.064459 0.070711 0.070711 0.070711 0.070711 
<LogVarVal> 33.243797
<State> 2
<NumMixes> 3
<Mixture> 0 <Weight> 0.242925
<Mean>
976.871582 -42.692924 40.975769 -6.650994 4.187007 -3.297863 14.133058 -3.821103 -0.144174 
<Inverted_Deviation>
0.006636 0.005100 0.008719 0.008768 0.011695 0.017430 0.019661 0.026458 0.031094 
<LogVarVal> 44.454155
<Mixture> 1 <Weight> 0.337736
<Mean>
2038.891479 3.568082 -37.891911 7.527857 -16.392162 -3.634554 -12.664787 -4.167659 2.677115 
<Inverted_Deviation>
0.004156 0.004037 0.007438 0.007549 0.009450 0.015757 0.012400 0.017419 0.020186 
<LogVarVal> 47.089470
<Mixture> 2 <Weight> 0.419340
<Mean>
1397.221313 -88.234222 -0.479818 6.051865 8.323298 4.666295 -3.257263 5.769673 -1.954455 
<Inverted_Deviation>
0.004410 0.003264 0.006113 0.006229 0.011203 0.012217 0.017969 0.021625 0.022258 
<LogVarVal> 47.030495
<TransP>
-0.106249 -2.294627 -10000000000.000000 
-10000000000.000000 -0.020141 -3.915067 
-10000000000.000000 -10000000000.000000 0.000000 
<EndEmbeddedHMM>
