<NumSuperStates> 5
<NumStates> 3 6 6 6 3 
<NumMixtures> 3 3 3 3 3 3 3 3 3 3 3 3 3 3 3 3 3 3 3 3 3 3 3 3 
<VecSize> 9
<BeginExternalHMM>
<NumStates> 5
<TransP>
-0.048621 -3.047918 -10000000000.000000 -10000000000.000000 -10000000000.000000 
-10000000000.000000 -0.117783 -2.197225 -10000000000.000000 -10000000000.000000 
-10000000000.000000 -10000000000.000000 -0.097980 -2.371578 -10000000000.000000 
-10000000000.000000 -10000000000.000000 -10000000000.000000 -0.037338 -3.306363 
-10000000000.000000 -10000000000.000000 -10000000000.000000 -10000000000.000000 0.000000 
<EndExternalHMM>
<BeginEmbeddedHMM>
<NumStates> 3
<State> 0
<NumMixes> 3
<Mixture> 0 <Weight> 0.348519
<Mean>
235.859802 -29.042875 -2.804414 -1.890977 2.384619 0.536654 0.312574 0.235795 -0.111194 
<Inverted_Deviation>
0.020862 0.024303 0.070711 0.070711 0.070711 0.070711 0.070711 0.070711 0.070711 
<LogVarVal> 31.282372
<Mixture> 1 <Weight> 0.187958
<Mean>
316.093567 36.792107 1.442843 7.930542 0.376387 -3.023524 -0.164341 -0.795077 -0.176076 
<Inverted_Deviation>
0.030288 0.047530 0.066142 0.070711 0.070711 0.070711 0.070711 0.070711 0.070711 
<LogVarVal> 30.305595
<Mixture> 2 <Weight> 0.463523
<Mean>
355.257050 -9.659227 -5.645199 -2.923207 -2.394013 0.643274 -1.135989 0.215829 0.128653 
<Inverted_Deviation>
0.025726 0.037339 0.070711 0.070711 0.070711 0.070711 0.070711 0.070711 0.070711 
<LogVarVal> 30.643366
<State> 1
<NumMixes> 3
<Mixture> 0 <Weight> 0.046414
<Mean>
230.296127 -0.659792 0.229690 -25.618444 0.276178 0.229631 -6.320201 0.062391 -0.018436 
<Inverted_Deviation>
0.051700 0.070711 0.070711 0.070711 0.070711 0.070711 0.070711 0.070711 0.070711 
<LogVarVal> 29.306864
<Mixture> 1 <Weight> 0.551220
<Mean>
276.163544 -0.310357 0.290919 -0.057304 -0.059916 0.108911 -0.144220 -0.018733 0.012361 
<Inverted_Deviation>
0.070711 0.070711 0.070711 0.070711 0.070711 0.070711 0.070711 0.070711 0.070711 
<LogVarVal> 28.993717
<Mixture> 2 <Weight> 0.402366
<Mean>
257.984131 -0.155594 0.394435 -0.740785 0.203173 0.009204 0.186217 -0.036907 -0.009207 
<Inverted_Deviation>
0.070711 0.070711 0.070711 0.070711 0.070711 0.070711 0.070711 0.070711 0.070711 
<LogVarVal> 28.993717
<State> 2
<NumMixes> 3
<Mixture> 0 <Weight> 0.732766
<Mean>
327.191437 -9.279633 2.397838 -9.631148 -2.204183 0.441974 0.958053 -0.263530 -0.048085 
<Inverted_Deviation>
0.011505 0.023286 0.070711 0.016236 0.052196 0.070711 0.041669 0.070711 0.070711 
<LogVarVal> 34.224102
<Mixture> 1 <Weight> 0.258557
<Mean>
649.586609 -56.472965 6.928133 23.549921 6.931320 -2.130473 3.003343 0.443163 0.109965 
<Inverted_Deviation>
0.006036 0.008419 0.018303 0.009353 0.023307 0.033022 0.017096 0.032644 0.042236 
<LogVarVal> 41.536331
<Mixture> 2 <Weight> 0.008677
<Mean>
1268.361206 -642.727722 278.961548 40.904865 9.041430 -11.924523 15.541191 0.639516 -2.802478 
<Inverted_Deviation>
0.003747 0.003777 0.008659 0.005573 0.016582 0.023305 0.013738 0.024861 0.040894 
<LogVarVal> 45.293201
<TransP>
-0.098693 -2.364684 -10000000000.000000 
-10000000000.000000 -0.024532 -3.720000 
-10000000000.000000 -10000000000.000000 -0.000000 
<EndEmbeddedHMM>
<BeginEmbeddedHMM>
<NumStates> 6
<State> 0
<NumMixes> 3
<Mixture> 0 <Weight> 0.454670
<Mean>
373.705566 -1.861135 -6.072230 -3.585252 3.103447 -1.813920 0.992459 -0.942163 -2.605216 
<Inverted_Deviation>
0.016541 0.010856 0.020144 0.016036 0.021560 0.030166 0.038510 0.027735 0.041258 
<LogVarVal> 39.181808
<Mixture> 1 <Weight> 0.048764
<Mean>
457.584534 -24.019653 -19.329769 -12.317056 -88.150551 19.805628 -91.670647 32.688751 31.647261 
<Inverted_Deviation>
0.017161 0.019777 0.028697 0.011537 0.017215 0.016426 0.011656 0.011909 0.026619 
<LogVarVal> 41.832184
<Mixture> 2 <Weight> 0.496566
<Mean>
243.263382 -23.503242 3.482895 -4.095557 7.146549 -0.441001 4.859560 -0.680622 0.642836 
<Inverted_Deviation>
0.017084 0.017388 0.035909 0.028680 0.036133 0.065931 0.048179 0.055406 0.070711 
<LogVarVal> 34.765965
<State> 1
<NumMixes> 3
<Mixture> 0 <Weight> 0.246267
<Mean>
473.995819 -6.391076 -0.967144 144.646637 2.726336 -3.870493 -34.926464 5.815196 -0.154441 
<Inverted_Deviation>
0.011345 0.030638 0.053789 0.007979 0.020158 0.053373 0.004679 0.019449 0.047154 
<LogVarVal> 40.063038
<Mixture> 1 <Weight> 0.505495
<Mean>
333.446045 -0.721670 1.556760 0.725387 -2.478708 -0.379031 18.701462 0.166557 0.055388 
<Inverted_Deviation>
0.018781 0.035857 0.070711 0.013221 0.031199 0.070711 0.015203 0.041493 0.070711 
<LogVarVal> 35.563702
<Mixture> 2 <Weight> 0.248239
<Mean>
476.310211 0.186802 -2.659855 -168.653366 3.636481 4.316004 13.523211 -8.748715 -1.147978 
<Inverted_Deviation>
0.011814 0.022839 0.050972 0.009137 0.018573 0.045625 0.005244 0.016191 0.046705 
<LogVarVal> 40.552254
<State> 2
<NumMixes> 3
<Mixture> 0 <Weight> 0.202787
<Mean>
582.736450 -0.224481 -2.711474 132.838394 6.896302 -20.621796 -17.334402 5.478153 0.768722 
<Inverted_Deviation>
0.006771 0.006494 0.011391 0.007154 0.007704 0.012620 0.005714 0.010262 0.013621 
<LogVarVal> 47.876797
<Mixture> 1 <Weight> 0.552613
<Mean>
341.988068 3.049974 13.587041 -3.356093 -0.514062 -0.919941 8.044402 -0.916050 1.603226 
<Inverted_Deviation>
0.011744 0.010915 0.017332 0.012700 0.015688 0.028134 0.016083 0.022109 0.038081 
<LogVarVal> 41.470131
<Mixture> 2 <Weight> 0.244599
<Mean>
657.388367 -14.117900 -22.993774 -111.595551 11.747689 17.267645 -23.691727 0.304863 -3.726693 
<Inverted_Deviation>
0.005912 0.006395 0.010148 0.008603 0.009777 0.014613 0.007445 0.011104 0.016926 
<LogVarVal> 47.013432
<State> 3
<NumMixes> 3
<Mixture> 0 <Weight> 0.396671
<Mean>
342.754028 -17.551704 11.244173 -20.019802 5.050566 -2.595145 39.601963 -6.297733 1.659995 
<Inverted_Deviation>
0.008691 0.010463 0.024739 0.007221 0.011372 0.026727 0.009265 0.014772 0.029558 
<LogVarVal> 43.603580
<Mixture> 1 <Weight> 0.174757
<Mean>
696.617065 18.712709 -6.690935 93.088379 -75.389351 -13.206825 -212.809097 -19.559526 20.365883 
<Inverted_Deviation>
0.007523 0.007175 0.011376 0.004122 0.006281 0.010102 0.004219 0.006248 0.008934 
<LogVarVal> 49.872929
<Mixture> 2 <Weight> 0.428571
<Mean>
590.569336 -21.461351 -7.061276 -306.901672 10.243207 12.951536 67.302948 21.247087 -8.483661 
<Inverted_Deviation>
0.006701 0.010922 0.023251 0.007499 0.009827 0.021295 0.003817 0.009924 0.023481 
<LogVarVal> 45.732567
<State> 4
<NumMixes> 3
<Mixture> 0 <Weight> 0.374761
<Mean>
721.966492 -28.073282 -3.448176 421.746735 17.688927 -16.037418 -10.554111 59.132893 -5.729442 
<Inverted_Deviation>
0.004994 0.011314 0.024932 0.004080 0.007416 0.019049 0.002033 0.007145 0.017998 
<LogVarVal> 48.147495
<Mixture> 1 <Weight> 0.296367
<Mean>
798.374329 15.935625 -7.635477 -379.556061 40.162842 6.101166 -148.351929 -66.651871 10.407181 
<Inverted_Deviation>
0.005723 0.010472 0.021996 0.003212 0.006925 0.021825 0.001871 0.006658 0.017032 
<LogVarVal> 48.594547
<Mixture> 2 <Weight> 0.328872
<Mean>
390.506775 -17.522564 8.069575 3.594193 -40.280384 4.159302 108.445175 -11.279880 -3.790034 
<Inverted_Deviation>
0.005109 0.008013 0.023631 0.003743 0.008500 0.021577 0.004645 0.009379 0.019824 
<LogVarVal> 47.153633
<State> 5
<NumMixes> 3
<Mixture> 0 <Weight> 0.429869
<Mean>
766.278564 -136.371689 20.924875 13.209785 13.848346 -1.637853 -12.447660 4.952905 3.675744 
<Inverted_Deviation>
0.004270 0.003465 0.005804 0.012038 0.009231 0.016742 0.012751 0.019764 0.020275 
<LogVarVal> 46.800842
<Mixture> 1 <Weight> 0.464178
<Mean>
337.589325 -9.271445 25.854113 2.075830 -20.029413 -9.796994 14.453022 14.191212 3.191256 
<Inverted_Deviation>
0.007301 0.007515 0.015917 0.009392 0.009871 0.018502 0.012732 0.015307 0.021804 
<LogVarVal> 44.746983
<Mixture> 2 <Weight> 0.105954
<Mean>
666.524414 208.439255 -19.687191 -289.400360 -51.958313 72.969254 16.727165 -89.723885 -30.537922 
<Inverted_Deviation>
0.004952 0.007516 0.008921 0.004146 0.004714 0.011744 0.004566 0.006526 0.009322 
<LogVarVal> 50.453060
<TransP>
-0.090514 -2.447166 -10000000000.000000 -10000000000.000000 -10000000000.000000 -10000000000.000000 
-10000000000.000000 -0.036148 -3.338139 -10000000000.000000 -10000000000.000000 -10000000000.000000 
-10000000000.000000 -10000000000.000000 -0.091901 -2.432638 -10000000000.000000 -10000000000.000000 
-10000000000.000000 -10000000000.000000 -10000000000.000000 -0.192078 -1.744357 -10000000000.000000 
-10000000000.000000 -10000000000.000000 -10000000000.000000 -10000000000.000000 -0.128355 -2.116447 
-10000000000.000000 -10000000000.000000 -10000000000.000000 -10000000000.000000 -10000000000.000000 0.000000 
<EndEmbeddedHMM>
<BeginEmbeddedHMM>
<NumStates> 6
<State> 0
<NumMixes> 3
<Mixture> 0 <Weight> 0.070035
<Mean>
406.145599 54.594032 -19.763288 -55.757954 19.203522 20.848360 11.017323 -24.361162 -2.906101 
<Inverted_Deviation>
0.017209 0.014496 0.015670 0.010601 0.011669 0.022793 0.012841 0.016081 0.020621 
<LogVarVal> 42.749092
<Mixture> 1 <Weight> 0.823693
<Mean>
272.015686 -6.328468 0.933947 -1.722650 -2.917989 0.691109 1.579817 -0.180920 0.848839 
<Inverted_Deviation>
0.018337 0.020374 0.032780 0.035039 0.037186 0.059173 0.052180 0.058828 0.070711 
<LogVarVal> 34.367363
<Mixture> 2 <Weight> 0.106272
<Mean>
417.104034 -48.997356 -5.717947 133.123352 -6.088820 -21.703701 68.184288 19.621561 -8.380712 
<Inverted_Deviation>
0.011365 0.014093 0.020405 0.006733 0.011544 0.020223 0.006255 0.012210 0.021225 
<LogVarVal> 44.478325
<State> 1
<NumMixes> 3
<Mixture> 0 <Weight> 0.116425
<Mean>
586.337341 -13.971707 -0.274754 -385.325775 16.092245 4.175657 220.773880 -10.331326 -9.989470 
<Inverted_Deviation>
0.006982 0.017985 0.030951 0.006080 0.012067 0.023944 0.004187 0.008435 0.025785 
<LogVarVal> 44.770542
<Mixture> 1 <Weight> 0.714915
<Mean>
341.412079 0.414859 -0.487022 26.423889 0.929557 -0.243329 8.102926 0.404598 0.195112 
<Inverted_Deviation>
0.010037 0.032140 0.070711 0.007803 0.029450 0.070711 0.012756 0.026031 0.070711 
<LogVarVal> 37.526379
<Mixture> 2 <Weight> 0.168660
<Mean>
597.260193 -10.498033 -0.282206 -0.135916 3.243535 3.857328 -326.856995 12.197360 11.084262 
<Inverted_Deviation>
0.007649 0.028256 0.036593 0.003834 0.011614 0.051327 0.005347 0.009681 0.025506 
<LogVarVal> 43.425289
<State> 2
<NumMixes> 3
<Mixture> 0 <Weight> 0.739847
<Mean>
326.337952 0.202120 12.359539 6.479087 1.472649 2.593051 8.616786 0.962772 3.551082 
<Inverted_Deviation>
0.011595 0.012637 0.016372 0.011361 0.012040 0.016983 0.018189 0.019643 0.026013 
<LogVarVal> 42.650536
<Mixture> 1 <Weight> 0.118774
<Mean>
685.315369 -246.107285 -33.364101 -35.846653 -46.208176 19.325737 -25.711040 57.292477 2.389036 
<Inverted_Deviation>
0.005640 0.005072 0.003720 0.004843 0.004280 0.004951 0.007166 0.007983 0.007513 
<LogVarVal> 51.959743
<Mixture> 2 <Weight> 0.141379
<Mean>
662.667847 205.281174 -30.427610 109.919800 16.709343 -24.944212 8.332879 -70.581238 -15.399571 
<Inverted_Deviation>
0.006073 0.004789 0.004532 0.003902 0.004514 0.005213 0.005528 0.006691 0.007384 
<LogVarVal> 52.309628
<State> 3
<NumMixes> 3
<Mixture> 0 <Weight> 0.507400
<Mean>
369.742737 -30.601690 20.396175 46.869541 -62.056629 13.700582 65.666580 -16.128050 7.569571 
<Inverted_Deviation>
0.008336 0.006755 0.016035 0.005300 0.006153 0.012376 0.005405 0.007007 0.012456 
<LogVarVal> 48.358765
<Mixture> 1 <Weight> 0.238901
<Mean>
714.370239 41.440769 -11.578351 -431.898682 55.110413 44.417072 96.569351 -116.902061 -12.692020 
<Inverted_Deviation>
0.005280 0.006298 0.012497 0.003681 0.004172 0.011879 0.002269 0.004281 0.007138 
<LogVarVal> 51.846195
<Mixture> 2 <Weight> 0.253700
<Mean>
668.732727 -94.629753 -39.727280 292.923126 6.006031 -75.844009 -52.226059 126.229500 -27.547037 
<Inverted_Deviation>
0.004948 0.005544 0.009779 0.004591 0.003790 0.007653 0.002675 0.004265 0.005582 
<LogVarVal> 52.683403
<State> 4
<NumMixes> 3
<Mixture> 0 <Weight> 0.183107
<Mean>
791.824951 5.023146 -4.997657 -80.563080 38.424816 7.540076 -419.746429 -11.770419 20.153822 
<Inverted_Deviation>
0.006779 0.011447 0.022304 0.002421 0.007115 0.027807 0.002893 0.005683 0.016124 
<LogVarVal> 48.113106
<Mixture> 1 <Weight> 0.639334
<Mean>
374.235870 13.359741 0.782280 -17.692997 -4.046452 1.146077 39.008968 1.424907 -0.381424 
<Inverted_Deviation>
0.004601 0.014329 0.036412 0.003673 0.014183 0.033471 0.005658 0.015151 0.036100 
<LogVarVal> 44.036392
<Mixture> 2 <Weight> 0.177559
<Mean>
665.253845 -16.532652 -9.852520 413.779297 -0.336661 -18.164440 126.955513 31.668762 -13.447118 
<Inverted_Deviation>
0.005384 0.009908 0.022401 0.004560 0.007891 0.018974 0.003348 0.006233 0.017611 
<LogVarVal> 47.802132
<State> 5
<NumMixes> 3
<Mixture> 0 <Weight> 0.213886
<Mean>
692.544189 -287.853821 19.184809 -26.509501 0.923629 17.824659 -7.378833 36.253208 -7.744056 
<Inverted_Deviation>
0.003528 0.004423 0.003747 0.005171 0.005757 0.006852 0.009084 0.008194 0.011550 
<LogVarVal> 51.178074
<Mixture> 1 <Weight> 0.473684
<Mean>
313.034027 4.754337 31.151247 -4.509873 -0.133329 0.807608 19.023247 0.771985 -0.904351 
<Inverted_Deviation>
0.006127 0.006619 0.009207 0.007772 0.008251 0.012614 0.012262 0.013499 0.017993 
<LogVarVal> 46.703499
<Mixture> 2 <Weight> 0.312430
<Mean>
719.938110 133.489380 -38.257725 25.717115 1.381555 -11.525035 -35.940109 -27.983049 5.012524 
<Inverted_Deviation>
0.004212 0.004916 0.004737 0.004533 0.005130 0.007664 0.007401 0.007558 0.008654 
<LogVarVal> 51.370094
<TransP>
-0.053680 -2.951432 -10000000000.000000 -10000000000.000000 -10000000000.000000 -10000000000.000000 
-10000000000.000000 -0.099156 -2.360225 -10000000000.000000 -10000000000.000000 -10000000000.000000 
-10000000000.000000 -10000000000.000000 -0.059189 -2.856470 -10000000000.000000 -10000000000.000000 
-10000000000.000000 -10000000000.000000 -10000000000.000000 -0.381443 -1.148460 -10000000000.000000 
-10000000000.000000 -10000000000.000000 -10000000000.000000 -10000000000.000000 -0.097038 -2.380780 
-10000000000.000000 -10000000000.000000 -10000000000.000000 -10000000000.000000 -10000000000.000000 0.000000 
<EndEmbeddedHMM>
<BeginEmbeddedHMM>
<NumStates> 6
<State> 0
<NumMixes> 3
<Mixture> 0 <Weight> 0.007353
<Mean>
344.467560 38.989521 13.933377 -101.784485 -20.957504 -0.345333 36.749962 7.279624 -1.145438 
<Inverted_Deviation>
0.007950 0.014328 0.039908 0.017958 0.019779 0.041540 0.013850 0.035370 0.053119 
<LogVarVal> 39.133144
<Mixture> 1 <Weight> 0.279412
<Mean>
210.759201 -12.910375 4.251061 0.130406 -1.778090 -0.561832 0.665043 0.111357 -0.251285 
<Inverted_Deviation>
0.030280 0.027662 0.044451 0.070711 0.070711 0.070711 0.070711 0.070711 0.070711 
<LogVarVal> 31.244572
<Mixture> 2 <Weight> 0.713235
<Mean>
284.766327 -2.572009 -1.017753 -1.237401 0.700889 0.045564 0.101181 -0.083748 0.121264 
<Inverted_Deviation>
0.029089 0.045878 0.066103 0.070711 0.070711 0.070711 0.070711 0.070711 0.070711 
<LogVarVal> 30.381933
<State> 1
<NumMixes> 3
<Mixture> 0 <Weight> 0.000488
<Mean>
762.749939 -85.990952 -49.793560 40.355408 19.164932 -26.451376 -227.030319 42.873405 16.330717 
<Inverted_Deviation>
0.007980 0.005902 0.028158 0.026821 0.010529 0.029288 0.015781 0.021920 0.045060 
<LogVarVal> 41.456367
<Mixture> 1 <Weight> 0.528943
<Mean>
310.949493 -2.088005 2.211408 -4.835697 0.741406 0.211835 3.458889 -0.787147 -0.346985 
<Inverted_Deviation>
0.026257 0.038764 0.070711 0.032017 0.058203 0.070711 0.069776 0.070711 0.070711 
<LogVarVal> 31.585760
<Mixture> 2 <Weight> 0.470569
<Mean>
387.981659 -4.485395 -2.443626 -3.368109 -2.062479 0.169662 -3.459019 0.980918 0.476622 
<Inverted_Deviation>
0.020522 0.028991 0.048785 0.022133 0.041265 0.068612 0.050352 0.070186 0.070711 
<LogVarVal> 33.570824
<State> 2
<NumMixes> 3
<Mixture> 0 <Weight> 0.354033
<Mean>
513.021545 -13.432481 -2.368656 64.650932 3.912533 -2.958932 -18.481470 5.556051 0.989118 
<Inverted_Deviation>
0.009317 0.014107 0.031440 0.006791 0.014916 0.033203 0.008411 0.018439 0.038777 
<LogVarVal> 42.172001
<Mixture> 1 <Weight> 0.525481
<Mean>
361.870056 -0.536959 3.254842 -9.108830 -5.119279 -0.948772 20.926334 -2.475718 -0.690163 
<Inverted_Deviation>
0.014161 0.020194 0.039570 0.011880 0.020576 0.039171 0.019167 0.027934 0.049634 
<LogVarVal> 38.632484
<Mixture> 2 <Weight> 0.120486
<Mean>
588.818970 8.001481 -13.008810 -198.437241 3.182939 15.385452 18.392309 -14.474448 -3.131505 
<Inverted_Deviation>
0.007455 0.008738 0.017497 0.009103 0.009818 0.021038 0.005953 0.011008 0.018104 
<LogVarVal> 45.664776
<State> 3
<NumMixes> 3
<Mixture> 0 <Weight> 0.195566
<Mean>
730.175781 0.398543 -22.985497 286.150024 22.875839 -19.461145 -40.767262 14.461857 2.753476 
<Inverted_Deviation>
0.005390 0.005368 0.011712 0.003195 0.005723 0.011920 0.002349 0.006649 0.012590 
<LogVarVal> 50.829857
<Mixture> 1 <Weight> 0.083570
<Mean>
721.687622 31.635201 -22.618380 -331.631500 -8.731241 29.585682 21.628042 -29.188854 -11.419275 
<Inverted_Deviation>
0.004448 0.004323 0.008720 0.005317 0.004762 0.010136 0.003140 0.005513 0.009990 
<LogVarVal> 51.498798
<Mixture> 2 <Weight> 0.720864
<Mean>
378.690155 15.719334 8.307324 3.258911 -2.606486 0.346316 6.330719 0.196723 1.066472 
<Inverted_Deviation>
0.006591 0.010942 0.022066 0.009972 0.012172 0.023358 0.010868 0.014608 0.028303 
<LogVarVal> 43.588444
<State> 4
<NumMixes> 3
<Mixture> 0 <Weight> 0.346900
<Mean>
356.084808 2.338361 -0.764297 -5.933331 1.046267 0.169510 0.158982 -0.067257 -0.120191 
<Inverted_Deviation>
0.029260 0.042066 0.070711 0.043099 0.070711 0.070711 0.070711 0.070711 0.070711 
<LogVarVal> 30.890537
<Mixture> 1 <Weight> 0.650330
<Mean>
291.740448 0.021731 0.954317 -2.827455 -0.068244 -0.120508 0.285254 0.148401 0.039812 
<Inverted_Deviation>
0.033885 0.070711 0.070711 0.070711 0.070711 0.070711 0.070711 0.070711 0.070711 
<LogVarVal> 29.729351
<Mixture> 2 <Weight> 0.002770
<Mean>
556.076965 -9.256418 -4.745259 420.847412 -14.540851 -5.550556 409.616913 -10.316279 -3.847879 
<Inverted_Deviation>
0.015106 0.026758 0.031655 0.011309 0.019482 0.026145 0.016941 0.023961 0.031128 
<LogVarVal> 39.761307
<State> 5
<NumMixes> 3
<Mixture> 0 <Weight> 0.003294
<Mean>
446.379608 99.844673 -17.049244 299.536407 129.554260 -25.624668 326.378571 110.840645 -27.589931 
<Inverted_Deviation>
0.008569 0.020777 0.025996 0.006468 0.018504 0.020852 0.007348 0.018489 0.025077 
<LogVarVal> 42.925282
<Mixture> 1 <Weight> 0.737921
<Mean>
219.806122 19.437181 1.943170 -1.110080 1.983097 -0.970753 0.495527 -0.439051 0.272542 
<Inverted_Deviation>
0.015763 0.019041 0.028576 0.026376 0.038753 0.044028 0.056510 0.059056 0.070711 
<LogVarVal> 35.178265
<Mixture> 2 <Weight> 0.258785
<Mean>
424.173401 -38.161961 -2.622139 7.803004 -13.939814 4.765845 -2.117485 1.645334 0.165775 
<Inverted_Deviation>
0.005399 0.005064 0.009432 0.015351 0.016722 0.018163 0.026095 0.033516 0.035677 
<LogVarVal> 42.972893
<TransP>
-0.081235 -2.550753 -10000000000.000000 -10000000000.000000 -10000000000.000000 -10000000000.000000 
-10000000000.000000 -0.064127 -2.778787 -10000000000.000000 -10000000000.000000 -10000000000.000000 
-10000000000.000000 -10000000000.000000 -0.138025 -2.048537 -10000000000.000000 -10000000000.000000 
-10000000000.000000 -10000000000.000000 -10000000000.000000 -0.244838 -1.527080 -10000000000.000000 
-10000000000.000000 -10000000000.000000 -10000000000.000000 -10000000000.000000 -0.041550 -3.201554 
-10000000000.000000 -10000000000.000000 -10000000000.000000 -10000000000.000000 -10000000000.000000 0.000000 
<EndEmbeddedHMM>
<BeginEmbeddedHMM>
<NumStates> 3
<State> 0
<NumMixes> 3
<Mixture> 0 <Weight> 0.108632
<Mean>
484.122070 34.862431 -31.723499 13.188300 -26.412996 5.674306 -21.132168 -1.293603 8.680786 
<Inverted_Deviation>
0.014246 0.006114 0.008112 0.009840 0.013113 0.013711 0.022858 0.023684 0.031055 
<LogVarVal> 43.552658
<Mixture> 1 <Weight> 0.354025
<Mean>
232.260651 -9.608968 11.131836 5.122829 11.267701 2.083498 6.215840 1.373603 -0.651439 
<Inverted_Deviation>
0.024483 0.018615 0.032560 0.023516 0.026561 0.039554 0.047893 0.046934 0.057654 
<LogVarVal> 35.829060
<Mixture> 2 <Weight> 0.537342
<Mean>
344.049713 2.129977 3.993134 -3.849008 1.926255 -2.134980 -0.205638 -1.679206 -1.212197 
<Inverted_Deviation>
0.023610 0.010797 0.016296 0.015542 0.022758 0.029229 0.039154 0.036599 0.047177 
<LogVarVal> 38.624168
<State> 1
<NumMixes> 3
<Mixture> 0 <Weight> 0.043880
<Mean>
642.284180 -10.746587 -8.788244 259.586395 3.276122 -9.426358 32.423737 13.980004 -1.949304 
<Inverted_Deviation>
0.005828 0.008273 0.018877 0.004847 0.007457 0.016637 0.004669 0.010423 0.022629 
<LogVarVal> 47.104153
<Mixture> 1 <Weight> 0.860662
<Mean>
397.108612 -1.076854 0.872246 -16.290323 -0.372340 -0.094046 10.934960 -0.443588 0.128742 
<Inverted_Deviation>
0.014493 0.036339 0.070711 0.016207 0.039253 0.070711 0.030503 0.059863 0.070711 
<LogVarVal> 34.313389
<Mixture> 2 <Weight> 0.095458
<Mean>
620.026306 -0.970752 -4.308185 -142.575638 5.703669 6.397269 -1.301121 -4.229441 -1.152744 
<Inverted_Deviation>
0.008042 0.012116 0.024593 0.007233 0.013630 0.028054 0.006515 0.016032 0.030234 
<LogVarVal> 43.556744
<State> 2
<NumMixes> 3
<Mixture> 0 <Weight> 0.335227
<Mean>
218.414917 10.209899 1.080982 4.431448 1.749286 0.368929 -2.418927 -0.335420 0.187237 
<Inverted_Deviation>
0.021286 0.037038 0.060632 0.026143 0.051312 0.064921 0.063670 0.070711 0.070711 
<LogVarVal> 32.500664
<Mixture> 1 <Weight> 0.550426
<Mean>
342.829681 12.262847 6.687930 -0.954580 6.618786 -2.028139 2.174614 -0.861047 -0.187244 
<Inverted_Deviation>
0.015436 0.013778 0.020996 0.020008 0.022103 0.030919 0.043006 0.038521 0.050919 
<LogVarVal> 38.050980
<Mixture> 2 <Weight> 0.114347
<Mean>
640.239075 -10.476762 -43.781082 -82.139534 -41.602966 6.090489 10.852188 9.712868 2.099321 
<Inverted_Deviation>
0.004671 0.003852 0.005381 0.005253 0.006491 0.006740 0.010812 0.014440 0.013340 
<LogVarVal> 49.669624
<TransP>
-0.069270 -2.704178 -10000000000.000000 
-10000000000.000000 -0.026918 -3.628391 
-10000000000.000000 -10000000000.000000 0.000000 
<EndEmbeddedHMM>
