<NumSuperStates> 5
<NumStates> 3 6 6 6 3 
<NumMixtures> 3 3 3 3 3 3 3 3 3 3 3 3 3 3 3 3 3 3 3 3 3 3 3 3 
<VecSize> 9
<BeginExternalHMM>
<NumStates> 5
<TransP>
-0.062580 -2.802442 -10000000000.000000 -10000000000.000000 -10000000000.000000 
-10000000000.000000 -0.147920 -1.984131 -10000000000.000000 -10000000000.000000 
-10000000000.000000 -10000000000.000000 -0.164139 -1.887987 -10000000000.000000 
-10000000000.000000 -10000000000.000000 -10000000000.000000 -0.026820 -3.631988 
-10000000000.000000 -10000000000.000000 -10000000000.000000 -10000000000.000000 0.000000 
<EndExternalHMM>
<BeginEmbeddedHMM>
<NumStates> 3
<State> 0
<NumMixes> 3
<Mixture> 0 <Weight> 0.123663
<Mean>
1789.566528 69.063858 -27.636003 11.602908 -11.817653 1.336638 -2.641205 0.270501 0.374137 
<Inverted_Deviation>
0.003463 0.006261 0.016306 0.015647 0.026199 0.052921 0.046489 0.057057 0.070711 
<LogVarVal> 39.326309
<Mixture> 1 <Weight> 0.617955
<Mean>
437.681458 -15.791758 10.810879 -27.952639 10.594996 0.343543 3.458719 0.431258 -0.069123 
<Inverted_Deviation>
0.004774 0.009141 0.031707 0.012450 0.038094 0.070711 0.057415 0.070711 0.070711 
<LogVarVal> 37.100708
<Mixture> 2 <Weight> 0.258382
<Mean>
1010.754700 13.141898 -5.915434 -44.264889 -8.262036 0.124561 -6.716455 0.651843 0.099844 
<Inverted_Deviation>
0.004197 0.003579 0.016280 0.007990 0.028779 0.042158 0.036025 0.056081 0.063423 
<LogVarVal> 40.881592
<State> 1
<NumMixes> 3
<Mixture> 0 <Weight> 0.397325
<Mean>
847.673767 7.541233 -0.103646 -9.797138 -0.836800 -0.111443 -2.102750 -0.115098 -0.016220 
<Inverted_Deviation>
0.006815 0.034598 0.070711 0.024859 0.070711 0.070711 0.070711 0.070711 0.070711 
<LogVarVal> 33.093342
<Mixture> 1 <Weight> 0.199774
<Mean>
464.173584 13.362798 -0.334302 -21.933935 0.977232 -0.092905 -2.073585 0.079593 -0.002197 
<Inverted_Deviation>
0.005951 0.033146 0.070711 0.025680 0.070711 0.070711 0.070711 0.070711 0.070711 
<LogVarVal> 33.239384
<Mixture> 2 <Weight> 0.402902
<Mean>
1228.436279 0.968079 -0.861771 -1.204860 -1.435520 -0.130166 -1.922193 -0.080705 -0.017699 
<Inverted_Deviation>
0.005496 0.033614 0.070711 0.024772 0.070711 0.070711 0.070711 0.070711 0.070711 
<LogVarVal> 33.340786
<State> 2
<NumMixes> 3
<Mixture> 0 <Weight> 0.680939
<Mean>
208.996475 -1.423791 8.314103 -0.589512 -5.950031 1.037121 2.643097 -0.633739 -0.272654 
<Inverted_Deviation>
0.004065 0.008935 0.023521 0.014732 0.030149 0.049938 0.050950 0.065911 0.070711 
<LogVarVal> 38.186127
<Mixture> 1 <Weight> 0.168743
<Mean>
987.783813 -104.885742 -14.998283 73.512856 10.187383 -5.670412 -4.737244 0.818141 1.258980 
<Inverted_Deviation>
0.002990 0.003560 0.010394 0.009940 0.017373 0.021288 0.031013 0.036914 0.040136 
<LogVarVal> 43.669731
<Mixture> 2 <Weight> 0.150318
<Mean>
1859.094482 -54.629131 -6.406904 63.422184 2.929369 1.118930 -1.943365 0.180790 -0.122017 
<Inverted_Deviation>
0.001963 0.010805 0.026794 0.010989 0.029031 0.051927 0.053985 0.070711 0.070711 
<LogVarVal> 38.757271
<TransP>
-0.067612 -2.727588 -10000000000.000000 
-10000000000.000000 -0.023076 -3.780464 
-10000000000.000000 -10000000000.000000 0.000000 
<EndEmbeddedHMM>
<BeginEmbeddedHMM>
<NumStates> 6
<State> 0
<NumMixes> 3
<Mixture> 0 <Weight> 0.351128
<Mean>
496.395538 -45.611740 42.424385 -34.624134 11.849146 -3.009700 2.957411 0.431379 -0.158704 
<Inverted_Deviation>
0.003787 0.004827 0.011493 0.013781 0.017031 0.022323 0.029222 0.023399 0.021819 
<LogVarVal> 43.799019
<Mixture> 1 <Weight> 0.370660
<Mean>
1868.828491 46.338917 -48.392113 -9.794193 -13.400337 -1.044723 -5.849865 0.560125 1.500950 
<Inverted_Deviation>
0.002653 0.003760 0.009126 0.011104 0.012913 0.021650 0.029471 0.028043 0.038593 
<LogVarVal> 44.399250
<Mixture> 2 <Weight> 0.278212
<Mean>
1098.565674 -1.076319 13.136092 -56.800884 2.640421 10.429799 -1.449073 5.141960 -2.441782 
<Inverted_Deviation>
0.003831 0.002032 0.005414 0.006480 0.008709 0.010356 0.014638 0.013917 0.016746 
<LogVarVal> 49.074451
<State> 1
<NumMixes> 3
<Mixture> 0 <Weight> 0.301917
<Mean>
1365.850952 82.239128 -9.686804 36.735027 -16.105682 -6.154148 -14.282284 -7.002134 3.353055 
<Inverted_Deviation>
0.003907 0.006725 0.019158 0.004510 0.008310 0.017598 0.006677 0.010384 0.017940 
<LogVarVal> 47.482224
<Mixture> 1 <Weight> 0.360224
<Mean>
469.168640 13.643793 9.118542 14.495248 -0.515626 -1.440533 3.442338 2.589606 0.145005 
<Inverted_Deviation>
0.005579 0.008612 0.017206 0.006658 0.011662 0.021851 0.009060 0.016088 0.024884 
<LogVarVal> 44.971085
<Mixture> 2 <Weight> 0.337859
<Mean>
848.881714 30.033501 -6.400245 4.766147 10.142426 2.544325 19.870029 -4.100599 -2.152604 
<Inverted_Deviation>
0.005466 0.006238 0.015097 0.005223 0.009460 0.016430 0.006921 0.012054 0.021463 
<LogVarVal> 46.887711
<State> 2
<NumMixes> 3
<Mixture> 0 <Weight> 0.324261
<Mean>
1277.789185 9.279592 -5.380360 34.482697 -5.259315 0.130302 -13.729820 0.505551 -0.024106 
<Inverted_Deviation>
0.006019 0.016386 0.070293 0.009699 0.035069 0.070711 0.032361 0.070711 0.070711 
<LogVarVal> 36.394951
<Mixture> 1 <Weight> 0.456425
<Mean>
886.562744 2.962572 0.370196 57.293701 0.883199 -0.476164 -3.229020 -0.274139 0.110406 
<Inverted_Deviation>
0.007085 0.016391 0.070711 0.007423 0.033622 0.070711 0.018141 0.053120 0.070711 
<LogVarVal> 37.400082
<Mixture> 2 <Weight> 0.219314
<Mean>
529.899841 -2.851144 2.764685 12.719650 -0.169743 0.519362 11.956121 0.453635 -0.487421 
<Inverted_Deviation>
0.005709 0.021600 0.070711 0.007544 0.034427 0.070711 0.015021 0.040812 0.070711 
<LogVarVal> 37.752533
<State> 3
<NumMixes> 3
<Mixture> 0 <Weight> 0.325758
<Mean>
381.783295 30.260025 4.037507 0.418187 4.053443 -0.233672 10.987644 -0.954746 -0.440963 
<Inverted_Deviation>
0.005871 0.012908 0.028321 0.008547 0.016258 0.029973 0.013009 0.019604 0.034211 
<LogVarVal> 42.241230
<Mixture> 1 <Weight> 0.143939
<Mean>
1057.815186 104.219681 -5.043777 87.582092 -22.517611 -3.813836 -11.690046 -4.428414 3.106816 
<Inverted_Deviation>
0.006975 0.023032 0.052731 0.010926 0.025269 0.051937 0.023873 0.033985 0.060250 
<LogVarVal> 37.908772
<Mixture> 2 <Weight> 0.530303
<Mean>
726.223877 50.535862 0.186628 15.734976 2.049004 -0.085539 -0.280849 -2.734885 0.094916 
<Inverted_Deviation>
0.007652 0.012792 0.040471 0.007159 0.021847 0.043378 0.022305 0.033694 0.050742 
<LogVarVal> 39.665390
<State> 4
<NumMixes> 3
<Mixture> 0 <Weight> 0.399727
<Mean>
423.806305 8.976520 0.665714 24.428213 -0.405603 -0.218912 5.103465 0.622583 -0.029943 
<Inverted_Deviation>
0.008818 0.018319 0.070711 0.008041 0.039573 0.070711 0.022302 0.063316 0.070711 
<LogVarVal> 36.445045
<Mixture> 1 <Weight> 0.228870
<Mean>
704.618103 1.925919 -2.122777 44.870918 1.242563 0.077220 -4.888914 0.679221 0.118696 
<Inverted_Deviation>
0.008826 0.022647 0.070711 0.013731 0.052232 0.070711 0.052253 0.070711 0.070711 
<LogVarVal> 34.457458
<Mixture> 2 <Weight> 0.371403
<Mean>
142.039490 3.663489 2.816490 4.908741 0.430708 0.253120 11.512316 -0.251043 -0.134770 
<Inverted_Deviation>
0.007764 0.022870 0.070711 0.010602 0.042971 0.070711 0.024139 0.065352 0.070711 
<LogVarVal> 35.880718
<State> 5
<NumMixes> 3
<Mixture> 0 <Weight> 0.767353
<Mean>
211.861404 6.347982 9.317685 -4.621311 4.093203 -1.725373 2.832084 -0.612191 0.077510 
<Inverted_Deviation>
0.005106 0.007865 0.013893 0.014065 0.019240 0.027242 0.029087 0.036592 0.043895 
<LogVarVal> 41.339447
<Mixture> 1 <Weight> 0.138344
<Mean>
709.203308 -261.216858 39.863483 -14.960306 7.686455 12.706661 -8.196797 3.689133 -0.963657 
<Inverted_Deviation>
0.003844 0.002566 0.005897 0.004969 0.012780 0.014955 0.012772 0.019545 0.024136 
<LogVarVal> 47.698120
<Mixture> 2 <Weight> 0.094303
<Mean>
1477.055786 -160.482407 -85.617722 -10.391434 -24.261248 -6.121439 -7.998690 0.305600 0.769578 
<Inverted_Deviation>
0.003418 0.003614 0.006902 0.009996 0.016059 0.025930 0.016718 0.030405 0.041998 
<LogVarVal> 44.572952
<TransP>
-0.110001 -2.261763 -10000000000.000000 -10000000000.000000 -10000000000.000000 -10000000000.000000 
-10000000000.000000 -0.212814 -1.651859 -10000000000.000000 -10000000000.000000 -10000000000.000000 
-10000000000.000000 -10000000000.000000 -0.064870 -2.767628 -10000000000.000000 -10000000000.000000 
-10000000000.000000 -10000000000.000000 -10000000000.000000 -0.180670 -1.800058 -10000000000.000000 
-10000000000.000000 -10000000000.000000 -10000000000.000000 -10000000000.000000 -0.037030 -3.314489 
-10000000000.000000 -10000000000.000000 -10000000000.000000 -10000000000.000000 -10000000000.000000 0.000000 
<EndEmbeddedHMM>
<BeginEmbeddedHMM>
<NumStates> 6
<State> 0
<NumMixes> 3
<Mixture> 0 <Weight> 0.190760
<Mean>
1746.504150 31.545357 -22.072784 -28.475838 1.879329 -3.282328 -5.818626 1.580541 0.040306 
<Inverted_Deviation>
0.003836 0.008348 0.014377 0.015988 0.022047 0.031302 0.033312 0.052927 0.066484 
<LogVarVal> 40.208435
<Mixture> 1 <Weight> 0.408843
<Mean>
1191.260864 -10.599326 -19.322088 -30.223003 4.413480 4.101044 -4.470697 1.232542 1.324539 
<Inverted_Deviation>
0.004190 0.003472 0.008048 0.010664 0.016930 0.025524 0.028237 0.033008 0.043189 
<LogVarVal> 43.519684
<Mixture> 2 <Weight> 0.400397
<Mean>
585.510864 -38.991013 25.920273 -13.319959 -9.557194 -1.892333 6.859797 -0.013904 -1.009678 
<Inverted_Deviation>
0.003561 0.005463 0.011797 0.009334 0.015040 0.025013 0.023346 0.027274 0.038292 
<LogVarVal> 43.619801
<State> 1
<NumMixes> 3
<Mixture> 0 <Weight> 0.512755
<Mean>
1014.418213 8.166038 -0.761147 -15.189725 1.686895 0.114890 -5.083665 -0.903788 0.026058 
<Inverted_Deviation>
0.006412 0.014139 0.048911 0.008835 0.025743 0.060983 0.016221 0.032181 0.063692 
<LogVarVal> 38.974808
<Mixture> 1 <Weight> 0.163265
<Mean>
645.219116 3.634317 5.991619 18.151093 11.123056 -1.233474 16.830200 -1.163901 -0.966038 
<Inverted_Deviation>
0.004992 0.014351 0.037589 0.006125 0.020183 0.046713 0.011597 0.029153 0.063423 
<LogVarVal> 40.788437
<Mixture> 2 <Weight> 0.323980
<Mean>
1492.829224 7.186905 -4.429942 -16.706598 -3.421491 0.058583 -8.826098 -1.146274 0.131516 
<Inverted_Deviation>
0.004220 0.011435 0.030990 0.005858 0.019588 0.050701 0.012227 0.031499 0.063125 
<LogVarVal> 41.243336
<State> 2
<NumMixes> 3
<Mixture> 0 <Weight> 0.465868
<Mean>
1117.455688 14.055942 -6.160979 -50.148567 -3.242556 -0.109119 4.452333 3.149985 -0.446836 
<Inverted_Deviation>
0.006988 0.004564 0.008867 0.004640 0.008813 0.013775 0.008011 0.012493 0.018383 
<LogVarVal> 47.825264
<Mixture> 1 <Weight> 0.310458
<Mean>
750.095337 20.664188 32.069889 -30.428497 0.108722 -0.538828 28.894756 0.640626 -1.907933 
<Inverted_Deviation>
0.004845 0.004589 0.008341 0.005396 0.007661 0.012292 0.009303 0.011355 0.016021 
<LogVarVal> 48.433571
<Mixture> 2 <Weight> 0.223675
<Mean>
1504.162720 34.884525 -37.385487 -32.449234 3.354739 1.029785 -53.169262 -6.490125 4.492267 
<Inverted_Deviation>
0.004639 0.003953 0.006951 0.004276 0.008757 0.013342 0.007262 0.011714 0.017887 
<LogVarVal> 48.931923
<State> 3
<NumMixes> 3
<Mixture> 0 <Weight> 0.077498
<Mean>
1144.948853 47.938728 -1.889221 115.086098 20.485853 -2.775953 25.446564 -0.062863 -0.117034 
<Inverted_Deviation>
0.005393 0.008980 0.021183 0.005790 0.017887 0.029929 0.009739 0.026198 0.044738 
<LogVarVal> 43.006069
<Mixture> 1 <Weight> 0.454113
<Mean>
420.393127 1.103321 9.277939 -35.303699 3.052195 0.324080 10.825214 0.354800 -0.214229 
<Inverted_Deviation>
0.005643 0.007952 0.017128 0.009553 0.018657 0.028286 0.020791 0.031583 0.041752 
<LogVarVal> 41.932182
<Mixture> 2 <Weight> 0.468389
<Mean>
787.842163 27.483335 -0.600320 -24.867392 -3.103435 0.288504 -1.593713 -0.535701 -0.432680 
<Inverted_Deviation>
0.007806 0.008627 0.016299 0.009893 0.017690 0.027689 0.018734 0.028828 0.044259 
<LogVarVal> 41.752563
<State> 4
<NumMixes> 3
<Mixture> 0 <Weight> 0.164264
<Mean>
897.534912 8.273137 -2.120736 -8.045031 1.953720 -0.125284 -2.082325 -0.141789 -0.088022 
<Inverted_Deviation>
0.007396 0.021023 0.070711 0.018058 0.054461 0.070711 0.047893 0.070711 0.070711 
<LogVarVal> 34.480042
<Mixture> 1 <Weight> 0.487987
<Mean>
649.221741 5.401287 -0.072243 -12.622296 -0.997175 -0.194876 -2.639566 0.230924 -0.047296 
<Inverted_Deviation>
0.008984 0.024504 0.070711 0.015306 0.061563 0.070711 0.048172 0.070711 0.070711 
<LogVarVal> 34.169281
<Mixture> 2 <Weight> 0.347749
<Mean>
371.068817 4.435767 1.973371 -30.713789 -0.842879 0.274332 0.767245 -0.387608 0.010545 
<Inverted_Deviation>
0.006914 0.023736 0.063033 0.010860 0.043328 0.070711 0.033932 0.070711 0.070711 
<LogVarVal> 35.622894
<State> 5
<NumMixes> 3
<Mixture> 0 <Weight> 0.703226
<Mean>
287.154755 10.499929 14.234606 -16.050337 -1.291271 0.481875 7.676985 -0.081015 -0.239552 
<Inverted_Deviation>
0.004718 0.006386 0.010155 0.012770 0.017358 0.020756 0.026992 0.030956 0.035412 
<LogVarVal> 42.868465
<Mixture> 1 <Weight> 0.220528
<Mean>
791.331665 -120.284767 -25.129879 -13.205980 -1.802164 0.347729 -0.204363 1.766057 1.288367 
<Inverted_Deviation>
0.004725 0.003251 0.006731 0.012716 0.015188 0.016593 0.036901 0.042114 0.036734 
<LogVarVal> 43.657719
<Mixture> 2 <Weight> 0.076246
<Mean>
1311.732300 -49.671902 -28.132637 2.214898 -2.395425 1.208756 -2.934295 1.147478 -0.869092 
<Inverted_Deviation>
0.003361 0.007097 0.012025 0.014571 0.016451 0.023169 0.043474 0.042007 0.056113 
<LogVarVal> 41.502613
<TransP>
-0.114621 -2.222886 -10000000000.000000 -10000000000.000000 -10000000000.000000 -10000000000.000000 
-10000000000.000000 -0.097268 -2.378526 -10000000000.000000 -10000000000.000000 -10000000000.000000 
-10000000000.000000 -10000000000.000000 -0.082466 -2.536314 -10000000000.000000 -10000000000.000000 
-10000000000.000000 -10000000000.000000 -10000000000.000000 -0.160402 -1.909203 -10000000000.000000 
-10000000000.000000 -10000000000.000000 -10000000000.000000 -10000000000.000000 -0.039570 -3.249414 
-10000000000.000000 -10000000000.000000 -10000000000.000000 -10000000000.000000 -10000000000.000000 -0.000000 
<EndEmbeddedHMM>
<BeginEmbeddedHMM>
<NumStates> 6
<State> 0
<NumMixes> 3
<Mixture> 0 <Weight> 0.601961
<Mean>
1791.656616 28.104774 -6.883780 -1.596368 0.332056 -0.265453 -0.758696 0.017381 0.001812 
<Inverted_Deviation>
0.003920 0.009197 0.017838 0.021740 0.043176 0.056458 0.056587 0.070711 0.070711 
<LogVarVal> 37.423882
<Mixture> 1 <Weight> 0.189902
<Mean>
1215.185181 -11.668737 -3.558144 1.439867 4.296092 2.283430 0.325309 -0.520115 0.420326 
<Inverted_Deviation>
0.003568 0.004322 0.008184 0.011658 0.019464 0.028807 0.026721 0.039999 0.048244 
<LogVarVal> 42.847439
<Mixture> 2 <Weight> 0.208137
<Mean>
404.059204 -57.101482 8.871581 18.788292 -6.022311 -1.807135 1.710690 0.571797 -0.345272 
<Inverted_Deviation>
0.003491 0.006118 0.014048 0.012486 0.021869 0.029712 0.037665 0.047759 0.059577 
<LogVarVal> 41.033924
<State> 1
<NumMixes> 3
<Mixture> 0 <Weight> 0.481841
<Mean>
1270.937744 26.071936 -1.064008 -0.807549 0.374497 0.073457 -0.860733 0.111965 -0.026731 
<Inverted_Deviation>
0.005806 0.015768 0.057247 0.025721 0.059142 0.070711 0.070711 0.070711 0.070711 
<LogVarVal> 34.395210
<Mixture> 1 <Weight> 0.499111
<Mean>
889.455444 14.253628 0.971701 -2.338183 0.211815 0.084026 -0.521313 0.059346 0.007326 
<Inverted_Deviation>
0.005544 0.017506 0.070711 0.025884 0.064073 0.070711 0.070711 0.070711 0.070711 
<LogVarVal> 34.039211
<Mixture> 2 <Weight> 0.019048
<Mean>
1598.660767 38.573471 -2.212813 -2.408715 -0.300266 0.033668 -0.438629 -0.396941 0.018398 
<Inverted_Deviation>
0.007043 0.011022 0.020465 0.020077 0.029363 0.037862 0.064775 0.060547 0.069629 
<LogVarVal> 37.419716
<State> 2
<NumMixes> 3
<Mixture> 0 <Weight> 0.275134
<Mean>
1172.447144 23.251085 -13.458640 29.731218 -18.772202 0.329835 -24.673056 0.511165 2.289026 
<Inverted_Deviation>
0.004907 0.007330 0.016345 0.006062 0.012360 0.023346 0.012754 0.022107 0.033730 
<LogVarVal> 44.317467
<Mixture> 1 <Weight> 0.307341
<Mean>
406.682373 20.996090 8.963304 17.183973 9.164499 0.459629 28.523762 1.242936 -1.614548 
<Inverted_Deviation>
0.005616 0.009087 0.023906 0.005394 0.013694 0.030150 0.011549 0.024211 0.041898 
<LogVarVal> 43.137268
<Mixture> 2 <Weight> 0.417525
<Mean>
783.559204 33.703758 3.318300 25.205273 -1.141739 -1.777135 0.922660 -1.672406 -0.395451 
<Inverted_Deviation>
0.006909 0.007620 0.019554 0.005243 0.012910 0.025365 0.012137 0.020158 0.035137 
<LogVarVal> 43.877018
<State> 3
<NumMixes> 3
<Mixture> 0 <Weight> 0.488001
<Mean>
250.158081 1.291170 2.251374 12.491595 0.635208 0.032849 3.617076 0.355703 0.030103 
<Inverted_Deviation>
0.006569 0.020432 0.070711 0.010724 0.041567 0.070711 0.027648 0.069345 0.070711 
<LogVarVal> 35.987400
<Mixture> 1 <Weight> 0.370459
<Mean>
580.319824 12.093569 0.711225 7.998601 1.097728 0.314856 -3.419472 -0.179159 0.043265 
<Inverted_Deviation>
0.008480 0.018102 0.068428 0.011879 0.041896 0.070711 0.035314 0.070711 0.070711 
<LogVarVal> 35.511559
<Mixture> 2 <Weight> 0.141540
<Mean>
908.818909 20.809402 -2.356164 18.559036 0.357852 -0.230571 -6.931166 -0.161832 0.142343 
<Inverted_Deviation>
0.005789 0.013972 0.053486 0.010852 0.034666 0.070711 0.034655 0.068891 0.070711 
<LogVarVal> 36.723492
<State> 4
<NumMixes> 3
<Mixture> 0 <Weight> 0.104971
<Mean>
907.859314 1.432384 -1.857075 -0.071089 -0.434314 0.105139 -1.713258 -0.163843 0.016789 
<Inverted_Deviation>
0.008102 0.019511 0.070711 0.029608 0.070711 0.070711 0.070711 0.070711 0.070711 
<LogVarVal> 33.318298
<Mixture> 1 <Weight> 0.430495
<Mean>
666.555542 -1.170833 0.482601 1.858095 0.057107 -0.044350 -0.664233 -0.035638 0.022630 
<Inverted_Deviation>
0.012072 0.028407 0.070711 0.039065 0.070711 0.070711 0.070711 0.070711 0.070711 
<LogVarVal> 32.266785
<Mixture> 2 <Weight> 0.464534
<Mean>
457.752472 -2.113655 0.999027 2.992430 0.244172 0.056478 -0.761156 -0.074397 -0.064902 
<Inverted_Deviation>
0.009488 0.030840 0.070711 0.037315 0.070711 0.070711 0.070711 0.070711 0.070711 
<LogVarVal> 32.471294
<State> 5
<NumMixes> 3
<Mixture> 0 <Weight> 0.165146
<Mean>
1960.367676 -58.353165 -24.229736 -21.700136 -5.658676 -2.212359 -8.095670 -2.917407 1.347679 
<Inverted_Deviation>
0.002155 0.005595 0.010378 0.009421 0.013310 0.023948 0.019922 0.029759 0.037388 
<LogVarVal> 44.478092
<Mixture> 1 <Weight> 0.363898
<Mean>
1160.474487 -154.917816 -7.515779 -20.899189 -0.312010 3.253618 -10.434312 5.633438 -0.500543 
<Inverted_Deviation>
0.003060 0.003623 0.006854 0.005021 0.010487 0.013757 0.013016 0.019273 0.023850 
<LogVarVal> 47.708706
<Mixture> 2 <Weight> 0.470955
<Mean>
431.280914 -7.275113 16.778635 -5.074004 4.890574 -1.790695 13.300701 -3.546086 -0.160693 
<Inverted_Deviation>
0.003389 0.005485 0.009357 0.007024 0.013429 0.021512 0.014870 0.026344 0.035276 
<LogVarVal> 45.013157
<TransP>
-0.130399 -2.101647 -10000000000.000000 -10000000000.000000 -10000000000.000000 -10000000000.000000 
-10000000000.000000 -0.058502 -2.867799 -10000000000.000000 -10000000000.000000 -10000000000.000000 
-10000000000.000000 -10000000000.000000 -0.177457 -1.816445 -10000000000.000000 -10000000000.000000 
-10000000000.000000 -10000000000.000000 -10000000000.000000 -0.071786 -2.669742 -10000000000.000000 
-10000000000.000000 -10000000000.000000 -10000000000.000000 -10000000000.000000 -0.051414 -2.993444 
-10000000000.000000 -10000000000.000000 -10000000000.000000 -10000000000.000000 -10000000000.000000 0.000000 
<EndEmbeddedHMM>
<BeginEmbeddedHMM>
<NumStates> 3
<State> 0
<NumMixes> 3
<Mixture> 0 <Weight> 0.483701
<Mean>
1981.285767 22.516741 -15.910465 2.920919 -4.378712 3.132320 -13.280990 3.266095 0.742806 
<Inverted_Deviation>
0.002903 0.005564 0.012272 0.006920 0.010652 0.022712 0.014408 0.022657 0.032957 
<LogVarVal> 45.325230
<Mixture> 1 <Weight> 0.282845
<Mean>
323.054871 3.128876 25.977936 86.084160 14.619125 1.062042 33.825115 7.794197 -3.560664 
<Inverted_Deviation>
0.003135 0.004425 0.010791 0.004897 0.008261 0.015342 0.012306 0.016084 0.020639 
<LogVarVal> 47.566742
<Mixture> 2 <Weight> 0.233454
<Mean>
1120.466309 93.683472 1.525905 140.932037 -2.994602 -8.967733 -23.056166 -16.320976 3.102956 
<Inverted_Deviation>
0.002915 0.002832 0.008270 0.002868 0.006446 0.010923 0.009530 0.009433 0.014105 
<LogVarVal> 50.644566
<State> 1
<NumMixes> 3
<Mixture> 0 <Weight> 0.126638
<Mean>
1054.575562 27.849771 -3.157753 3.560730 2.002925 0.010637 -2.285458 -0.404565 -0.144723 
<Inverted_Deviation>
0.003488 0.018186 0.067337 0.021162 0.051870 0.070711 0.070711 0.070711 0.070711 
<LogVarVal> 34.925919
<Mixture> 1 <Weight> 0.276745
<Mean>
585.996277 18.363409 -0.843793 -1.311271 -0.888534 0.374306 -1.245584 -0.115762 -0.004386 
<Inverted_Deviation>
0.005613 0.014739 0.056441 0.014724 0.042551 0.070711 0.044786 0.070711 0.070711 
<LogVarVal> 35.854504
<Mixture> 2 <Weight> 0.596617
<Mean>
207.834366 4.353201 1.254924 5.116703 -0.614935 0.146762 1.848684 0.201396 -0.053781 
<Inverted_Deviation>
0.006736 0.023268 0.070521 0.015614 0.058532 0.070711 0.041381 0.070711 0.070711 
<LogVarVal> 34.694229
<State> 2
<NumMixes> 3
<Mixture> 0 <Weight> 0.290726
<Mean>
1373.269531 -150.441910 -29.676750 21.940554 9.969066 -3.034392 -18.387339 -0.290638 5.175060 
<Inverted_Deviation>
0.002778 0.002174 0.005871 0.003292 0.006536 0.008717 0.007348 0.011776 0.014526 
<LogVarVal> 51.382198
<Mixture> 1 <Weight> 0.135992
<Mean>
2274.217529 -21.394690 -41.660091 1.372675 5.964405 6.504379 -19.489624 -5.320422 1.011052 
<Inverted_Deviation>
0.002463 0.004327 0.008615 0.005901 0.006716 0.014466 0.012116 0.014031 0.019864 
<LogVarVal> 48.324936
<Mixture> 2 <Weight> 0.573282
<Mean>
349.126038 -37.641808 30.672853 20.386881 -5.228599 -1.166349 7.922918 1.042690 -2.567912 
<Inverted_Deviation>
0.003056 0.003985 0.007958 0.005389 0.007167 0.010656 0.010626 0.013056 0.017736 
<LogVarVal> 48.919205
<TransP>
-0.054122 -2.943452 -10000000000.000000 
-10000000000.000000 -0.024685 -3.713877 
-10000000000.000000 -10000000000.000000 0.000000 
<EndEmbeddedHMM>
