<NumSuperStates> 5
<NumStates> 3 6 6 6 3 
<NumMixtures> 3 3 3 3 3 3 3 3 3 3 3 3 3 3 3 3 3 3 3 3 3 3 3 3 
<VecSize> 9
<BeginExternalHMM>
<NumStates> 5
<TransP>
-0.071263 -2.676798 -10000000000.000000 -10000000000.000000 -10000000000.000000 
-10000000000.000000 -0.062975 -2.796343 -10000000000.000000 -10000000000.000000 
-10000000000.000000 -10000000000.000000 -0.084741 -2.510224 -10000000000.000000 
-10000000000.000000 -10000000000.000000 -10000000000.000000 -0.063904 -2.782158 
-10000000000.000000 -10000000000.000000 -10000000000.000000 -10000000000.000000 0.000000 
<EndExternalHMM>
<BeginEmbeddedHMM>
<NumStates> 3
<State> 0
<NumMixes> 3
<Mixture> 0 <Weight> 0.076984
<Mean>
651.744690 -3.798645 -7.556370 -68.596169 -2.608004 -0.860675 -4.643325 -0.434447 0.592781 
<Inverted_Deviation>
0.006088 0.011326 0.020983 0.022026 0.028616 0.041517 0.042301 0.056897 0.070711 
<LogVarVal> 37.827015
<Mixture> 1 <Weight> 0.805820
<Mean>
16.528648 -0.852632 4.186517 -5.627039 3.160319 -0.134445 1.775186 -0.153131 -0.109439 
<Inverted_Deviation>
0.020791 0.023106 0.051804 0.042065 0.066870 0.070711 0.070711 0.070711 0.070711 
<LogVarVal> 32.222641
<Mixture> 2 <Weight> 0.117196
<Mean>
331.179230 -3.294570 -2.601789 -75.598793 1.365592 0.721227 -3.086217 0.846255 0.268354 
<Inverted_Deviation>
0.007550 0.007068 0.016757 0.014099 0.028005 0.034385 0.040164 0.047020 0.064300 
<LogVarVal> 39.302055
<State> 1
<NumMixes> 3
<Mixture> 0 <Weight> 0.198479
<Mean>
881.915039 -4.366550 -1.116111 -44.837421 -0.852122 0.020682 -3.969538 0.315138 0.109180 
<Inverted_Deviation>
0.006802 0.038401 0.070711 0.031335 0.070711 0.070711 0.070711 0.070711 0.070711 
<LogVarVal> 32.759453
<Mixture> 1 <Weight> 0.418555
<Mean>
245.530502 -5.811599 -0.134901 -51.638088 0.394918 0.379730 -0.646837 0.094768 0.117893 
<Inverted_Deviation>
0.007769 0.020109 0.055140 0.034054 0.070294 0.070711 0.070711 0.070711 0.070711 
<LogVarVal> 33.444839
<Mixture> 2 <Weight> 0.382966
<Mean>
560.960510 -5.429436 -1.144615 -48.807659 0.100444 0.012763 -0.843199 -0.053382 -0.134157 
<Inverted_Deviation>
0.007609 0.024663 0.051171 0.031156 0.063415 0.070711 0.059787 0.070711 0.070711 
<LogVarVal> 33.695953
<State> 2
<NumMixes> 3
<Mixture> 0 <Weight> 0.638582
<Mean>
38.781647 10.499496 1.231226 -22.017673 -3.008138 -0.039114 3.952671 0.041872 -0.050893 
<Inverted_Deviation>
0.014316 0.036373 0.070711 0.030655 0.070711 0.070711 0.070711 0.070711 0.070711 
<LogVarVal> 32.091541
<Mixture> 1 <Weight> 0.203080
<Mean>
391.228638 32.286388 -1.052808 -20.528772 1.218001 -0.159681 -1.806443 -0.114183 -0.003882 
<Inverted_Deviation>
0.007380 0.040317 0.070711 0.042817 0.070711 0.070711 0.070711 0.070711 0.070711 
<LogVarVal> 32.317059
<Mixture> 2 <Weight> 0.158338
<Mean>
725.621765 24.189531 -0.729386 -10.949442 -0.492825 -0.411780 -3.053843 -0.368593 -0.003394 
<Inverted_Deviation>
0.006710 0.069897 0.070711 0.052280 0.070711 0.070711 0.070711 0.070711 0.070711 
<LogVarVal> 31.662317
<TransP>
-0.051293 -2.995732 -10000000000.000000 
-10000000000.000000 -0.029167 -3.549283 
-10000000000.000000 -10000000000.000000 0.000000 
<EndEmbeddedHMM>
<BeginEmbeddedHMM>
<NumStates> 6
<State> 0
<NumMixes> 3
<Mixture> 0 <Weight> 0.554473
<Mean>
40.306957 -4.186546 11.609566 -3.441584 -2.778342 -1.074582 1.577772 0.040093 -0.040051 
<Inverted_Deviation>
0.014791 0.014105 0.040227 0.056611 0.065229 0.070711 0.070711 0.070711 0.070711 
<LogVarVal> 33.037483
<Mixture> 1 <Weight> 0.311688
<Mean>
281.564148 -13.263444 -4.534975 -9.283300 0.693316 1.967142 0.597769 -0.183104 -0.127215 
<Inverted_Deviation>
0.010418 0.007061 0.025740 0.034846 0.063905 0.063299 0.070711 0.070711 0.070711 
<LogVarVal> 35.142929
<Mixture> 2 <Weight> 0.133838
<Mean>
543.191772 5.314185 -16.624292 -7.555530 0.816320 0.578556 -0.643969 0.348432 0.338527 
<Inverted_Deviation>
0.007894 0.008123 0.024431 0.032326 0.047945 0.070711 0.070711 0.070711 0.070711 
<LogVarVal> 35.584137
<State> 1
<NumMixes> 3
<Mixture> 0 <Weight> 0.569279
<Mean>
190.457764 -1.039646 1.584877 -0.431626 -0.765145 0.043403 12.079823 -0.639616 -0.179781 
<Inverted_Deviation>
0.010078 0.031222 0.070711 0.010555 0.041779 0.070711 0.023848 0.062858 0.070711 
<LogVarVal> 35.392239
<Mixture> 1 <Weight> 0.108467
<Mean>
694.737183 -28.965420 -1.630561 102.406593 4.840297 -1.090177 -30.326345 0.973563 2.074888 
<Inverted_Deviation>
0.006561 0.025054 0.070711 0.008467 0.025572 0.070711 0.017290 0.037716 0.070711 
<LogVarVal> 37.585327
<Mixture> 2 <Weight> 0.322253
<Mean>
426.913513 -10.371745 0.215534 45.107334 -4.195405 -0.161440 -0.897371 1.327092 -0.016551 
<Inverted_Deviation>
0.009468 0.019718 0.064864 0.007027 0.025853 0.063924 0.016352 0.036639 0.070711 
<LogVarVal> 37.905411
<State> 2
<NumMixes> 3
<Mixture> 0 <Weight> 0.201683
<Mean>
364.364838 -10.246954 5.074800 13.734897 1.589791 -1.055356 1.863950 0.442115 -0.191934 
<Inverted_Deviation>
0.007758 0.012497 0.039390 0.026310 0.054595 0.070711 0.070711 0.070711 0.070711 
<LogVarVal> 34.769051
<Mixture> 1 <Weight> 0.414900
<Mean>
994.895569 -0.623620 -3.048069 7.093708 0.066169 0.286173 -4.722661 -0.116207 -0.108164 
<Inverted_Deviation>
0.006645 0.025042 0.070711 0.022973 0.070711 0.070711 0.070711 0.070711 0.070711 
<LogVarVal> 33.520729
<Mixture> 2 <Weight> 0.383416
<Mean>
688.448364 -7.804897 -3.094889 8.332302 -0.128178 0.159394 -2.559696 -0.002497 -0.181685 
<Inverted_Deviation>
0.008343 0.012573 0.045727 0.018094 0.051720 0.070711 0.067930 0.070711 0.070711 
<LogVarVal> 35.009708
<State> 3
<NumMixes> 3
<Mixture> 0 <Weight> 0.392075
<Mean>
572.733582 35.651001 1.704650 37.228638 4.063313 0.209348 -4.709427 -4.655270 1.147272 
<Inverted_Deviation>
0.009155 0.021235 0.047952 0.006669 0.024214 0.055367 0.024047 0.038451 0.070711 
<LogVarVal> 37.994427
<Mixture> 1 <Weight> 0.232534
<Mean>
857.546143 23.518707 -1.184339 94.299721 -7.096543 -0.808407 -20.708721 0.319613 0.664166 
<Inverted_Deviation>
0.007673 0.034396 0.070711 0.010284 0.033061 0.070711 0.020890 0.046052 0.070711 
<LogVarVal> 36.271675
<Mixture> 2 <Weight> 0.375391
<Mean>
283.104492 27.315443 3.808219 -23.585281 -0.933628 0.435276 16.654226 -3.124921 -0.196037 
<Inverted_Deviation>
0.007286 0.020869 0.042246 0.011495 0.025810 0.047246 0.026752 0.039200 0.065059 
<LogVarVal> 37.874744
<State> 4
<NumMixes> 3
<Mixture> 0 <Weight> 0.385372
<Mean>
452.262939 -10.268947 -0.237882 75.796974 3.843235 -1.608432 3.911772 5.591929 -0.523283 
<Inverted_Deviation>
0.008904 0.021393 0.063646 0.004688 0.018945 0.057109 0.008184 0.023348 0.059706 
<LogVarVal> 40.044479
<Mixture> 1 <Weight> 0.162876
<Mean>
693.468750 -2.954333 -3.331220 -20.443975 5.254804 2.126800 -50.361286 -6.369071 2.457505 
<Inverted_Deviation>
0.007388 0.020240 0.065302 0.004348 0.014770 0.048965 0.006282 0.018636 0.049164 
<LogVarVal> 41.423111
<Mixture> 2 <Weight> 0.451752
<Mean>
238.603027 -11.839901 2.198478 -25.455355 -3.812623 0.409154 26.174320 0.926892 -0.776983 
<Inverted_Deviation>
0.007358 0.028377 0.070711 0.006568 0.027614 0.070711 0.013178 0.034277 0.070711 
<LogVarVal> 37.890301
<State> 5
<NumMixes> 3
<Mixture> 0 <Weight> 0.293091
<Mean>
262.706421 20.807508 -0.564554 -9.912171 0.271596 0.148732 1.345765 -0.121532 -0.008642 
<Inverted_Deviation>
0.008321 0.020865 0.070711 0.032349 0.070711 0.070711 0.070711 0.070711 0.070711 
<LogVarVal> 33.136108
<Mixture> 1 <Weight> 0.436121
<Mean>
470.968262 9.110091 -1.610640 -5.879445 1.605093 0.146601 -0.291180 -0.153479 -0.008858 
<Inverted_Deviation>
0.011253 0.025290 0.070711 0.024475 0.065756 0.070711 0.070711 0.070711 0.070711 
<LogVarVal> 32.993450
<Mixture> 2 <Weight> 0.270788
<Mean>
714.051147 6.505204 -1.306374 3.671145 1.669636 -0.019220 -2.949407 0.045835 -0.027394 
<Inverted_Deviation>
0.009361 0.032463 0.070711 0.026084 0.070711 0.070711 0.070711 0.070711 0.070711 
<LogVarVal> 32.791557
<TransP>
-0.079953 -2.566032 -10000000000.000000 -10000000000.000000 -10000000000.000000 -10000000000.000000 
-10000000000.000000 -0.077451 -2.596585 -10000000000.000000 -10000000000.000000 -10000000000.000000 
-10000000000.000000 -10000000000.000000 -0.068703 -2.712111 -10000000000.000000 -10000000000.000000 
-10000000000.000000 -10000000000.000000 -10000000000.000000 -0.251165 -1.504599 -10000000000.000000 
-10000000000.000000 -10000000000.000000 -10000000000.000000 -10000000000.000000 -0.140315 -2.033201 
-10000000000.000000 -10000000000.000000 -10000000000.000000 -10000000000.000000 -10000000000.000000 0.000000 
<EndEmbeddedHMM>
<BeginEmbeddedHMM>
<NumStates> 6
<State> 0
<NumMixes> 3
<Mixture> 0 <Weight> 0.333523
<Mean>
390.258057 -24.484207 -8.884556 8.716354 -0.316991 -1.737526 -0.495460 0.974133 0.280153 
<Inverted_Deviation>
0.008840 0.004883 0.015599 0.020600 0.043317 0.043521 0.070711 0.070711 0.070711 
<LogVarVal> 37.466061
<Mixture> 1 <Weight> 0.131474
<Mean>
643.850708 7.691244 -35.373333 -0.512231 3.653466 1.502323 -1.427746 -0.323835 0.215707 
<Inverted_Deviation>
0.006705 0.005421 0.014949 0.024619 0.038673 0.048276 0.070711 0.070711 0.070711 
<LogVarVal> 37.511913
<Mixture> 2 <Weight> 0.535003
<Mean>
95.915474 6.147558 20.800724 2.560068 -4.016396 0.449068 0.433547 0.045122 -0.215856 
<Inverted_Deviation>
0.009259 0.008749 0.029131 0.040962 0.055667 0.070711 0.070711 0.070711 0.070711 
<LogVarVal> 34.788326
<State> 1
<NumMixes> 3
<Mixture> 0 <Weight> 0.176075
<Mean>
407.405762 10.906841 2.765215 -35.146328 2.477333 -0.709672 2.974869 -3.819790 0.309945 
<Inverted_Deviation>
0.009513 0.022822 0.057473 0.009678 0.028542 0.060752 0.016553 0.040018 0.070711 
<LogVarVal> 37.406841
<Mixture> 1 <Weight> 0.357527
<Mean>
827.257019 -8.497217 -2.068900 18.741554 -0.238100 0.317283 -4.760487 -0.115921 -0.059557 
<Inverted_Deviation>
0.012912 0.028304 0.070711 0.019299 0.060201 0.070711 0.059134 0.070711 0.070711 
<LogVarVal> 33.247971
<Mixture> 2 <Weight> 0.466398
<Mean>
646.335205 -8.074575 -0.407258 13.886068 2.216108 -0.677850 -3.847678 -0.198379 0.161783 
<Inverted_Deviation>
0.011382 0.020761 0.061444 0.012845 0.035513 0.070711 0.041197 0.066396 0.070711 
<LogVarVal> 35.183746
<State> 2
<NumMixes> 3
<Mixture> 0 <Weight> 0.114811
<Mean>
537.290466 -50.204029 6.206371 -112.967499 17.576097 7.373755 23.071838 16.213423 -4.852142 
<Inverted_Deviation>
0.006807 0.016532 0.038154 0.008849 0.014948 0.032382 0.016679 0.020145 0.037186 
<LogVarVal> 41.160618
<Mixture> 1 <Weight> 0.478186
<Mean>
1077.014771 -7.424371 -6.344848 0.057698 -1.345157 -0.359544 -4.329988 0.005596 0.049441 
<Inverted_Deviation>
0.007539 0.013941 0.034327 0.021935 0.045846 0.070711 0.070711 0.070711 0.070711 
<LogVarVal> 35.182465
<Mixture> 2 <Weight> 0.407003
<Mean>
824.427307 -19.227732 2.198645 -23.458300 -3.457156 -0.852901 -4.897389 -0.359360 0.127338 
<Inverted_Deviation>
0.009317 0.014406 0.039044 0.013470 0.024895 0.052013 0.034168 0.038172 0.063781 
<LogVarVal> 37.661469
<State> 3
<NumMixes> 3
<Mixture> 0 <Weight> 0.323602
<Mean>
453.416199 4.762873 6.962306 -126.339279 -5.108119 2.103511 19.649582 -2.453669 -2.086433 
<Inverted_Deviation>
0.004874 0.011025 0.021704 0.006592 0.016661 0.031331 0.009761 0.023028 0.043152 
<LogVarVal> 42.936142
<Mixture> 1 <Weight> 0.401863
<Mean>
756.878235 7.683250 -0.462595 -52.972206 0.424054 1.153023 -16.487743 -2.377027 1.798488 
<Inverted_Deviation>
0.009978 0.011908 0.028458 0.006575 0.017358 0.040071 0.013108 0.026184 0.053334 
<LogVarVal> 40.952042
<Mixture> 2 <Weight> 0.274534
<Mean>
1010.242126 13.577138 -3.458308 -24.622135 4.806663 -0.999245 -15.230507 0.297406 0.425002 
<Inverted_Deviation>
0.007498 0.011994 0.032172 0.009168 0.022619 0.050429 0.021739 0.035699 0.070611 
<LogVarVal> 39.184372
<State> 4
<NumMixes> 3
<Mixture> 0 <Weight> 0.417605
<Mean>
1053.239868 -0.386614 -1.626419 8.881299 1.081840 0.059129 -6.221633 -0.261367 0.100007 
<Inverted_Deviation>
0.007552 0.028734 0.070711 0.018792 0.064571 0.070711 0.059795 0.070711 0.070711 
<LogVarVal> 33.714725
<Mixture> 1 <Weight> 0.116395
<Mean>
542.701782 -14.993390 2.343804 -17.656391 -2.803350 -0.988815 1.784653 2.138823 0.375934 
<Inverted_Deviation>
0.009720 0.024443 0.059692 0.011290 0.028950 0.064067 0.019060 0.048073 0.070711 
<LogVarVal> 36.733067
<Mixture> 2 <Weight> 0.465999
<Mean>
807.177124 -7.418835 0.036455 10.445904 -1.143491 -0.439419 -1.316220 1.082559 0.160262 
<Inverted_Deviation>
0.009403 0.026794 0.070134 0.013519 0.044651 0.070711 0.036859 0.068099 0.070711 
<LogVarVal> 34.793289
<State> 5
<NumMixes> 3
<Mixture> 0 <Weight> 0.372297
<Mean>
620.374207 43.997463 -1.191132 10.776627 -1.257067 -0.106538 -0.980241 -0.314790 0.034383 
<Inverted_Deviation>
0.009832 0.038389 0.068778 0.031700 0.070711 0.070711 0.070711 0.070711 0.070711 
<LogVarVal> 32.407532
<Mixture> 1 <Weight> 0.375901
<Mean>
860.432373 31.671566 -2.088562 7.790194 -1.631198 -0.097355 -2.378846 -0.336062 -0.080275 
<Inverted_Deviation>
0.009562 0.047755 0.070711 0.033803 0.070711 0.070711 0.070711 0.070711 0.070711 
<LogVarVal> 32.125015
<Mixture> 2 <Weight> 0.251802
<Mean>
358.809509 44.669533 0.800189 12.134142 0.996201 -0.312898 0.721099 -0.014667 -0.086678 
<Inverted_Deviation>
0.008208 0.045487 0.066480 0.045208 0.070711 0.070711 0.070711 0.070711 0.070711 
<LogVarVal> 32.097363
<TransP>
-0.095481 -2.396189 -10000000000.000000 -10000000000.000000 -10000000000.000000 -10000000000.000000 
-10000000000.000000 -0.074384 -2.635479 -10000000000.000000 -10000000000.000000 -10000000000.000000 
-10000000000.000000 -10000000000.000000 -0.096344 -2.387615 -10000000000.000000 -10000000000.000000 
-10000000000.000000 -10000000000.000000 -10000000000.000000 -0.104671 -2.308816 -10000000000.000000 
-10000000000.000000 -10000000000.000000 -10000000000.000000 -10000000000.000000 -0.069082 -2.706799 
-10000000000.000000 -10000000000.000000 -10000000000.000000 -10000000000.000000 -10000000000.000000 0.000000 
<EndEmbeddedHMM>
<BeginEmbeddedHMM>
<NumStates> 6
<State> 0
<NumMixes> 3
<Mixture> 0 <Weight> 0.091075
<Mean>
538.723633 128.950516 -42.220249 3.772230 3.484359 0.056822 -7.071355 -2.907293 0.351702 
<Inverted_Deviation>
0.005876 0.008041 0.016200 0.017164 0.036318 0.062421 0.024737 0.053809 0.070711 
<LogVarVal> 38.659218
<Mixture> 1 <Weight> 0.783242
<Mean>
46.842018 -9.256946 5.350400 8.203422 -1.638904 0.426413 1.975528 0.269068 -0.067968 
<Inverted_Deviation>
0.014173 0.023857 0.059735 0.028817 0.070711 0.070711 0.065847 0.070711 0.070711 
<LogVarVal> 32.825073
<Mixture> 2 <Weight> 0.125683
<Mean>
240.302536 127.502327 32.030773 32.848225 10.780215 -1.241736 -5.285670 -0.298868 -0.085067 
<Inverted_Deviation>
0.009502 0.008452 0.013596 0.009786 0.022827 0.045079 0.026325 0.043922 0.070711 
<LogVarVal> 39.796440
<State> 1
<NumMixes> 3
<Mixture> 0 <Weight> 0.337892
<Mean>
530.585510 -24.770800 -0.442581 6.761665 1.877365 -0.166558 1.162016 0.106047 -0.203593 
<Inverted_Deviation>
0.011661 0.010378 0.025078 0.017645 0.030449 0.043447 0.066216 0.070711 0.070711 
<LogVarVal> 36.535027
<Mixture> 1 <Weight> 0.475288
<Mean>
311.960999 -28.950830 2.184589 9.182064 -1.486325 -0.074632 2.432230 0.036950 -0.145642 
<Inverted_Deviation>
0.009838 0.016547 0.033884 0.023978 0.046058 0.070711 0.070711 0.070711 0.070711 
<LogVarVal> 34.664291
<Mixture> 2 <Weight> 0.186820
<Mean>
751.069641 -16.656307 -14.238458 -0.099930 6.263612 -0.602183 -6.659972 -0.026253 0.883212 
<Inverted_Deviation>
0.011303 0.011663 0.026742 0.016918 0.026901 0.045594 0.056739 0.063431 0.070711 
<LogVarVal> 36.766014
<State> 2
<NumMixes> 3
<Mixture> 0 <Weight> 0.375900
<Mean>
396.355682 -1.925797 4.180457 11.724586 -1.141522 -0.833892 16.787012 0.806736 -0.642436 
<Inverted_Deviation>
0.011601 0.022100 0.064357 0.006993 0.025260 0.066044 0.015447 0.032970 0.070711 
<LogVarVal> 37.753922
<Mixture> 1 <Weight> 0.457033
<Mean>
576.871521 2.040461 -0.824756 37.103214 0.840755 -0.000699 -18.144131 -2.741043 1.008409 
<Inverted_Deviation>
0.012307 0.016694 0.047741 0.006004 0.021532 0.052136 0.014338 0.030910 0.065683 
<LogVarVal> 39.035347
<Mixture> 2 <Weight> 0.167067
<Mean>
783.330383 2.268509 -5.765259 41.534130 9.330793 -0.028263 -46.314522 4.262687 0.946989 
<Inverted_Deviation>
0.009298 0.022117 0.058004 0.005866 0.023181 0.063313 0.015368 0.035402 0.070711 
<LogVarVal> 38.316132
<State> 3
<NumMixes> 3
<Mixture> 0 <Weight> 0.413903
<Mean>
671.165527 -20.911777 1.125256 -127.687225 -3.316415 5.228080 -0.892500 3.003276 -0.488279 
<Inverted_Deviation>
0.010492 0.012683 0.030296 0.007090 0.018923 0.043076 0.008200 0.020586 0.045265 
<LogVarVal> 41.415829
<Mixture> 1 <Weight> 0.277423
<Mean>
493.907257 -12.956278 7.717895 -11.365974 9.039231 -1.541752 114.879776 -0.545000 -3.923169 
<Inverted_Deviation>
0.009254 0.016445 0.032616 0.005669 0.019965 0.044373 0.010049 0.021983 0.052959 
<LogVarVal> 40.922237
<Mixture> 2 <Weight> 0.308673
<Mean>
877.380798 -13.822246 -6.890924 -75.508919 -7.778000 -0.967657 -32.767578 -3.051065 2.597840 
<Inverted_Deviation>
0.010489 0.017512 0.038097 0.008548 0.018905 0.046245 0.012126 0.024973 0.053559 
<LogVarVal> 39.854664
<State> 4
<NumMixes> 3
<Mixture> 0 <Weight> 0.328433
<Mean>
779.177979 11.153136 -2.534804 -3.284514 -1.217756 0.710691 1.617695 -0.675651 0.138480 
<Inverted_Deviation>
0.014086 0.015254 0.042487 0.014846 0.034643 0.066906 0.044668 0.060266 0.070711 
<LogVarVal> 35.599083
<Mixture> 1 <Weight> 0.230995
<Mean>
606.795593 10.892181 9.526640 12.124129 1.685516 -1.948335 2.237131 0.266834 -0.420123 
<Inverted_Deviation>
0.012950 0.013682 0.027453 0.018330 0.028966 0.044652 0.046108 0.058700 0.070711 
<LogVarVal> 36.595860
<Mixture> 2 <Weight> 0.440571
<Mean>
943.993286 4.150057 -3.456196 -6.711885 -1.809424 -0.654487 -5.046755 0.037908 -0.167495 
<Inverted_Deviation>
0.011713 0.026601 0.070711 0.021421 0.049146 0.070711 0.050176 0.070711 0.070711 
<LogVarVal> 33.670311
<State> 5
<NumMixes> 3
<Mixture> 0 <Weight> 0.371686
<Mean>
758.457031 5.681133 -1.926411 -2.172580 -0.028488 0.087839 -0.679688 0.173621 0.088394 
<Inverted_Deviation>
0.010658 0.031414 0.070711 0.035713 0.070711 0.070711 0.070711 0.070711 0.070711 
<LogVarVal> 32.380428
<Mixture> 1 <Weight> 0.444273
<Mean>
552.024658 16.608259 -1.906765 -0.747768 0.895795 0.136187 0.081679 0.066630 0.088875 
<Inverted_Deviation>
0.010902 0.021051 0.066485 0.036484 0.070711 0.070711 0.070711 0.070711 0.070711 
<LogVarVal> 32.798355
<Mixture> 2 <Weight> 0.184041
<Mean>
289.657074 57.326118 1.364589 -0.513863 0.347219 -0.625219 1.118637 -0.434947 -0.085573 
<Inverted_Deviation>
0.007642 0.019361 0.048560 0.041455 0.044493 0.070711 0.070711 0.070711 0.070711 
<LogVarVal> 33.887009
<TransP>
-0.100515 -2.347285 -10000000000.000000 -10000000000.000000 -10000000000.000000 -10000000000.000000 
-10000000000.000000 -0.067506 -2.729097 -10000000000.000000 -10000000000.000000 -10000000000.000000 
-10000000000.000000 -10000000000.000000 -0.106268 -2.294457 -10000000000.000000 -10000000000.000000 
-10000000000.000000 -10000000000.000000 -10000000000.000000 -0.143788 -2.010449 -10000000000.000000 
-10000000000.000000 -10000000000.000000 -10000000000.000000 -10000000000.000000 -0.092333 -2.428168 
-10000000000.000000 -10000000000.000000 -10000000000.000000 -10000000000.000000 -10000000000.000000 0.000000 
<EndEmbeddedHMM>
<BeginEmbeddedHMM>
<NumStates> 3
<State> 0
<NumMixes> 3
<Mixture> 0 <Weight> 0.056284
<Mean>
651.657593 -110.759926 -21.769869 60.201771 16.197712 -9.711373 -4.199285 5.183081 2.322222 
<Inverted_Deviation>
0.005601 0.010731 0.013883 0.018054 0.017238 0.021603 0.052891 0.045734 0.050590 
<LogVarVal> 40.066151
<Mixture> 1 <Weight> 0.807536
<Mean>
8.543585 -5.839484 2.069725 3.567350 -1.742738 0.167835 1.019181 -0.176436 -0.103141 
<Inverted_Deviation>
0.025664 0.036150 0.070711 0.055271 0.070711 0.070711 0.070711 0.070711 0.070711 
<LogVarVal> 30.924492
<Mixture> 2 <Weight> 0.136179
<Mean>
307.658203 -78.973434 2.918221 42.524040 -2.004011 -0.628696 1.801538 0.847874 0.058003 
<Inverted_Deviation>
0.007302 0.009931 0.019942 0.018829 0.023944 0.038481 0.064722 0.060577 0.070711 
<LogVarVal> 37.750481
<State> 1
<NumMixes> 3
<Mixture> 0 <Weight> 0.421123
<Mean>
801.455139 2.685388 -1.644617 24.303371 1.491945 0.075348 -0.924817 0.008703 0.075246 
<Inverted_Deviation>
0.007990 0.017225 0.044348 0.015245 0.043066 0.070711 0.040264 0.070711 0.070711 
<LogVarVal> 35.646172
<Mixture> 1 <Weight> 0.222930
<Mean>
502.518433 -3.939311 6.766694 22.629688 3.050237 -0.419995 7.508748 -1.059307 -1.201650 
<Inverted_Deviation>
0.005188 0.008286 0.016473 0.010458 0.013759 0.023047 0.024153 0.032612 0.045031 
<LogVarVal> 42.175400
<Mixture> 2 <Weight> 0.355947
<Mean>
1104.407471 0.321034 -1.621535 2.979998 0.073528 0.245633 -5.366691 -0.229119 0.021413 
<Inverted_Deviation>
0.006443 0.027459 0.070711 0.014893 0.062986 0.070711 0.043285 0.070711 0.070711 
<LogVarVal> 34.499496
<State> 2
<NumMixes> 3
<Mixture> 0 <Weight> 0.750632
<Mean>
417.290802 -1.491824 7.685904 -2.475134 9.701089 2.537397 2.890140 0.790919 -0.772359 
<Inverted_Deviation>
0.006138 0.008081 0.017343 0.014609 0.020561 0.025883 0.054815 0.055967 0.070711 
<LogVarVal> 39.317959
<Mixture> 1 <Weight> 0.180071
<Mean>
855.794006 -50.380260 -68.839569 -44.728519 -48.619419 4.397300 -5.555185 2.170051 5.953248 
<Inverted_Deviation>
0.005272 0.004227 0.010814 0.011663 0.015061 0.014047 0.038377 0.031242 0.032064 
<LogVarVal> 43.468239
<Mixture> 2 <Weight> 0.069297
<Mean>
482.799255 324.630981 -32.753006 17.849447 -15.601867 -17.070740 -2.477011 -2.626313 2.576774 
<Inverted_Deviation>
0.004378 0.009183 0.005422 0.019659 0.019722 0.024037 0.047826 0.044237 0.046123 
<LogVarVal> 41.308445
<TransP>
-0.043130 -3.165022 -10000000000.000000 
-10000000000.000000 -0.026568 -3.641296 
-10000000000.000000 -10000000000.000000 0.000000 
<EndEmbeddedHMM>
