<NumSuperStates> 5
<NumStates> 3 6 6 6 3 
<NumMixtures> 3 3 3 3 3 3 3 3 3 3 3 3 3 3 3 3 3 3 3 3 3 3 3 3 
<VecSize> 9
<BeginExternalHMM>
<NumStates> 5
<TransP>
-0.080043 -2.564949 -10000000000.000000 -10000000000.000000 -10000000000.000000 
-10000000000.000000 -0.068054 -2.721295 -10000000000.000000 -10000000000.000000 
-10000000000.000000 -10000000000.000000 -0.052644 -2.970414 -10000000000.000000 
-10000000000.000000 -10000000000.000000 -10000000000.000000 -0.069959 -2.694627 
-10000000000.000000 -10000000000.000000 -10000000000.000000 -10000000000.000000 0.000000 
<EndExternalHMM>
<BeginEmbeddedHMM>
<NumStates> 3
<State> 0
<NumMixes> 3
<Mixture> 0 <Weight> 0.607021
<Mean>
122.295349 -20.475336 3.626300 -32.846401 4.816084 0.374943 1.959279 0.091008 -0.109995 
<Inverted_Deviation>
0.004888 0.012945 0.033161 0.019238 0.039257 0.051252 0.070711 0.070711 0.070711 
<LogVarVal> 36.332558
<Mixture> 1 <Weight> 0.297416
<Mean>
774.230774 26.589958 10.524964 -58.235840 -7.568460 -0.823559 -1.661094 0.862080 -0.358262 
<Inverted_Deviation>
0.002131 0.003555 0.009417 0.008432 0.016170 0.025613 0.025727 0.038483 0.048448 
<LogVarVal> 44.117332
<Mixture> 2 <Weight> 0.095563
<Mean>
2726.809814 113.047806 -43.303745 -15.908815 11.594126 0.291792 -1.834547 -0.666584 2.104892 
<Inverted_Deviation>
0.002758 0.002925 0.007726 0.009983 0.013636 0.017046 0.041074 0.037686 0.035749 
<LogVarVal> 44.517761
<State> 1
<NumMixes> 3
<Mixture> 0 <Weight> 0.385955
<Mean>
338.036316 9.892484 0.871707 -30.581354 -0.560303 0.104259 1.370736 0.211673 -0.025010 
<Inverted_Deviation>
0.012032 0.031363 0.070711 0.030342 0.067200 0.070711 0.070711 0.070711 0.070711 
<LogVarVal> 32.474728
<Mixture> 1 <Weight> 0.380512
<Mean>
556.329224 6.296567 -1.024251 -38.428528 -1.718873 -0.238626 0.444838 -0.177887 -0.014849 
<Inverted_Deviation>
0.009983 0.022551 0.060310 0.018876 0.049307 0.070711 0.060274 0.070711 0.070711 
<LogVarVal> 34.094296
<Mixture> 2 <Weight> 0.233533
<Mean>
808.482666 5.536931 -1.879158 -52.327923 -0.435988 0.063726 -4.180948 0.058000 0.024618 
<Inverted_Deviation>
0.007887 0.022465 0.059691 0.016423 0.052610 0.070711 0.059451 0.070711 0.070711 
<LogVarVal> 34.432140
<State> 2
<NumMixes> 3
<Mixture> 0 <Weight> 0.449668
<Mean>
192.548569 8.615380 0.509975 -12.517962 -0.004072 0.047682 0.110425 -0.281934 0.099958 
<Inverted_Deviation>
0.014980 0.026463 0.063586 0.026515 0.064529 0.070711 0.070711 0.070711 0.070711 
<LogVarVal> 32.706978
<Mixture> 1 <Weight> 0.519522
<Mean>
26.270231 4.027808 1.210022 -5.267899 -0.507533 0.037508 1.381266 -0.061646 -0.068468 
<Inverted_Deviation>
0.020999 0.054733 0.070711 0.051830 0.070711 0.070711 0.070711 0.070711 0.070711 
<LogVarVal> 30.774616
<Mixture> 2 <Weight> 0.030810
<Mean>
499.637970 4.848861 -1.671661 1.775685 -11.100088 -1.091886 -11.236603 -1.818139 0.053063 
<Inverted_Deviation>
0.005458 0.005709 0.018725 0.009263 0.018517 0.032800 0.027684 0.037624 0.051755 
<LogVarVal> 41.422028
<TransP>
-0.065482 -2.758548 -10000000000.000000 
-10000000000.000000 -0.036025 -3.341502 
-10000000000.000000 -10000000000.000000 0.000000 
<EndEmbeddedHMM>
<BeginEmbeddedHMM>
<NumStates> 6
<State> 0
<NumMixes> 3
<Mixture> 0 <Weight> 0.615385
<Mean>
168.651749 -56.873013 24.218355 -18.895039 -2.810500 -0.713222 5.347479 1.589417 -0.846099 
<Inverted_Deviation>
0.004101 0.005176 0.011577 0.010901 0.016357 0.029984 0.028229 0.035657 0.054774 
<LogVarVal> 42.315269
<Mixture> 1 <Weight> 0.268789
<Mean>
776.612488 -52.214470 -3.902945 -51.069473 8.463051 3.933929 -5.166828 -1.013114 0.942921 
<Inverted_Deviation>
0.002798 0.002689 0.005924 0.006319 0.009172 0.015364 0.012725 0.015891 0.023462 
<LogVarVal> 48.267467
<Mixture> 2 <Weight> 0.115827
<Mean>
1962.986816 102.471329 -27.483883 48.735405 14.914108 2.177708 -5.675601 -5.509630 2.803383 
<Inverted_Deviation>
0.001740 0.002266 0.005483 0.002570 0.007088 0.011570 0.004543 0.011571 0.017566 
<LogVarVal> 52.068790
<State> 1
<NumMixes> 3
<Mixture> 0 <Weight> 0.506401
<Mean>
638.119141 -13.609249 0.099777 2.992830 -2.587290 -0.255280 23.601223 -1.013142 -0.726403 
<Inverted_Deviation>
0.006948 0.014049 0.036717 0.006123 0.022553 0.046233 0.014090 0.034491 0.057492 
<LogVarVal> 40.137470
<Mixture> 1 <Weight> 0.138691
<Mean>
1625.506592 33.532898 -16.553598 -29.239176 -11.408845 -1.154750 -6.581975 -0.276595 0.367527 
<Inverted_Deviation>
0.003994 0.006208 0.024295 0.011575 0.022686 0.051977 0.036914 0.055452 0.070711 
<LogVarVal> 39.516045
<Mixture> 2 <Weight> 0.354908
<Mean>
938.889160 -14.894884 -4.468676 -67.608406 1.280103 -0.118028 -15.996340 0.428877 0.704567 
<Inverted_Deviation>
0.005702 0.009197 0.030759 0.006470 0.023705 0.053232 0.013985 0.031306 0.062225 
<LogVarVal> 40.715179
<State> 2
<NumMixes> 3
<Mixture> 0 <Weight> 0.130198
<Mean>
563.566223 17.668398 18.727556 20.348959 9.959100 -2.704533 31.964039 -0.892075 -3.700487 
<Inverted_Deviation>
0.005203 0.005486 0.011898 0.004761 0.010969 0.017392 0.009343 0.016110 0.024942 
<LogVarVal> 46.451126
<Mixture> 1 <Weight> 0.276755
<Mean>
908.750305 -6.676584 -5.700596 -1.882204 -1.986030 1.377885 -11.977399 0.214502 1.941696 
<Inverted_Deviation>
0.009507 0.008333 0.020690 0.007188 0.018192 0.030462 0.018102 0.031843 0.044966 
<LogVarVal> 41.466530
<Mixture> 2 <Weight> 0.593047
<Mean>
1134.659424 2.345961 -4.980677 -14.000294 -1.303608 0.006534 -6.321076 0.058684 -0.048739 
<Inverted_Deviation>
0.008625 0.018273 0.054071 0.018243 0.046327 0.070711 0.044710 0.070711 0.070711 
<LogVarVal> 34.955154
<State> 3
<NumMixes> 3
<Mixture> 0 <Weight> 0.343935
<Mean>
620.808777 26.715752 1.527277 7.341846 1.873053 -0.955230 -6.315660 -1.612364 -0.299076 
<Inverted_Deviation>
0.009978 0.009777 0.037239 0.008597 0.023274 0.044143 0.021499 0.041055 0.064536 
<LogVarVal> 39.087006
<Mixture> 1 <Weight> 0.460377
<Mean>
822.626892 28.217735 -3.619082 -1.837861 -1.424861 0.234416 -7.075933 0.998185 0.356787 
<Inverted_Deviation>
0.010008 0.015025 0.056181 0.016938 0.037730 0.070711 0.044265 0.070711 0.070711 
<LogVarVal> 35.253395
<Mixture> 2 <Weight> 0.195687
<Mean>
335.581146 25.469469 12.254683 -42.034039 5.103697 0.796012 18.762516 1.247869 -0.323871 
<Inverted_Deviation>
0.006860 0.009292 0.024767 0.005780 0.018061 0.034180 0.014524 0.027857 0.046696 
<LogVarVal> 41.930412
<State> 4
<NumMixes> 3
<Mixture> 0 <Weight> 0.284742
<Mean>
237.042953 4.279588 2.455950 -11.762565 2.334799 0.289409 11.650778 0.476570 -0.252416 
<Inverted_Deviation>
0.009730 0.022676 0.070711 0.010524 0.039412 0.070711 0.028049 0.070711 0.070711 
<LogVarVal> 35.528423
<Mixture> 1 <Weight> 0.281538
<Mean>
630.252197 10.266561 -1.920769 -16.378193 -0.156511 -0.172737 -5.540198 -0.129159 -0.020896 
<Inverted_Deviation>
0.011641 0.025138 0.070711 0.016912 0.059115 0.070711 0.060663 0.070711 0.070711 
<LogVarVal> 33.594982
<Mixture> 2 <Weight> 0.433720
<Mean>
425.363892 6.466149 0.613082 -17.712805 -0.836727 -0.311336 -3.780306 -0.194994 0.000074 
<Inverted_Deviation>
0.012728 0.020699 0.070711 0.014741 0.058051 0.070711 0.050596 0.070711 0.070711 
<LogVarVal> 34.036949
<State> 5
<NumMixes> 3
<Mixture> 0 <Weight> 0.322074
<Mean>
8.225203 -0.076668 3.010706 -3.187699 -0.736303 -1.289560 1.828655 0.568888 0.392957 
<Inverted_Deviation>
0.058936 0.061982 0.070711 0.070711 0.070711 0.070711 0.070711 0.070711 0.070711 
<LogVarVal> 29.307625
<Mixture> 1 <Weight> 0.361351
<Mean>
123.279327 21.613527 13.668218 -26.404722 -4.526058 0.042712 1.742303 -0.534386 -0.702961 
<Inverted_Deviation>
0.013763 0.011420 0.021314 0.028288 0.037494 0.054730 0.068626 0.070711 0.070711 
<LogVarVal> 35.489483
<Mixture> 2 <Weight> 0.316575
<Mean>
329.513733 35.663120 -14.473745 -24.355669 4.619451 1.572735 0.307975 -1.167317 0.574024 
<Inverted_Deviation>
0.007146 0.007376 0.013657 0.017036 0.034131 0.042796 0.030663 0.067836 0.070711 
<LogVarVal> 38.721367
<TransP>
-0.144326 -2.006977 -10000000000.000000 -10000000000.000000 -10000000000.000000 -10000000000.000000 
-10000000000.000000 -0.114410 -2.224624 -10000000000.000000 -10000000000.000000 -10000000000.000000 
-10000000000.000000 -10000000000.000000 -0.053197 -2.960241 -10000000000.000000 -10000000000.000000 
-10000000000.000000 -10000000000.000000 -10000000000.000000 -0.085493 -2.501760 -10000000000.000000 
-10000000000.000000 -10000000000.000000 -10000000000.000000 -10000000000.000000 -0.062805 -2.798965 
-10000000000.000000 -10000000000.000000 -10000000000.000000 -10000000000.000000 -10000000000.000000 0.000000 
<EndEmbeddedHMM>
<BeginEmbeddedHMM>
<NumStates> 6
<State> 0
<NumMixes> 3
<Mixture> 0 <Weight> 0.446006
<Mean>
2039.089966 -8.059482 -21.322786 10.180312 3.125310 0.392950 -6.448398 -1.414391 0.712420 
<Inverted_Deviation>
0.002431 0.003562 0.008037 0.006236 0.012215 0.019495 0.012179 0.022434 0.031993 
<LogVarVal> 46.699432
<Mixture> 1 <Weight> 0.369083
<Mean>
1107.878052 -42.504536 21.738869 -9.283866 -0.286597 0.700512 1.392982 1.664238 -0.867770 
<Inverted_Deviation>
0.003006 0.003237 0.007421 0.008447 0.013577 0.017074 0.021528 0.026054 0.034036 
<LogVarVal> 45.604881
<Mixture> 2 <Weight> 0.184911
<Mean>
547.196167 -99.562958 17.505291 -12.453376 -2.979420 -2.226342 5.807731 1.451805 0.469100 
<Inverted_Deviation>
0.003425 0.004321 0.006986 0.006627 0.014582 0.021970 0.015554 0.034076 0.047549 
<LogVarVal> 44.887192
<State> 1
<NumMixes> 3
<Mixture> 0 <Weight> 0.405514
<Mean>
1454.354980 17.730297 -1.011954 -14.707176 0.313327 -0.070281 -1.244978 0.289757 0.011837 
<Inverted_Deviation>
0.007222 0.017646 0.068764 0.029449 0.059633 0.070711 0.070711 0.070711 0.070711 
<LogVarVal> 33.737530
<Mixture> 1 <Weight> 0.264186
<Mean>
1920.828613 35.555046 -4.467958 -2.416311 0.717572 -0.005131 -1.141950 -0.199009 -0.023188 
<Inverted_Deviation>
0.005131 0.016396 0.048510 0.032899 0.064996 0.070711 0.070711 0.070711 0.070711 
<LogVarVal> 34.304844
<Mixture> 2 <Weight> 0.330300
<Mean>
1164.394287 -5.839633 1.539599 -13.184637 2.284936 -0.180635 0.923209 -0.405603 -0.094700 
<Inverted_Deviation>
0.006884 0.014863 0.055770 0.024454 0.050779 0.070711 0.068165 0.070711 0.070711 
<LogVarVal> 34.549831
<State> 2
<NumMixes> 3
<Mixture> 0 <Weight> 0.126143
<Mean>
1126.630737 30.858921 7.133585 246.509109 -0.072904 -14.826054 -34.304985 -10.377329 6.461377 
<Inverted_Deviation>
0.004045 0.008105 0.021831 0.007103 0.010189 0.022974 0.006714 0.012966 0.029464 
<LogVarVal> 45.481789
<Mixture> 1 <Weight> 0.469226
<Mean>
1450.583862 14.549014 -13.268955 -22.162125 -7.428404 2.173310 -21.908287 1.682367 1.137149 
<Inverted_Deviation>
0.005048 0.007282 0.017232 0.006885 0.013817 0.025815 0.013768 0.023011 0.038740 
<LogVarVal> 43.648533
<Mixture> 2 <Weight> 0.404631
<Mean>
1024.257813 33.312641 2.016014 -43.608078 5.219880 2.051127 37.801270 1.425344 -3.235722 
<Inverted_Deviation>
0.004245 0.007296 0.015655 0.005834 0.010194 0.019816 0.006162 0.013245 0.025334 
<LogVarVal> 46.431175
<State> 3
<NumMixes> 3
<Mixture> 0 <Weight> 0.160519
<Mean>
1103.384766 105.312630 -3.455639 -19.998940 9.680641 -0.566260 -2.925778 0.096312 0.008504 
<Inverted_Deviation>
0.007036 0.010135 0.035869 0.012878 0.037708 0.056028 0.048099 0.064960 0.070711 
<LogVarVal> 36.957249
<Mixture> 1 <Weight> 0.517760
<Mean>
494.550812 -0.966589 13.717523 -9.091475 -10.713737 -0.703062 13.823968 2.753741 -1.084427 
<Inverted_Deviation>
0.007472 0.009230 0.032796 0.008174 0.019028 0.037277 0.016829 0.029021 0.048366 
<LogVarVal> 40.861973
<Mixture> 2 <Weight> 0.321721
<Mean>
794.191772 37.682087 -8.623720 -27.665520 13.052782 1.492512 -9.750325 -3.364537 2.185524 
<Inverted_Deviation>
0.008069 0.006884 0.026548 0.008120 0.019016 0.037104 0.021778 0.032304 0.047300 
<LogVarVal> 40.958965
<State> 4
<NumMixes> 3
<Mixture> 0 <Weight> 0.122113
<Mean>
951.903625 10.594763 -2.905764 -20.141121 -1.524530 0.616879 -2.560415 -0.226081 -0.030278 
<Inverted_Deviation>
0.006951 0.010932 0.054500 0.027960 0.064909 0.070711 0.070711 0.070711 0.070711 
<LogVarVal> 34.454109
<Mixture> 1 <Weight> 0.219656
<Mean>
725.112366 20.316767 1.407745 -9.511668 -0.102767 0.203449 -1.708880 -0.290714 -0.103920 
<Inverted_Deviation>
0.012500 0.016120 0.062877 0.028655 0.070711 0.070711 0.070711 0.070711 0.070711 
<LogVarVal> 33.225800
<Mixture> 2 <Weight> 0.658231
<Mean>
551.131592 6.000127 1.082036 -2.489056 -0.363317 -0.089297 -0.639899 0.022433 -0.016912 
<Inverted_Deviation>
0.012460 0.029863 0.070711 0.041227 0.070711 0.070711 0.070711 0.070711 0.070711 
<LogVarVal> 32.131233
<State> 5
<NumMixes> 3
<Mixture> 0 <Weight> 0.569980
<Mean>
388.917297 -0.631383 5.538356 -7.021637 3.952883 -0.566978 3.529450 -0.445786 -0.192733 
<Inverted_Deviation>
0.005801 0.010615 0.021354 0.014461 0.030370 0.052531 0.030022 0.056040 0.070711 
<LogVarVal> 38.406620
<Mixture> 1 <Weight> 0.270791
<Mean>
1463.034058 -16.533583 -18.260105 -21.716913 -0.247324 -0.935455 -1.921129 -0.724275 0.029391 
<Inverted_Deviation>
0.003794 0.005888 0.015140 0.009793 0.025479 0.045442 0.013838 0.039252 0.060464 
<LogVarVal> 41.762051
<Mixture> 2 <Weight> 0.159229
<Mean>
933.632507 -106.085693 3.627301 -52.517471 -4.959653 5.244479 -9.760729 3.256263 0.483367 
<Inverted_Deviation>
0.004500 0.004782 0.012744 0.006019 0.016598 0.027805 0.009004 0.026589 0.049852 
<LogVarVal> 44.390411
<TransP>
-0.155755 -1.936341 -10000000000.000000 -10000000000.000000 -10000000000.000000 -10000000000.000000 
-10000000000.000000 -0.053606 -2.952771 -10000000000.000000 -10000000000.000000 -10000000000.000000 
-10000000000.000000 -10000000000.000000 -0.126505 -2.130062 -10000000000.000000 -10000000000.000000 
-10000000000.000000 -10000000000.000000 -10000000000.000000 -0.142943 -2.015928 -10000000000.000000 
-10000000000.000000 -10000000000.000000 -10000000000.000000 -10000000000.000000 -0.049097 -3.038399 
-10000000000.000000 -10000000000.000000 -10000000000.000000 -10000000000.000000 -10000000000.000000 0.000000 
<EndEmbeddedHMM>
<BeginEmbeddedHMM>
<NumStates> 6
<State> 0
<NumMixes> 3
<Mixture> 0 <Weight> 0.611020
<Mean>
487.608276 -40.413719 13.056417 13.752123 -9.943690 1.918057 5.652338 -0.798653 -0.802562 
<Inverted_Deviation>
0.004035 0.006507 0.013941 0.008715 0.014530 0.021660 0.018643 0.028011 0.033023 
<LogVarVal> 43.746334
<Mixture> 1 <Weight> 0.340971
<Mean>
1097.409058 -78.228363 -11.006593 51.374092 0.060820 -7.793017 -3.924474 3.830057 0.374448 
<Inverted_Deviation>
0.003900 0.004696 0.012587 0.008920 0.011648 0.014608 0.028536 0.025288 0.026533 
<LogVarVal> 44.695816
<Mixture> 2 <Weight> 0.048009
<Mean>
1581.870728 -130.081619 -58.740692 112.187538 84.603493 20.334265 -22.632509 -7.217844 11.770385 
<Inverted_Deviation>
0.005048 0.005503 0.012993 0.008611 0.010063 0.013575 0.032833 0.019796 0.017468 
<LogVarVal> 45.024933
<State> 1
<NumMixes> 3
<Mixture> 0 <Weight> 0.058000
<Mean>
1809.441406 24.014324 -4.510751 5.848433 3.770340 1.096350 -2.349258 -0.944218 -0.404982 
<Inverted_Deviation>
0.008993 0.031679 0.070711 0.046077 0.070711 0.070711 0.070711 0.070711 0.070711 
<LogVarVal> 32.287086
<Mixture> 1 <Weight> 0.380000
<Mean>
1354.156128 -10.119398 -1.362799 1.177793 3.391085 0.392834 -0.793406 -0.528935 -0.240501 
<Inverted_Deviation>
0.009952 0.015621 0.067079 0.026272 0.060470 0.070711 0.070711 0.070711 0.070711 
<LogVarVal> 33.663769
<Mixture> 2 <Weight> 0.562000
<Mean>
1544.886475 4.366130 -2.405653 3.132144 0.780340 0.089798 -1.741491 0.022191 -0.004528 
<Inverted_Deviation>
0.011945 0.025036 0.070711 0.038718 0.070711 0.070711 0.070711 0.070711 0.070711 
<LogVarVal> 32.412605
<State> 2
<NumMixes> 3
<Mixture> 0 <Weight> 0.474359
<Mean>
1198.668335 37.927071 -0.649306 2.182352 4.634754 -2.245457 0.113661 -4.433849 -1.618812 
<Inverted_Deviation>
0.011918 0.014166 0.033101 0.006389 0.018722 0.043625 0.012490 0.023882 0.048968 
<LogVarVal> 40.543503
<Mixture> 1 <Weight> 0.251282
<Mean>
1386.005249 33.557095 -7.914941 7.019475 -14.053201 0.803514 -32.422642 4.429589 3.005021 
<Inverted_Deviation>
0.010564 0.014087 0.036878 0.007069 0.019305 0.046444 0.016530 0.030974 0.061392 
<LogVarVal> 39.600861
<Mixture> 2 <Weight> 0.274359
<Mean>
975.640747 34.841236 3.950622 -89.962830 1.480958 4.274293 28.825048 3.889374 -0.222485 
<Inverted_Deviation>
0.007049 0.013726 0.031745 0.007345 0.016335 0.039651 0.008912 0.023259 0.045611 
<LogVarVal> 41.669514
<State> 3
<NumMixes> 3
<Mixture> 0 <Weight> 0.413125
<Mean>
783.998657 32.512314 2.642937 -7.488005 -1.281137 0.396942 -1.794018 0.113130 0.155177 
<Inverted_Deviation>
0.009813 0.013594 0.036211 0.009336 0.024350 0.055651 0.018739 0.038694 0.070711 
<LogVarVal> 38.547874
<Mixture> 1 <Weight> 0.303505
<Mean>
1044.348511 46.289120 -4.143141 28.114992 1.983638 -0.665940 -5.415334 0.167878 0.920505 
<Inverted_Deviation>
0.008640 0.010979 0.023741 0.014175 0.029524 0.054058 0.034522 0.058404 0.070711 
<LogVarVal> 37.707153
<Mixture> 2 <Weight> 0.283371
<Mean>
530.833069 4.670801 6.601546 6.112071 1.555034 0.072145 12.390037 0.293550 -0.858783 
<Inverted_Deviation>
0.008039 0.013575 0.050976 0.008979 0.029551 0.057985 0.016167 0.047768 0.070711 
<LogVarVal> 38.148106
<State> 4
<NumMixes> 3
<Mixture> 0 <Weight> 0.617337
<Mean>
518.867371 10.174718 1.126286 8.380082 -0.228143 0.037079 0.062155 0.018681 -0.001348 
<Inverted_Deviation>
0.011036 0.026090 0.070711 0.038151 0.070711 0.070711 0.070711 0.070711 0.070711 
<LogVarVal> 32.465195
<Mixture> 1 <Weight> 0.000000
<Mean>
0.000000 0.000000 0.000000 0.000000 0.000000 0.000000 0.000000 0.000000 0.000000 
<Inverted_Deviation>
0.070711 0.070711 0.070711 0.070711 0.070711 0.070711 0.070711 0.070711 0.070711 
<LogVarVal> 28.993717
<Mixture> 2 <Weight> 0.382663
<Mean>
723.003601 14.860699 -1.497347 11.031999 -2.740763 -0.212780 -0.669391 -0.539102 -0.050005 
<Inverted_Deviation>
0.010811 0.025907 0.070711 0.027919 0.057853 0.070711 0.070711 0.070711 0.070711 
<LogVarVal> 33.005775
<State> 5
<NumMixes> 3
<Mixture> 0 <Weight> 0.047177
<Mean>
1746.286743 -58.279213 -17.832012 139.052353 33.997356 -5.404685 -71.508934 5.601736 5.069423 
<Inverted_Deviation>
0.003082 0.006689 0.015358 0.003766 0.016799 0.039774 0.010051 0.013784 0.039271 
<LogVarVal> 45.131149
<Mixture> 1 <Weight> 0.102931
<Mean>
897.838074 -66.206276 -4.103659 142.285721 -13.663235 -1.446696 15.770333 0.804022 -2.489787 
<Inverted_Deviation>
0.003820 0.011976 0.033855 0.005024 0.013013 0.032572 0.010804 0.019056 0.040119 
<LogVarVal> 43.293118
<Mixture> 2 <Weight> 0.849893
<Mean>
372.240326 -0.905996 1.762533 12.269002 -0.771260 0.152100 1.020761 -0.214670 -0.011995 
<Inverted_Deviation>
0.004792 0.014257 0.037400 0.021755 0.041520 0.070711 0.060943 0.070711 0.070711 
<LogVarVal> 35.783489
<TransP>
-0.084188 -2.516497 -10000000000.000000 -10000000000.000000 -10000000000.000000 -10000000000.000000 
-10000000000.000000 -0.061025 -2.826834 -10000000000.000000 -10000000000.000000 -10000000000.000000 
-10000000000.000000 -10000000000.000000 -0.135242 -2.067547 -10000000000.000000 -10000000000.000000 
-10000000000.000000 -10000000000.000000 -10000000000.000000 -0.116944 -2.203959 -10000000000.000000 
-10000000000.000000 -10000000000.000000 -10000000000.000000 -10000000000.000000 -0.059527 -2.850941 
-10000000000.000000 -10000000000.000000 -10000000000.000000 -10000000000.000000 -10000000000.000000 0.000000 
<EndEmbeddedHMM>
<BeginEmbeddedHMM>
<NumStates> 3
<State> 0
<NumMixes> 3
<Mixture> 0 <Weight> 0.262599
<Mean>
484.652863 -10.361901 24.502420 -9.839722 -12.528583 -0.567905 19.803106 1.607764 -3.513980 
<Inverted_Deviation>
0.004684 0.005396 0.011353 0.006126 0.010587 0.015994 0.014388 0.020594 0.028433 
<LogVarVal> 45.678295
<Mixture> 1 <Weight> 0.480548
<Mean>
933.980164 -2.173706 -3.539410 8.490888 -4.917583 -0.433650 -4.276180 -0.702840 0.892057 
<Inverted_Deviation>
0.006104 0.005765 0.013584 0.006855 0.011650 0.017470 0.016039 0.020408 0.028660 
<LogVarVal> 44.764275
<Mixture> 2 <Weight> 0.256852
<Mean>
1319.401611 -1.115680 -16.603239 20.484306 11.448183 0.218659 -10.915920 0.711266 2.456598 
<Inverted_Deviation>
0.006240 0.006704 0.013602 0.009894 0.013821 0.023311 0.028463 0.029523 0.035698 
<LogVarVal> 42.601410
<State> 1
<NumMixes> 3
<Mixture> 0 <Weight> 0.370752
<Mean>
1045.576172 24.143047 -0.499103 32.772221 -3.117490 0.307365 -1.432641 0.366046 -0.077691 
<Inverted_Deviation>
0.007272 0.015435 0.051637 0.009372 0.030539 0.066930 0.025899 0.051238 0.070711 
<LogVarVal> 37.346458
<Mixture> 1 <Weight> 0.239023
<Mean>
683.670715 43.913612 1.920899 31.519978 2.999057 -0.632475 4.238577 -1.273145 -0.302986 
<Inverted_Deviation>
0.007568 0.021329 0.067149 0.012840 0.037581 0.070711 0.028295 0.061142 0.070711 
<LogVarVal> 35.878059
<Mixture> 2 <Weight> 0.390225
<Mean>
1402.347046 6.753488 -2.633946 19.129433 1.999558 0.369107 -7.633299 -0.334548 -0.061444 
<Inverted_Deviation>
0.006736 0.018955 0.070711 0.013586 0.047311 0.070711 0.051207 0.070711 0.070711 
<LogVarVal> 35.035492
<State> 2
<NumMixes> 3
<Mixture> 0 <Weight> 0.302443
<Mean>
184.580688 1.896157 5.686760 2.371795 0.742699 -0.307678 2.628085 -0.037393 -0.046114 
<Inverted_Deviation>
0.008705 0.013245 0.033495 0.025575 0.044506 0.070711 0.058846 0.070711 0.070711 
<LogVarVal> 35.174141
<Mixture> 1 <Weight> 0.656968
<Mean>
407.748718 5.622101 -0.679683 7.155944 1.128628 0.295617 0.118045 0.014162 -0.082356 
<Inverted_Deviation>
0.010556 0.018644 0.057480 0.023283 0.041070 0.069969 0.065634 0.070711 0.070711 
<LogVarVal> 34.175114
<Mixture> 2 <Weight> 0.040589
<Mean>
757.930786 -9.128400 -14.399382 -21.139261 -4.879739 -0.444850 -4.225136 0.575737 1.358450 
<Inverted_Deviation>
0.004605 0.008380 0.028920 0.012470 0.022461 0.035049 0.031278 0.045046 0.051789 
<LogVarVal> 39.913872
<TransP>
-0.047531 -3.070044 -10000000000.000000 
-10000000000.000000 -0.040918 -3.216588 
-10000000000.000000 -10000000000.000000 0.000000 
<EndEmbeddedHMM>
