<NumSuperStates> 5
<NumStates> 3 6 6 6 3 
<NumMixtures> 3 3 3 3 3 3 3 3 3 3 3 3 3 3 3 3 3 3 3 3 3 3 3 3 
<VecSize> 9
<BeginExternalHMM>
<NumStates> 5
<TransP>
-0.080043 -2.564949 -10000000000.000000 -10000000000.000000 -10000000000.000000 
-10000000000.000000 -0.061875 -2.813411 -10000000000.000000 -10000000000.000000 
-10000000000.000000 -10000000000.000000 -0.101783 -2.335375 -10000000000.000000 
-10000000000.000000 -10000000000.000000 -10000000000.000000 -0.049433 -3.031743 
-10000000000.000000 -10000000000.000000 -10000000000.000000 -10000000000.000000 0.000000 
<EndExternalHMM>
<BeginEmbeddedHMM>
<NumStates> 3
<State> 0
<NumMixes> 3
<Mixture> 0 <Weight> 0.080974
<Mean>
1959.821167 191.087234 -113.435127 59.499577 -27.520302 -6.514748 -9.685183 0.968145 3.861547 
<Inverted_Deviation>
0.002019 0.002767 0.004324 0.007667 0.011364 0.014013 0.011284 0.016030 0.026338 
<LogVarVal> 48.560078
<Mixture> 1 <Weight> 0.672707
<Mean>
555.172729 -2.530699 11.736124 -0.583864 11.181367 0.757228 3.701532 -0.069404 0.024403 
<Inverted_Deviation>
0.004508 0.008273 0.024834 0.013932 0.025774 0.039030 0.046573 0.045725 0.062965 
<LogVarVal> 39.135902
<Mixture> 2 <Weight> 0.246319
<Mean>
1099.422485 13.257643 23.438604 -16.679094 -1.260836 2.185400 -0.348187 1.990698 -0.772333 
<Inverted_Deviation>
0.003602 0.002578 0.005681 0.005116 0.011241 0.015117 0.009934 0.020100 0.022268 
<LogVarVal> 48.187965
<State> 1
<NumMixes> 3
<Mixture> 0 <Weight> 0.144563
<Mean>
1241.690186 -37.379063 -4.356455 -37.733673 -7.336416 -0.959450 -5.761693 -0.210981 -0.257277 
<Inverted_Deviation>
0.006932 0.014709 0.070711 0.020156 0.058913 0.070711 0.070711 0.070711 0.070711 
<LogVarVal> 34.323883
<Mixture> 1 <Weight> 0.419640
<Mean>
1503.380493 -6.481113 -1.099653 -1.046504 -1.579988 -0.408394 -2.841689 -0.312261 -0.142965 
<Inverted_Deviation>
0.010898 0.033398 0.070711 0.027845 0.070711 0.070711 0.070711 0.070711 0.070711 
<LogVarVal> 32.545750
<Mixture> 2 <Weight> 0.435797
<Mean>
1709.944702 -1.799167 -1.141268 2.047354 1.286773 -0.286688 -2.888865 0.276993 -0.053338 
<Inverted_Deviation>
0.008890 0.042720 0.070711 0.033971 0.070711 0.070711 0.070711 0.070711 0.070711 
<LogVarVal> 32.304356
<State> 2
<NumMixes> 3
<Mixture> 0 <Weight> 0.245188
<Mean>
1652.633789 -55.404587 -14.672760 -3.108656 23.679165 -5.894671 -9.217868 1.409548 0.744844 
<Inverted_Deviation>
0.002360 0.003555 0.009282 0.007101 0.019782 0.023294 0.052977 0.048733 0.048058 
<LogVarVal> 43.144253
<Mixture> 1 <Weight> 0.470293
<Mean>
777.726074 31.649553 9.994651 -12.811178 -12.031152 4.684014 3.923597 -2.247739 0.324086 
<Inverted_Deviation>
0.003413 0.004807 0.020273 0.006645 0.017893 0.026745 0.030752 0.043745 0.048622 
<LogVarVal> 42.361027
<Mixture> 2 <Weight> 0.284519
<Mean>
153.608765 8.584838 9.658132 1.431054 -14.520341 -2.089746 9.008748 0.902938 -0.818559 
<Inverted_Deviation>
0.004235 0.009684 0.028238 0.010374 0.023533 0.048010 0.021509 0.069524 0.070711 
<LogVarVal> 39.328712
<TransP>
-0.056792 -2.896620 -10000000000.000000 
-10000000000.000000 -0.027778 -3.597383 
-10000000000.000000 -10000000000.000000 0.000000 
<EndEmbeddedHMM>
<BeginEmbeddedHMM>
<NumStates> 6
<State> 0
<NumMixes> 3
<Mixture> 0 <Weight> 0.416355
<Mean>
307.052429 -1.600432 24.211142 0.508454 8.819738 -0.618286 4.771011 -0.071111 -0.621426 
<Inverted_Deviation>
0.005811 0.007096 0.018301 0.016319 0.020519 0.036778 0.028623 0.033644 0.054853 
<LogVarVal> 40.401485
<Mixture> 1 <Weight> 0.483770
<Mean>
722.646545 -24.225655 4.181213 -17.588680 0.546949 2.261507 2.871145 1.380509 0.556168 
<Inverted_Deviation>
0.004749 0.004364 0.010772 0.009375 0.017387 0.027452 0.017445 0.029509 0.047764 
<LogVarVal> 43.396481
<Mixture> 2 <Weight> 0.099875
<Mean>
1434.445190 258.589417 -62.350105 26.653254 -19.399492 -9.854506 -7.543163 -2.263801 1.897097 
<Inverted_Deviation>
0.002327 0.002180 0.004029 0.007692 0.014712 0.019895 0.013631 0.030499 0.040031 
<LogVarVal> 46.864414
<State> 1
<NumMixes> 3
<Mixture> 0 <Weight> 0.274984
<Mean>
695.422485 -4.061358 1.536195 -18.276777 -2.957715 1.244196 43.368183 -2.028456 -0.397887 
<Inverted_Deviation>
0.008348 0.019538 0.051767 0.005885 0.024589 0.064250 0.008104 0.027046 0.070711 
<LogVarVal> 39.493969
<Mixture> 1 <Weight> 0.239656
<Mean>
1255.746094 6.326122 -2.444911 87.748672 -4.785457 -1.276781 -22.173422 -1.546207 0.139919 
<Inverted_Deviation>
0.004538 0.019545 0.066219 0.007311 0.030600 0.070711 0.019516 0.064207 0.070711 
<LogVarVal> 37.581993
<Mixture> 2 <Weight> 0.485360
<Mean>
897.618591 -0.017429 0.036799 44.033192 -0.138093 -0.770404 -12.337275 0.339991 0.064556 
<Inverted_Deviation>
0.009071 0.022580 0.070711 0.006175 0.031153 0.070711 0.010556 0.037743 0.070711 
<LogVarVal> 37.976276
<State> 2
<NumMixes> 3
<Mixture> 0 <Weight> 0.440502
<Mean>
1031.113770 -8.104159 1.295050 -14.335561 2.308711 0.290526 -3.243230 -0.245024 -0.324076 
<Inverted_Deviation>
0.008324 0.017620 0.070711 0.012167 0.041761 0.070711 0.034204 0.070711 0.070711 
<LogVarVal> 35.535431
<Mixture> 1 <Weight> 0.033936
<Mean>
713.765198 -14.525773 6.384549 36.271225 -21.724354 -2.964576 48.086067 22.605814 -4.240184 
<Inverted_Deviation>
0.009930 0.014016 0.049328 0.004726 0.014418 0.038389 0.008945 0.012139 0.036302 
<LogVarVal> 42.337986
<Mixture> 2 <Weight> 0.525562
<Mean>
1339.570190 -4.497643 -2.852896 21.426277 -0.277073 0.103624 -2.341740 0.060410 -0.026984 
<Inverted_Deviation>
0.006450 0.022716 0.070711 0.019628 0.068924 0.070711 0.070711 0.070711 0.070711 
<LogVarVal> 33.830956
<State> 3
<NumMixes> 3
<Mixture> 0 <Weight> 0.151728
<Mean>
1246.631592 32.576481 -12.733331 64.219513 -24.826473 3.381675 -42.375240 6.298675 -1.239219 
<Inverted_Deviation>
0.005656 0.012185 0.032103 0.006308 0.016849 0.036446 0.012571 0.027028 0.045499 
<LogVarVal> 41.711121
<Mixture> 1 <Weight> 0.527291
<Mean>
540.620972 2.892641 10.925661 -31.124142 6.992231 5.024128 58.748852 3.210008 -4.834889 
<Inverted_Deviation>
0.004984 0.006611 0.015290 0.004460 0.007571 0.017854 0.008217 0.011979 0.023882 
<LogVarVal> 46.934700
<Mixture> 2 <Weight> 0.320981
<Mean>
857.486572 17.789837 -14.167017 106.469040 -5.098907 -9.431186 -46.128036 -9.019568 9.798397 
<Inverted_Deviation>
0.006915 0.007301 0.018380 0.003531 0.010975 0.023689 0.009293 0.012501 0.030849 
<LogVarVal> 45.481827
<State> 4
<NumMixes> 3
<Mixture> 0 <Weight> 0.296068
<Mean>
1424.576660 -6.223024 -4.667617 78.231308 10.556744 -0.944649 -24.950615 0.426023 -0.505954 
<Inverted_Deviation>
0.004942 0.016695 0.068829 0.007016 0.029507 0.070711 0.012971 0.048260 0.070711 
<LogVarVal> 38.387173
<Mixture> 1 <Weight> 0.212028
<Mean>
643.805969 -9.887693 3.667234 109.425377 0.107389 0.081133 76.227760 -2.110213 -1.613459 
<Inverted_Deviation>
0.004937 0.016235 0.044800 0.003498 0.015321 0.043295 0.005236 0.016530 0.056338 
<LogVarVal> 42.893295
<Mixture> 2 <Weight> 0.491904
<Mean>
997.949829 -12.687696 -0.090129 102.863853 -2.772367 -1.292259 -13.241199 1.863684 0.938596 
<Inverted_Deviation>
0.006627 0.016396 0.066255 0.003749 0.019139 0.068340 0.004952 0.022304 0.070711 
<LogVarVal> 40.978352
<State> 5
<NumMixes> 3
<Mixture> 0 <Weight> 0.630270
<Mean>
160.025085 -3.847075 18.776918 4.084346 -8.613098 -2.907329 4.734943 1.227086 -0.470539 
<Inverted_Deviation>
0.004788 0.007472 0.014691 0.013972 0.017748 0.023932 0.027136 0.034652 0.045152 
<LogVarVal> 41.711910
<Mixture> 1 <Weight> 0.113514
<Mean>
1194.366455 -36.369434 -46.459858 -7.998030 38.783211 -17.110189 -16.505850 7.076708 -0.053655 
<Inverted_Deviation>
0.002870 0.002882 0.008429 0.006450 0.010768 0.019943 0.013298 0.018230 0.028755 
<LogVarVal> 46.993820
<Mixture> 2 <Weight> 0.256216
<Mean>
665.021362 179.909714 -0.888722 -31.219070 -3.649591 18.060503 0.881094 -10.245659 1.336272 
<Inverted_Deviation>
0.004274 0.003023 0.006284 0.004770 0.008013 0.011919 0.008292 0.013119 0.020003 
<LogVarVal> 49.117203
<TransP>
-0.081240 -2.550694 -10000000000.000000 -10000000000.000000 -10000000000.000000 -10000000000.000000 
-10000000000.000000 -0.082911 -2.531154 -10000000000.000000 -10000000000.000000 -10000000000.000000 
-10000000000.000000 -10000000000.000000 -0.056666 -2.898781 -10000000000.000000 -10000000000.000000 
-10000000000.000000 -10000000000.000000 -10000000000.000000 -0.133746 -2.077940 -10000000000.000000 
-10000000000.000000 -10000000000.000000 -10000000000.000000 -10000000000.000000 -0.101342 -2.339495 
-10000000000.000000 -10000000000.000000 -10000000000.000000 -10000000000.000000 -10000000000.000000 0.000000 
<EndEmbeddedHMM>
<BeginEmbeddedHMM>
<NumStates> 6
<State> 0
<NumMixes> 3
<Mixture> 0 <Weight> 0.389719
<Mean>
122.885544 -4.083149 28.617178 7.203623 1.962365 1.323431 1.791740 -0.166722 -0.341281 
<Inverted_Deviation>
0.007239 0.006544 0.016670 0.019738 0.022273 0.034295 0.033213 0.036650 0.061095 
<LogVarVal> 39.811680
<Mixture> 1 <Weight> 0.394501
<Mean>
701.050354 -90.678978 16.610706 -7.420405 -9.842737 -3.429196 4.363469 -2.937013 -0.334982 
<Inverted_Deviation>
0.004582 0.003389 0.007463 0.007262 0.010686 0.015399 0.012719 0.013738 0.022392 
<LogVarVal> 47.210571
<Mixture> 2 <Weight> 0.215780
<Mean>
1247.421143 66.187599 -24.774000 -7.135722 18.882198 5.716361 -17.000858 -4.111911 2.567650 
<Inverted_Deviation>
0.003483 0.002534 0.007382 0.006157 0.008617 0.014609 0.011259 0.013162 0.020455 
<LogVarVal> 48.474590
<State> 1
<NumMixes> 3
<Mixture> 0 <Weight> 0.253297
<Mean>
1358.377197 14.223663 -1.515446 -10.214431 3.112894 0.626815 -15.095057 0.596271 -0.271470 
<Inverted_Deviation>
0.005618 0.028925 0.070711 0.009334 0.043072 0.070711 0.017577 0.052521 0.070711 
<LogVarVal> 36.630318
<Mixture> 1 <Weight> 0.616757
<Mean>
1026.438843 5.629659 -0.601276 -43.947750 -2.409883 0.746897 -1.177649 -1.512725 -0.833036 
<Inverted_Deviation>
0.006388 0.033954 0.070711 0.013878 0.040908 0.070711 0.015431 0.060990 0.070711 
<LogVarVal> 35.977146
<Mixture> 2 <Weight> 0.129946
<Mean>
917.127869 10.559077 -2.227665 197.921860 -8.340615 -5.025100 39.866230 12.530136 3.108106 
<Inverted_Deviation>
0.006577 0.021532 0.070711 0.007535 0.017229 0.070711 0.004369 0.015277 0.058561 
<LogVarVal> 40.713673
<State> 2
<NumMixes> 3
<Mixture> 0 <Weight> 0.330275
<Mean>
1503.802979 -32.521706 -16.729872 -25.079878 -7.025104 -2.673602 -8.590658 2.275303 -1.655055 
<Inverted_Deviation>
0.004381 0.007957 0.030387 0.011841 0.027738 0.051153 0.044063 0.059308 0.070711 
<LogVarVal> 38.499718
<Mixture> 1 <Weight> 0.318043
<Mean>
1012.724060 -65.864136 -28.596680 -70.485664 -25.261707 3.551507 -11.885970 2.793151 4.651749 
<Inverted_Deviation>
0.005191 0.004444 0.018113 0.006412 0.016422 0.024759 0.027602 0.027829 0.034591 
<LogVarVal> 43.232330
<Mixture> 2 <Weight> 0.351682
<Mean>
597.341309 28.981030 42.148754 -31.576027 54.084656 -3.690489 20.507551 0.810843 -3.493851 
<Inverted_Deviation>
0.005027 0.003694 0.008613 0.007013 0.008420 0.011926 0.015716 0.014173 0.019918 
<LogVarVal> 47.291595
<State> 3
<NumMixes> 3
<Mixture> 0 <Weight> 0.351893
<Mean>
1282.709351 83.891754 -59.790249 -69.382393 78.142570 10.425334 -30.003002 -8.922363 4.190675 
<Inverted_Deviation>
0.004323 0.004327 0.018253 0.006049 0.016121 0.017470 0.025259 0.025650 0.027539 
<LogVarVal> 44.258110
<Mixture> 1 <Weight> 0.302895
<Mean>
786.020386 -253.158813 15.773310 81.352707 -51.696842 -53.309666 12.174325 33.439304 -5.223759 
<Inverted_Deviation>
0.003906 0.006314 0.006177 0.008650 0.005946 0.012293 0.013464 0.012259 0.012133 
<LogVarVal> 48.243484
<Mixture> 2 <Weight> 0.345212
<Mean>
756.681091 191.420517 54.944687 -146.599609 -74.538589 41.615253 20.391827 -34.769295 0.468335 
<Inverted_Deviation>
0.003951 0.005126 0.008851 0.010468 0.007817 0.016614 0.015376 0.012264 0.017530 
<LogVarVal> 46.813900
<State> 4
<NumMixes> 3
<Mixture> 0 <Weight> 0.132703
<Mean>
1057.902100 -1.285082 -1.210960 326.176422 4.331035 -10.056045 -32.744232 -23.808678 10.961634 
<Inverted_Deviation>
0.006549 0.015462 0.070711 0.007461 0.010329 0.040857 0.003630 0.007523 0.029912 
<LogVarVal> 43.684769
<Mixture> 1 <Weight> 0.432514
<Mean>
1007.771851 -2.949378 1.722797 -63.418728 1.902350 -0.238664 28.363434 -1.664929 -1.667939 
<Inverted_Deviation>
0.006409 0.023981 0.070711 0.010165 0.025703 0.070711 0.007215 0.035500 0.070711 
<LogVarVal> 38.399029
<Mixture> 2 <Weight> 0.434783
<Mean>
1339.776855 -6.419690 -1.501194 -43.569099 -0.184004 1.672307 -16.988081 1.833202 -0.981736 
<Inverted_Deviation>
0.007238 0.024255 0.070711 0.011529 0.031870 0.070711 0.020807 0.046989 0.070711 
<LogVarVal> 36.585640
<State> 5
<NumMixes> 3
<Mixture> 0 <Weight> 0.230647
<Mean>
954.151855 339.582336 -91.123970 42.270626 -27.737017 -46.831345 -17.558159 -22.011280 12.147358 
<Inverted_Deviation>
0.002850 0.003778 0.003592 0.006362 0.005758 0.007386 0.013221 0.009160 0.012804 
<LogVarVal> 50.719280
<Mixture> 1 <Weight> 0.238070
<Mean>
1140.593506 -110.601952 29.094191 -137.250946 17.276981 42.814518 12.563163 46.296684 -11.742064 
<Inverted_Deviation>
0.002834 0.004722 0.003952 0.005055 0.004384 0.006543 0.004824 0.006201 0.007954 
<LogVarVal> 52.903873
<Mixture> 2 <Weight> 0.531283
<Mean>
116.640396 41.286415 27.838707 2.358661 1.328633 3.121706 -0.729691 -0.663437 -0.462069 
<Inverted_Deviation>
0.004725 0.005069 0.007211 0.018901 0.020186 0.021096 0.069752 0.068664 0.066191 
<LogVarVal> 40.509430
<TransP>
-0.097225 -2.378948 -10000000000.000000 -10000000000.000000 -10000000000.000000 -10000000000.000000 
-10000000000.000000 -0.062007 -2.811344 -10000000000.000000 -10000000000.000000 -10000000000.000000 
-10000000000.000000 -10000000000.000000 -0.099601 -2.355973 -10000000000.000000 -10000000000.000000 
-10000000000.000000 -10000000000.000000 -10000000000.000000 -0.189474 -1.756745 -10000000000.000000 
-10000000000.000000 -10000000000.000000 -10000000000.000000 -10000000000.000000 -0.060388 -2.837001 
-10000000000.000000 -10000000000.000000 -10000000000.000000 -10000000000.000000 -10000000000.000000 -0.000000 
<EndEmbeddedHMM>
<BeginEmbeddedHMM>
<NumStates> 6
<State> 0
<NumMixes> 3
<Mixture> 0 <Weight> 0.167422
<Mean>
563.423706 -317.299896 9.679317 84.401566 -7.206754 -32.374691 -0.831014 8.895039 0.670570 
<Inverted_Deviation>
0.004220 0.005177 0.005865 0.014838 0.014524 0.017503 0.062286 0.054744 0.042598 
<LogVarVal> 42.346394
<Mixture> 1 <Weight> 0.120113
<Mean>
1072.661987 -15.295070 -56.603153 66.300217 49.302509 18.162495 -8.435465 -5.326676 1.022573 
<Inverted_Deviation>
0.002837 0.002572 0.006918 0.013353 0.016396 0.018688 0.029220 0.043391 0.044627 
<LogVarVal> 44.139481
<Mixture> 2 <Weight> 0.712465
<Mean>
114.339539 2.297123 14.859525 12.158874 -5.495150 4.846454 1.562395 -0.779521 -0.058107 
<Inverted_Deviation>
0.005201 0.010225 0.017619 0.023399 0.024970 0.044323 0.050097 0.065349 0.070711 
<LogVarVal> 37.964336
<State> 1
<NumMixes> 3
<Mixture> 0 <Weight> 0.254702
<Mean>
1358.210693 2.887474 -1.215511 12.782728 1.505094 0.110367 -2.890794 0.106916 -0.198562 
<Inverted_Deviation>
0.007028 0.034719 0.070711 0.031421 0.070711 0.070711 0.070711 0.070711 0.070711 
<LogVarVal> 32.824871
<Mixture> 1 <Weight> 0.206176
<Mean>
926.258118 4.973162 -0.590515 20.573809 0.000291 0.560302 -0.719812 -0.343263 -0.538537 
<Inverted_Deviation>
0.012466 0.024230 0.070711 0.033475 0.070711 0.070711 0.070711 0.070711 0.070711 
<LogVarVal> 32.548115
<Mixture> 2 <Weight> 0.539122
<Mean>
1112.394287 0.502335 -1.584853 13.616753 1.041390 -0.000505 -2.320506 -0.034958 -0.115250 
<Inverted_Deviation>
0.011966 0.032635 0.070711 0.034440 0.070711 0.070711 0.070711 0.070711 0.070711 
<LogVarVal> 32.262821
<State> 2
<NumMixes> 3
<Mixture> 0 <Weight> 0.313266
<Mean>
683.922180 1.032608 2.489984 7.174155 4.099577 -0.226678 21.446316 -0.629620 -0.222738 
<Inverted_Deviation>
0.006669 0.017765 0.070711 0.006301 0.025805 0.068591 0.012686 0.040685 0.070711 
<LogVarVal> 38.463440
<Mixture> 1 <Weight> 0.434487
<Mean>
942.832153 -1.086900 1.598397 -3.470643 -2.674915 0.432553 -12.209545 0.027785 0.142168 
<Inverted_Deviation>
0.010170 0.021097 0.064729 0.006294 0.028258 0.069545 0.015410 0.041436 0.070711 
<LogVarVal> 37.641541
<Mixture> 2 <Weight> 0.252247
<Mean>
1180.317871 -1.977738 -0.413295 19.357086 -1.141698 -0.407747 -22.546812 1.737415 0.258806 
<Inverted_Deviation>
0.008295 0.019996 0.070711 0.007354 0.031866 0.070711 0.029923 0.050385 0.070711 
<LogVarVal> 36.659031
<State> 3
<NumMixes> 3
<Mixture> 0 <Weight> 0.312683
<Mean>
877.196899 -4.514733 10.164961 -160.369064 -2.914271 3.145283 4.716951 2.671974 -1.721275 
<Inverted_Deviation>
0.004470 0.009364 0.026050 0.007058 0.011234 0.027157 0.006060 0.016288 0.034240 
<LogVarVal> 44.526604
<Mixture> 1 <Weight> 0.233118
<Mean>
925.233582 -18.410755 0.158924 140.825806 -5.764036 -6.320349 48.335743 0.548507 1.220964 
<Inverted_Deviation>
0.004897 0.007369 0.018871 0.006522 0.012621 0.028835 0.007308 0.016207 0.031991 
<LogVarVal> 44.785378
<Mixture> 2 <Weight> 0.454198
<Mean>
1334.127563 -15.704943 -6.653692 -30.774626 4.178673 1.711714 -24.835714 -2.019422 0.792177 
<Inverted_Deviation>
0.004577 0.010607 0.028443 0.005928 0.015159 0.035162 0.013820 0.027002 0.052039 
<LogVarVal> 42.158527
<State> 4
<NumMixes> 3
<Mixture> 0 <Weight> 0.355848
<Mean>
1245.393066 5.056722 -7.910976 27.274969 -7.111119 2.744479 -1.852626 0.705554 -0.366195 
<Inverted_Deviation>
0.008325 0.009671 0.022568 0.019855 0.027013 0.051056 0.070711 0.070711 0.070711 
<LogVarVal> 36.822628
<Mixture> 1 <Weight> 0.060639
<Mean>
418.596954 304.076019 48.800934 122.360542 52.822174 -21.010668 5.916916 -8.763445 -1.015154 
<Inverted_Deviation>
0.002755 0.004704 0.006658 0.014888 0.009327 0.009226 0.035258 0.026803 0.022210 
<LogVarVal> 45.756401
<Mixture> 2 <Weight> 0.583513
<Mean>
1453.536133 1.423676 -3.261334 14.785503 -1.591422 0.030459 -3.195373 -0.041584 -0.099228 
<Inverted_Deviation>
0.009249 0.024652 0.070711 0.029710 0.070711 0.070711 0.070711 0.070711 0.070711 
<LogVarVal> 32.948666
<State> 5
<NumMixes> 3
<Mixture> 0 <Weight> 0.817750
<Mean>
42.050453 1.072491 9.108630 2.262018 3.892848 3.196815 0.573634 0.545633 0.330196 
<Inverted_Deviation>
0.007229 0.014041 0.019431 0.046023 0.040371 0.052168 0.070711 0.070711 0.070711 
<LogVarVal> 35.476585
<Mixture> 1 <Weight> 0.082726
<Mean>
1120.353394 148.821075 -138.386032 54.209244 -50.932369 25.883110 -1.975690 1.018918 3.482767 
<Inverted_Deviation>
0.004398 0.002672 0.008195 0.014941 0.021332 0.022318 0.070711 0.070711 0.070385 
<LogVarVal> 41.112461
<Mixture> 2 <Weight> 0.099525
<Mean>
566.732361 494.595398 67.063126 76.411224 24.339966 -46.965126 0.058682 -6.167844 -2.795259 
<Inverted_Deviation>
0.003574 0.008583 0.004166 0.033638 0.018319 0.018646 0.070711 0.070711 0.060742 
<LogVarVal> 40.497688
<TransP>
-0.092227 -2.429260 -10000000000.000000 -10000000000.000000 -10000000000.000000 -10000000000.000000 
-10000000000.000000 -0.074948 -2.628204 -10000000000.000000 -10000000000.000000 -10000000000.000000 
-10000000000.000000 -10000000000.000000 -0.088523 -2.468426 -10000000000.000000 -10000000000.000000 
-10000000000.000000 -10000000000.000000 -10000000000.000000 -0.095751 -2.393501 -10000000000.000000 
-10000000000.000000 -10000000000.000000 -10000000000.000000 -10000000000.000000 -0.069471 -2.701383 
-10000000000.000000 -10000000000.000000 -10000000000.000000 -10000000000.000000 -10000000000.000000 0.000000 
<EndEmbeddedHMM>
<BeginEmbeddedHMM>
<NumStates> 3
<State> 0
<NumMixes> 3
<Mixture> 0 <Weight> 0.125924
<Mean>
515.131653 -121.849068 -17.783346 100.523918 24.226768 -13.166166 18.014645 13.052291 7.217188 
<Inverted_Deviation>
0.004105 0.008322 0.024755 0.004366 0.014322 0.019315 0.008653 0.025696 0.032869 
<LogVarVal> 44.587681
<Mixture> 1 <Weight> 0.072862
<Mean>
1198.729492 9.659619 -0.231524 -235.572479 2.222263 0.597084 -29.748592 -5.192151 0.006702 
<Inverted_Deviation>
0.002867 0.024804 0.065170 0.002379 0.025373 0.070711 0.005142 0.040759 0.070711 
<LogVarVal> 40.917240
<Mixture> 2 <Weight> 0.801214
<Mean>
32.104649 -10.666036 4.182477 12.190710 -8.677455 1.355023 5.478984 -0.787305 -0.903973 
<Inverted_Deviation>
0.011231 0.017916 0.045732 0.016544 0.027989 0.059961 0.029842 0.068167 0.070711 
<LogVarVal> 36.085934
<State> 1
<NumMixes> 3
<Mixture> 0 <Weight> 0.342565
<Mean>
622.693665 -6.511984 0.686090 20.751646 4.802395 0.802844 4.401495 -0.619584 -0.465809 
<Inverted_Deviation>
0.008445 0.023913 0.070711 0.011343 0.043864 0.070711 0.024576 0.070711 0.070711 
<LogVarVal> 35.567265
<Mixture> 1 <Weight> 0.354634
<Mean>
847.321655 -8.670619 -0.748892 29.771345 1.109019 -0.132518 -6.039898 -0.869066 0.030891 
<Inverted_Deviation>
0.009688 0.017408 0.070711 0.012481 0.038256 0.070711 0.025816 0.064337 0.070711 
<LogVarVal> 35.833878
<Mixture> 2 <Weight> 0.302801
<Mean>
1123.245483 -2.829466 -4.102352 15.650069 -4.631713 0.625606 -4.489857 0.459758 0.034097 
<Inverted_Deviation>
0.009380 0.020428 0.070711 0.019394 0.048398 0.070711 0.058578 0.070711 0.070711 
<LogVarVal> 34.116432
<State> 2
<NumMixes> 3
<Mixture> 0 <Weight> 0.821754
<Mean>
15.322717 7.024693 6.018023 3.623425 5.415104 3.001599 1.793201 1.997827 0.664395 
<Inverted_Deviation>
0.015312 0.018674 0.031907 0.033922 0.030253 0.053914 0.070711 0.070711 0.070711 
<LogVarVal> 34.505650
<Mixture> 1 <Weight> 0.072304
<Mean>
918.945190 77.665039 -36.330757 78.557892 -49.566208 23.449156 -13.661975 11.773295 -0.891412 
<Inverted_Deviation>
0.004239 0.004665 0.014037 0.007786 0.012622 0.026821 0.029802 0.032879 0.029199 
<LogVarVal> 43.556538
<Mixture> 2 <Weight> 0.105942
<Mean>
450.930817 264.267273 -0.234854 128.803131 18.278913 -41.460567 10.493531 -23.435316 -4.003492 
<Inverted_Deviation>
0.004482 0.008734 0.010987 0.008144 0.009636 0.013412 0.044137 0.026688 0.016519 
<LogVarVal> 44.422005
<TransP>
-0.049794 -3.024658 -10000000000.000000 
-10000000000.000000 -0.028883 -3.558913 
-10000000000.000000 -10000000000.000000 0.000000 
<EndEmbeddedHMM>
