<NumSuperStates> 5
<NumStates> 3 6 6 6 3 
<NumMixtures> 3 3 3 3 3 3 3 3 3 3 3 3 3 3 3 3 3 3 3 3 3 3 3 3 
<VecSize> 9
<BeginExternalHMM>
<NumStates> 5
<TransP>
-0.097374 -2.377486 -10000000000.000000 -10000000000.000000 -10000000000.000000 
-10000000000.000000 -0.056798 -2.896526 -10000000000.000000 -10000000000.000000 
-10000000000.000000 -10000000000.000000 -0.083770 -2.521274 -10000000000.000000 
-10000000000.000000 -10000000000.000000 -10000000000.000000 -0.036965 -3.316204 
-10000000000.000000 -10000000000.000000 -10000000000.000000 -10000000000.000000 0.000000 
<EndExternalHMM>
<BeginEmbeddedHMM>
<NumStates> 3
<State> 0
<NumMixes> 3
<Mixture> 0 <Weight> 0.114286
<Mean>
1630.177490 57.516392 -87.964539 -13.156424 -12.897653 5.270572 -15.612371 1.191163 2.949899 
<Inverted_Deviation>
0.003036 0.003751 0.006419 0.007969 0.017552 0.029398 0.013669 0.021268 0.031087 
<LogVarVal> 45.598301
<Mixture> 1 <Weight> 0.743896
<Mean>
579.498596 3.471493 4.270102 51.775913 3.677816 0.506824 41.168793 0.282348 -0.083897 
<Inverted_Deviation>
0.008059 0.016736 0.067684 0.008005 0.049439 0.070711 0.013298 0.064529 0.070711 
<LogVarVal> 36.949093
<Mixture> 2 <Weight> 0.141818
<Mean>
976.730896 152.422134 5.202144 -6.510974 -4.278204 -5.363362 -3.599732 -6.220490 -1.387429 
<Inverted_Deviation>
0.004635 0.004964 0.010270 0.007770 0.014899 0.022766 0.013168 0.021122 0.024570 
<LogVarVal> 45.149628
<State> 1
<NumMixes> 3
<Mixture> 0 <Weight> 0.350000
<Mean>
867.270264 5.794151 -1.216290 -25.255907 -2.291054 -0.190956 -2.731938 -0.132717 0.055767 
<Inverted_Deviation>
0.011585 0.057985 0.070711 0.041976 0.070711 0.070711 0.070711 0.070711 0.070711 
<LogVarVal> 31.522532
<Mixture> 1 <Weight> 0.608095
<Mean>
715.045471 2.944163 -0.003665 -16.039444 -0.356489 -0.000739 2.895374 0.028681 0.042662 
<Inverted_Deviation>
0.021663 0.070711 0.070711 0.022352 0.070711 0.070711 0.023072 0.070711 0.070711 
<LogVarVal> 32.448345
<Mixture> 2 <Weight> 0.041905
<Mean>
551.488586 9.726091 3.254542 -0.038737 0.036510 -0.200294 -91.253563 -0.138180 -0.184611 
<Inverted_Deviation>
0.010016 0.032141 0.070711 0.023682 0.070711 0.070711 0.009335 0.070711 0.070711 
<LogVarVal> 34.855247
<State> 2
<NumMixes> 3
<Mixture> 0 <Weight> 0.026505
<Mean>
1611.357910 -170.503769 -66.781097 37.853416 26.463491 -8.957036 -36.365543 6.400345 4.973401 
<Inverted_Deviation>
0.003005 0.004624 0.009244 0.006496 0.014815 0.019347 0.008498 0.023287 0.031609 
<LogVarVal> 46.194813
<Mixture> 1 <Weight> 0.815118
<Mean>
545.639526 -1.411449 0.763051 -28.846895 -0.354706 0.130041 0.423478 -0.104480 0.008338 
<Inverted_Deviation>
0.007858 0.045742 0.070711 0.037931 0.070711 0.070711 0.070711 0.070711 0.070711 
<LogVarVal> 32.249187
<Mixture> 2 <Weight> 0.158377
<Mean>
791.424072 -55.946964 6.764536 2.213197 -5.748182 0.265240 1.375989 1.602909 -0.782005 
<Inverted_Deviation>
0.006363 0.010522 0.025584 0.017702 0.031047 0.061271 0.044065 0.047924 0.070711 
<LogVarVal> 37.536755
<TransP>
-0.051704 -2.987970 -10000000000.000000 
-10000000000.000000 -0.047291 -3.074982 
-10000000000.000000 -10000000000.000000 0.000000 
<EndEmbeddedHMM>
<BeginEmbeddedHMM>
<NumStates> 6
<State> 0
<NumMixes> 3
<Mixture> 0 <Weight> 0.397059
<Mean>
1289.876465 15.670585 -15.772183 -35.429539 -5.757119 -0.093918 -1.223336 0.473943 0.443949 
<Inverted_Deviation>
0.005601 0.006325 0.010225 0.024687 0.031656 0.049826 0.070711 0.070711 0.070711 
<LogVarVal> 38.083248
<Mixture> 1 <Weight> 0.536511
<Mean>
865.211975 -2.978515 8.761988 -35.668583 4.968465 1.250807 0.723795 0.565712 -0.285927 
<Inverted_Deviation>
0.004847 0.009585 0.027602 0.033039 0.048506 0.070711 0.070711 0.070711 0.070711 
<LogVarVal> 35.750828
<Mixture> 2 <Weight> 0.066430
<Mean>
1923.063843 112.908859 -129.127670 -27.416765 -7.103664 2.981202 -0.192243 -0.202004 0.262959 
<Inverted_Deviation>
0.003220 0.002786 0.004329 0.016392 0.028838 0.041115 0.052948 0.065795 0.070711 
<LogVarVal> 41.372505
<State> 1
<NumMixes> 3
<Mixture> 0 <Weight> 0.354070
<Mean>
1165.197510 38.916603 -1.007663 -4.917367 -5.809642 -1.627150 -5.522393 -0.839594 0.101454 
<Inverted_Deviation>
0.009033 0.026493 0.070711 0.015856 0.044446 0.070711 0.033957 0.065411 0.070711 
<LogVarVal> 34.803940
<Mixture> 1 <Weight> 0.366279
<Mean>
977.046631 27.554344 1.252851 15.087600 4.605112 -0.222525 -3.671754 -0.698997 -0.269156 
<Inverted_Deviation>
0.011803 0.029769 0.070711 0.011857 0.066059 0.070711 0.030668 0.070711 0.070711 
<LogVarVal> 34.338196
<Mixture> 2 <Weight> 0.279651
<Mean>
761.242065 14.092367 2.046824 2.691508 -1.805522 0.371102 14.325171 -0.119272 0.025538 
<Inverted_Deviation>
0.012344 0.032787 0.070711 0.009885 0.070711 0.070711 0.027829 0.070711 0.070711 
<LogVarVal> 34.407772
<State> 2
<NumMixes> 3
<Mixture> 0 <Weight> 0.336901
<Mean>
817.156555 3.098431 -0.392110 0.175398 0.005298 0.228762 -1.601503 0.878739 -0.051611 
<Inverted_Deviation>
0.026160 0.053747 0.070711 0.030929 0.070711 0.070711 0.070711 0.070711 0.070711 
<LogVarVal> 31.089296
<Mixture> 1 <Weight> 0.608006
<Mean>
913.401978 6.229796 -0.118667 -2.804715 0.149733 0.176795 -1.651175 -0.113809 -0.032327 
<Inverted_Deviation>
0.019314 0.070711 0.070711 0.055004 0.070711 0.070711 0.070711 0.070711 0.070711 
<LogVarVal> 30.542645
<Mixture> 2 <Weight> 0.055093
<Mean>
708.684570 -3.918693 2.782165 -6.554189 -4.242741 -1.032822 15.856620 1.916941 -1.061166 
<Inverted_Deviation>
0.024047 0.029605 0.070711 0.019464 0.032957 0.070711 0.038483 0.041172 0.070711 
<LogVarVal> 34.145580
<State> 3
<NumMixes> 3
<Mixture> 0 <Weight> 0.529472
<Mean>
732.697571 16.940811 0.204347 31.811527 -3.125619 -0.566264 -7.374406 -0.938165 0.436134 
<Inverted_Deviation>
0.025299 0.029466 0.070711 0.020126 0.057508 0.070711 0.046404 0.070711 0.070711 
<LogVarVal> 32.781376
<Mixture> 1 <Weight> 0.170732
<Mean>
627.984375 9.957785 4.180395 25.599682 3.801771 -1.336207 10.752101 -2.216200 -0.880977 
<Inverted_Deviation>
0.022601 0.026296 0.070711 0.013162 0.034529 0.070711 0.032028 0.044595 0.070711 
<LogVarVal> 34.774487
<Mixture> 2 <Weight> 0.299797
<Mean>
826.227539 14.436753 -3.258414 14.295806 -7.909752 0.468246 -8.787045 -0.511531 0.556972 
<Inverted_Deviation>
0.022956 0.033924 0.070711 0.019178 0.057131 0.070711 0.049439 0.070711 0.070711 
<LogVarVal> 32.729172
<State> 4
<NumMixes> 3
<Mixture> 0 <Weight> 0.485437
<Mean>
672.915955 -4.110060 0.802533 -1.212211 0.054176 -0.090243 -1.382878 0.531330 0.017554 
<Inverted_Deviation>
0.027426 0.040089 0.070711 0.018448 0.070711 0.070711 0.033261 0.070711 0.070711 
<LogVarVal> 32.606186
<Mixture> 1 <Weight> 0.312445
<Mean>
572.601929 -0.575667 2.278587 0.059383 4.119192 0.146114 9.490274 -0.093786 -0.118444 
<Inverted_Deviation>
0.018537 0.039663 0.070711 0.017425 0.070711 0.070711 0.051067 0.070711 0.070711 
<LogVarVal> 32.636883
<Mixture> 2 <Weight> 0.202118
<Mean>
763.015381 -10.064864 -0.745297 6.985503 1.286688 -0.284338 -1.997560 0.508579 0.043353 
<Inverted_Deviation>
0.024397 0.045968 0.070711 0.024187 0.070711 0.070711 0.028573 0.070711 0.070711 
<LogVarVal> 32.467415
<State> 5
<NumMixes> 3
<Mixture> 0 <Weight> 0.345111
<Mean>
890.257996 -15.356400 0.539335 -5.699972 -0.711211 -0.090588 -0.757969 0.080868 -0.068828 
<Inverted_Deviation>
0.017669 0.031058 0.068021 0.037247 0.062665 0.070711 0.070711 0.070711 0.070711 
<LogVarVal> 32.003860
<Mixture> 1 <Weight> 0.527116
<Mean>
760.519348 -6.464417 1.024617 -14.236880 -0.354070 0.199076 -0.143828 -0.191707 -0.016300 
<Inverted_Deviation>
0.020106 0.037933 0.070711 0.052775 0.070711 0.070711 0.070711 0.070711 0.070711 
<LogVarVal> 31.166628
<Mixture> 2 <Weight> 0.127773
<Mean>
1051.727417 -34.803055 -6.774058 -1.905898 2.236954 0.812717 -1.748444 -0.917515 0.230323 
<Inverted_Deviation>
0.008530 0.014062 0.025814 0.035930 0.041631 0.069482 0.070711 0.070711 0.070711 
<LogVarVal> 34.955757
<TransP>
-0.086274 -2.493053 -10000000000.000000 -10000000000.000000 -10000000000.000000 -10000000000.000000 
-10000000000.000000 -0.099563 -2.356329 -10000000000.000000 -10000000000.000000 -10000000000.000000 
-10000000000.000000 -10000000000.000000 -0.066787 -2.739454 -10000000000.000000 -10000000000.000000 
-10000000000.000000 -10000000000.000000 -10000000000.000000 -0.181103 -1.797876 -10000000000.000000 
-10000000000.000000 -10000000000.000000 -10000000000.000000 -10000000000.000000 -0.074651 -2.632021 
-10000000000.000000 -10000000000.000000 -10000000000.000000 -10000000000.000000 -10000000000.000000 0.000000 
<EndEmbeddedHMM>
<BeginEmbeddedHMM>
<NumStates> 6
<State> 0
<NumMixes> 3
<Mixture> 0 <Weight> 0.369330
<Mean>
1879.840454 56.894989 3.895907 -54.109661 -2.589225 3.991541 -4.446173 -3.596655 -2.154725 
<Inverted_Deviation>
0.004630 0.003438 0.005822 0.005371 0.008362 0.014471 0.009762 0.013349 0.019518 
<LogVarVal> 48.473942
<Mixture> 1 <Weight> 0.190785
<Mean>
2406.556152 -7.167090 -131.111542 -35.641579 13.400349 -2.167712 -21.122902 4.268495 4.023038 
<Inverted_Deviation>
0.003850 0.002716 0.003680 0.006558 0.013061 0.019081 0.011957 0.022478 0.031694 
<LogVarVal> 47.222137
<Mixture> 2 <Weight> 0.439885
<Mean>
1365.067627 45.230499 3.001390 -20.541018 -5.166688 -1.207804 10.393996 0.857560 0.222846 
<Inverted_Deviation>
0.003569 0.009060 0.013700 0.009271 0.012447 0.019986 0.013813 0.018341 0.027060 
<LogVarVal> 44.651257
<State> 1
<NumMixes> 3
<Mixture> 0 <Weight> 0.358153
<Mean>
1303.567627 40.803116 2.043821 -8.238397 -1.363659 -0.511879 -4.943036 0.491220 -0.057658 
<Inverted_Deviation>
0.006748 0.022690 0.070711 0.017534 0.054242 0.070711 0.042681 0.070711 0.070711 
<LogVarVal> 34.644218
<Mixture> 1 <Weight> 0.435592
<Mean>
1081.287354 22.640720 1.026891 -3.418295 2.172470 -0.154075 -7.017092 -0.301980 0.117151 
<Inverted_Deviation>
0.012240 0.027284 0.070711 0.011679 0.039765 0.070711 0.025451 0.057235 0.070711 
<LogVarVal> 35.309559
<Mixture> 2 <Weight> 0.206255
<Mean>
865.276428 20.468924 3.855990 -28.469198 4.669256 1.501525 -3.383311 -1.122350 -0.697455 
<Inverted_Deviation>
0.011172 0.026233 0.069723 0.010423 0.031998 0.070711 0.015787 0.041281 0.070711 
<LogVarVal> 36.589630
<State> 2
<NumMixes> 3
<Mixture> 0 <Weight> 0.406295
<Mean>
704.571289 11.215002 9.034174 -9.820612 -1.621643 -0.452847 6.592933 0.469909 -0.470552 
<Inverted_Deviation>
0.011442 0.012823 0.023258 0.015088 0.025193 0.037931 0.023554 0.040368 0.060577 
<LogVarVal> 38.648312
<Mixture> 1 <Weight> 0.202432
<Mean>
1001.337769 10.146734 -9.808699 -21.650854 -4.415869 -0.319315 -3.963968 0.727427 0.451360 
<Inverted_Deviation>
0.016753 0.016334 0.036075 0.024853 0.034961 0.056614 0.055596 0.065827 0.070711 
<LogVarVal> 34.856457
<Mixture> 2 <Weight> 0.391273
<Mean>
866.867004 17.545403 -3.334068 -14.110533 0.129155 0.620295 -1.408738 -0.491779 0.295370 
<Inverted_Deviation>
0.017009 0.012870 0.026652 0.021772 0.031823 0.047774 0.041157 0.055481 0.070711 
<LogVarVal> 36.250244
<State> 3
<NumMixes> 3
<Mixture> 0 <Weight> 0.447685
<Mean>
598.798218 -0.535117 6.965747 1.652585 -1.311924 0.582957 4.616402 -0.280556 -0.126571 
<Inverted_Deviation>
0.013855 0.016785 0.042900 0.031216 0.048515 0.070711 0.062789 0.070711 0.070711 
<LogVarVal> 33.874702
<Mixture> 1 <Weight> 0.143944
<Mean>
883.472656 0.431636 -8.245447 10.573285 5.296597 -0.100019 -8.983015 -0.729099 0.274887 
<Inverted_Deviation>
0.013541 0.017793 0.060613 0.016871 0.049863 0.070711 0.039942 0.070711 0.070711 
<LogVarVal> 34.533985
<Mixture> 2 <Weight> 0.408370
<Mean>
741.665405 -2.227781 -5.017392 9.545315 -0.869376 -1.307435 1.526015 0.891508 0.041296 
<Inverted_Deviation>
0.017519 0.014912 0.057339 0.020808 0.047923 0.070711 0.052020 0.070711 0.070711 
<LogVarVal> 34.074245
<State> 4
<NumMixes> 3
<Mixture> 0 <Weight> 0.075868
<Mean>
631.341370 -5.229126 5.072111 -55.844875 -1.426946 1.580893 0.588706 0.103636 0.253484 
<Inverted_Deviation>
0.018169 0.027924 0.070711 0.048252 0.060101 0.070711 0.053448 0.070711 0.070711 
<LogVarVal> 32.106297
<Mixture> 1 <Weight> 0.492333
<Mean>
800.103149 -6.587856 -0.215774 -2.733004 0.293465 -0.114446 -1.222842 -0.314142 0.155456 
<Inverted_Deviation>
0.034112 0.041771 0.070711 0.049069 0.070711 0.070711 0.070711 0.070711 0.070711 
<LogVarVal> 30.614431
<Mixture> 2 <Weight> 0.431800
<Mean>
729.288818 -7.530373 1.252031 -8.847667 -0.189544 0.405098 -0.484244 0.015849 -0.047045 
<Inverted_Deviation>
0.028182 0.045261 0.070711 0.032688 0.070711 0.070711 0.070711 0.070711 0.070711 
<LogVarVal> 31.131371
<State> 5
<NumMixes> 3
<Mixture> 0 <Weight> 0.537398
<Mean>
876.820251 -15.996430 1.777664 -3.084174 0.284881 -0.150194 -0.000145 -0.091264 -0.169109 
<Inverted_Deviation>
0.021315 0.034635 0.061374 0.046302 0.070711 0.070711 0.070711 0.070711 0.070711 
<LogVarVal> 31.471643
<Mixture> 1 <Weight> 0.077236
<Mean>
1201.761475 -60.320221 -9.462720 -6.944045 3.115409 -0.476310 -1.387151 0.029686 -0.450035 
<Inverted_Deviation>
0.006679 0.010495 0.017425 0.027506 0.036475 0.041731 0.055602 0.058104 0.056045 
<LogVarVal> 37.464417
<Mixture> 2 <Weight> 0.385366
<Mean>
1022.914185 -19.987848 -4.470162 -4.192367 -0.523579 0.182570 -0.943488 0.417742 0.287733 
<Inverted_Deviation>
0.015758 0.015416 0.023632 0.032735 0.044227 0.054112 0.045037 0.052846 0.058977 
<LogVarVal> 35.544945
<TransP>
-0.084071 -2.517840 -10000000000.000000 -10000000000.000000 -10000000000.000000 -10000000000.000000 
-10000000000.000000 -0.087079 -2.484162 -10000000000.000000 -10000000000.000000 -10000000000.000000 
-10000000000.000000 -10000000000.000000 -0.083506 -2.524299 -10000000000.000000 -10000000000.000000 
-10000000000.000000 -10000000000.000000 -10000000000.000000 -0.073669 -2.644781 -10000000000.000000 
-10000000000.000000 -10000000000.000000 -10000000000.000000 -10000000000.000000 -0.094745 -2.403561 
-10000000000.000000 -10000000000.000000 -10000000000.000000 -10000000000.000000 -10000000000.000000 0.000000 
<EndEmbeddedHMM>
<BeginEmbeddedHMM>
<NumStates> 6
<State> 0
<NumMixes> 3
<Mixture> 0 <Weight> 0.277715
<Mean>
1564.319336 57.434525 8.732117 -1.015690 -3.435761 1.473567 2.595808 0.503428 -0.399753 
<Inverted_Deviation>
0.007277 0.006356 0.017033 0.025141 0.037723 0.051282 0.070711 0.070711 0.070711 
<LogVarVal> 37.083942
<Mixture> 1 <Weight> 0.257662
<Mean>
2298.184814 4.653302 -56.784882 22.519337 1.749986 -0.601369 -3.037186 0.393245 0.415024 
<Inverted_Deviation>
0.004259 0.004320 0.006055 0.021878 0.042256 0.070711 0.061003 0.070711 0.070711 
<LogVarVal> 38.892052
<Mixture> 2 <Weight> 0.464624
<Mean>
1874.770508 10.506353 -19.791330 10.513826 3.763643 -1.196212 0.422685 -0.744893 -0.072417 
<Inverted_Deviation>
0.006943 0.004593 0.007814 0.020293 0.035996 0.055991 0.060529 0.070711 0.070711 
<LogVarVal> 38.563644
<State> 1
<NumMixes> 3
<Mixture> 0 <Weight> 0.404272
<Mean>
912.934509 18.033577 0.383045 1.113703 0.216136 -0.079638 0.031131 0.173903 -0.030926 
<Inverted_Deviation>
0.014047 0.036432 0.070711 0.059111 0.070711 0.070711 0.070711 0.070711 0.070711 
<LogVarVal> 31.452261
<Mixture> 1 <Weight> 0.294608
<Mean>
1312.605835 45.895058 1.493446 3.337219 0.174790 -0.313205 0.367032 0.077875 0.119394 
<Inverted_Deviation>
0.008227 0.051390 0.070711 0.070711 0.070711 0.070711 0.070711 0.070711 0.070711 
<LogVarVal> 31.464081
<Mixture> 2 <Weight> 0.301120
<Mean>
1082.100098 34.418552 0.607277 1.361209 -0.583402 0.193726 0.200433 0.080208 0.011471 
<Inverted_Deviation>
0.012655 0.050201 0.070711 0.070711 0.070711 0.070711 0.070711 0.070711 0.070711 
<LogVarVal> 31.056818
<State> 2
<NumMixes> 3
<Mixture> 0 <Weight> 0.260281
<Mean>
537.711121 20.395733 5.045269 43.938511 6.936453 -0.627747 10.591242 -0.317470 -1.004397 
<Inverted_Deviation>
0.009771 0.017213 0.063532 0.009188 0.031320 0.070711 0.021677 0.059662 0.070711 
<LogVarVal> 36.700130
<Mixture> 1 <Weight> 0.473485
<Mean>
749.889038 37.733700 -0.204570 24.079504 -0.710222 -0.955393 -3.214970 -1.359467 0.214605 
<Inverted_Deviation>
0.015315 0.023607 0.064209 0.014671 0.039422 0.070711 0.048367 0.070711 0.070711 
<LogVarVal> 34.253716
<Mixture> 2 <Weight> 0.266234
<Mean>
925.163940 17.243446 -3.573192 24.125456 -9.543549 0.878738 -3.414008 1.187376 0.451457 
<Inverted_Deviation>
0.011062 0.018492 0.038492 0.016648 0.031077 0.065713 0.034102 0.070711 0.070711 
<LogVarVal> 35.869186
<State> 3
<NumMixes> 3
<Mixture> 0 <Weight> 0.442780
<Mean>
515.557617 0.963808 0.692559 9.328920 -0.059169 0.401114 -1.114247 0.100532 0.137226 
<Inverted_Deviation>
0.021896 0.039180 0.070711 0.027981 0.070711 0.070711 0.070711 0.070711 0.070711 
<LogVarVal> 31.683508
<Mixture> 1 <Weight> 0.369998
<Mean>
379.096558 -0.585905 1.086136 12.328782 0.599886 -0.038968 5.775469 0.151185 -0.120561 
<Inverted_Deviation>
0.010956 0.041129 0.070711 0.017894 0.070711 0.070711 0.042554 0.070711 0.070711 
<LogVarVal> 33.282181
<Mixture> 2 <Weight> 0.187222
<Mean>
637.250000 17.001122 0.282713 -4.799370 0.642752 0.542992 -3.613564 -0.147464 0.207590 
<Inverted_Deviation>
0.020630 0.047792 0.070711 0.028096 0.070711 0.070711 0.070711 0.070711 0.070711 
<LogVarVal> 31.540247
<State> 4
<NumMixes> 3
<Mixture> 0 <Weight> 0.314945
<Mean>
738.975525 -7.557405 0.281318 7.731259 -0.298012 0.146776 -0.117095 -0.092323 -0.001389 
<Inverted_Deviation>
0.029161 0.070711 0.070711 0.070711 0.070711 0.070711 0.070711 0.070711 0.070711 
<LogVarVal> 29.879496
<Mixture> 1 <Weight> 0.341402
<Mean>
664.759644 -11.236595 -0.533482 11.230556 0.761643 -0.036374 -0.300743 -0.051896 0.034003 
<Inverted_Deviation>
0.030293 0.062854 0.070711 0.070711 0.070711 0.070711 0.070711 0.070711 0.070711 
<LogVarVal> 29.959196
<Mixture> 2 <Weight> 0.343653
<Mean>
583.470276 -10.946013 0.924596 13.489618 -1.548615 -0.474971 -0.027256 0.314199 -0.121356 
<Inverted_Deviation>
0.028643 0.063319 0.070711 0.070711 0.070711 0.070711 0.070711 0.070711 0.070711 
<LogVarVal> 30.007809
<State> 5
<NumMixes> 3
<Mixture> 0 <Weight> 0.640657
<Mean>
808.860596 -26.260420 1.975520 11.717558 -0.496034 0.043776 -0.005511 -0.185339 0.111031 
<Inverted_Deviation>
0.010254 0.027371 0.035117 0.061253 0.070711 0.070711 0.070711 0.070711 0.070711 
<LogVarVal> 32.717247
<Mixture> 1 <Weight> 0.330082
<Mean>
1038.980469 -41.770683 0.108632 7.722066 3.311798 -1.766637 0.444017 -0.163232 -0.446510 
<Inverted_Deviation>
0.007473 0.011116 0.016695 0.022037 0.032697 0.048075 0.058480 0.068458 0.070711 
<LogVarVal> 37.079994
<Mixture> 2 <Weight> 0.029261
<Mean>
1773.374512 -215.303452 -99.318779 -64.295219 3.602322 13.131542 -9.355668 5.617008 2.604537 
<Inverted_Deviation>
0.002239 0.003264 0.005415 0.006926 0.011809 0.017049 0.016644 0.020560 0.027980 
<LogVarVal> 47.235886
<TransP>
-0.098531 -2.366241 -10000000000.000000 -10000000000.000000 -10000000000.000000 -10000000000.000000 
-10000000000.000000 -0.066781 -2.739538 -10000000000.000000 -10000000000.000000 -10000000000.000000 
-10000000000.000000 -10000000000.000000 -0.144100 -2.008430 -10000000000.000000 -10000000000.000000 
-10000000000.000000 -10000000000.000000 -10000000000.000000 -0.059791 -2.846643 -10000000000.000000 
-10000000000.000000 -10000000000.000000 -10000000000.000000 -10000000000.000000 -0.072356 -2.662119 
-10000000000.000000 -10000000000.000000 -10000000000.000000 -10000000000.000000 -10000000000.000000 -0.000000 
<EndEmbeddedHMM>
<BeginEmbeddedHMM>
<NumStates> 3
<State> 0
<NumMixes> 3
<Mixture> 0 <Weight> 0.264673
<Mean>
1307.440430 45.403748 0.554845 23.331985 -11.670829 -0.599930 15.373812 -2.280968 -2.536958 
<Inverted_Deviation>
0.004710 0.006507 0.014010 0.007004 0.015639 0.023301 0.006633 0.022086 0.037091 
<LogVarVal> 44.813641
<Mixture> 1 <Weight> 0.335548
<Mean>
821.112671 41.796375 0.708698 14.076140 3.337173 0.109161 3.467294 -1.360892 -0.107831 
<Inverted_Deviation>
0.004824 0.029643 0.063870 0.027932 0.038596 0.070711 0.044952 0.070711 0.070711 
<LogVarVal> 34.637001
<Mixture> 2 <Weight> 0.399779
<Mean>
1768.113892 -1.547906 -14.979238 27.114462 6.427717 -0.299660 -30.430679 1.206220 1.927163 
<Inverted_Deviation>
0.003988 0.007753 0.016598 0.005142 0.022987 0.030895 0.006905 0.044876 0.046078 
<LogVarVal> 43.311031
<State> 1
<NumMixes> 3
<Mixture> 0 <Weight> 0.507130
<Mean>
532.468323 2.941964 0.290316 -62.126381 -0.075317 0.189905 8.163871 0.101468 0.037877 
<Inverted_Deviation>
0.013607 0.052218 0.070711 0.007368 0.070711 0.070711 0.007334 0.070711 0.070711 
<LogVarVal> 35.472443
<Mixture> 1 <Weight> 0.221925
<Mean>
667.684814 7.738973 0.400087 -23.114521 0.726487 0.128192 -14.583902 -0.260971 0.095189 
<Inverted_Deviation>
0.013763 0.041941 0.070711 0.011829 0.070711 0.070711 0.009837 0.070711 0.070711 
<LogVarVal> 34.913174
<Mixture> 2 <Weight> 0.270945
<Mean>
351.118103 4.574973 0.834239 -51.085300 0.591910 0.165222 41.196499 -0.441735 -0.091293 
<Inverted_Deviation>
0.012305 0.055572 0.070711 0.012199 0.070711 0.070711 0.014062 0.070711 0.070711 
<LogVarVal> 34.355495
<State> 2
<NumMixes> 3
<Mixture> 0 <Weight> 0.084320
<Mean>
726.448669 -117.827499 35.626091 90.404480 -78.611588 2.356323 6.485980 6.468093 -20.377468 
<Inverted_Deviation>
0.004130 0.003425 0.009237 0.003767 0.005465 0.008404 0.010106 0.008806 0.010224 
<LogVarVal> 50.481857
<Mixture> 1 <Weight> 0.016272
<Mean>
2238.719727 -406.836578 -157.758377 286.430817 202.627686 -66.770241 -100.646729 12.566835 71.464302 
<Inverted_Deviation>
0.001607 0.002126 0.006000 0.002517 0.003497 0.003443 0.008111 0.004364 0.004311 
<LogVarVal> 55.861687
<Mixture> 2 <Weight> 0.899408
<Mean>
379.909119 -1.018088 2.987266 21.672216 -1.183414 0.600895 4.164046 -0.558783 0.454199 
<Inverted_Deviation>
0.010656 0.028318 0.041860 0.033304 0.055907 0.070711 0.055329 0.070711 0.070711 
<LogVarVal> 33.558636
<TransP>
-0.041838 -3.194805 -10000000000.000000 
-10000000000.000000 -0.033533 -3.411950 
-10000000000.000000 -10000000000.000000 0.000000 
<EndEmbeddedHMM>
