<NumSuperStates> 5
<NumStates> 3 6 6 6 3 
<NumMixtures> 3 3 3 3 3 3 3 3 3 3 3 3 3 3 3 3 3 3 3 3 3 3 3 3 
<VecSize> 9
<BeginExternalHMM>
<NumStates> 5
<TransP>
-0.090754 -2.444633 -10000000000.000000 -10000000000.000000 -10000000000.000000 
-10000000000.000000 -0.049683 -3.026823 -10000000000.000000 -10000000000.000000 
-10000000000.000000 -10000000000.000000 -0.085062 -2.506599 -10000000000.000000 
-10000000000.000000 -10000000000.000000 -10000000000.000000 -0.046293 -3.095816 
-10000000000.000000 -10000000000.000000 -10000000000.000000 -10000000000.000000 -0.000000 
<EndExternalHMM>
<BeginEmbeddedHMM>
<NumStates> 3
<State> 0
<NumMixes> 3
<Mixture> 0 <Weight> 0.209808
<Mean>
1054.539795 265.725037 35.187698 103.662865 23.027954 -18.728088 7.447921 -7.461175 -6.938039 
<Inverted_Deviation>
0.002560 0.002430 0.005918 0.005629 0.008310 0.009967 0.019002 0.022719 0.022666 
<LogVarVal> 48.382248
<Mixture> 1 <Weight> 0.636247
<Mean>
364.335327 -26.230143 17.646902 -10.716162 16.201092 5.607133 3.165523 2.371723 0.720197 
<Inverted_Deviation>
0.003633 0.006104 0.017218 0.011992 0.021962 0.033972 0.053234 0.059366 0.070711 
<LogVarVal> 39.959904
<Mixture> 2 <Weight> 0.153945
<Mean>
2208.173828 109.723801 -70.109062 75.654861 -51.198875 5.980232 -15.797525 3.189554 6.243827 
<Inverted_Deviation>
0.002614 0.002581 0.007046 0.005320 0.009143 0.011871 0.016516 0.020304 0.022582 
<LogVarVal> 48.168571
<State> 1
<NumMixes> 3
<Mixture> 0 <Weight> 0.214266
<Mean>
747.062744 -5.163944 -0.919852 -37.505688 -1.143051 -0.539623 -5.328512 -0.050701 -0.080367 
<Inverted_Deviation>
0.006574 0.021241 0.070711 0.010424 0.070014 0.070711 0.066377 0.070711 0.070711 
<LogVarVal> 34.559532
<Mixture> 1 <Weight> 0.443411
<Mean>
1061.901855 -2.470668 -0.610342 -7.353712 0.199254 -0.191098 -3.561573 0.015597 -0.063579 
<Inverted_Deviation>
0.010697 0.026028 0.070711 0.014370 0.058961 0.070711 0.045198 0.070711 0.070711 
<LogVarVal> 34.104549
<Mixture> 2 <Weight> 0.342323
<Mean>
1268.459473 -1.553971 -1.139486 0.173569 0.766612 -0.083463 -5.459951 0.039293 0.042262 
<Inverted_Deviation>
0.008643 0.034763 0.070711 0.017097 0.070711 0.070711 0.050949 0.070711 0.070711 
<LogVarVal> 33.553078
<State> 2
<NumMixes> 3
<Mixture> 0 <Weight> 0.443752
<Mean>
1929.621826 -39.408581 -14.688573 24.328960 10.419278 4.595869 -6.211715 -0.893924 0.205453 
<Inverted_Deviation>
0.002421 0.006361 0.012700 0.011558 0.017976 0.028474 0.020703 0.052697 0.058436 
<LogVarVal> 42.296886
<Mixture> 1 <Weight> 0.353409
<Mean>
417.399292 23.213978 29.454065 -33.215912 -34.320698 9.334482 8.119449 -3.769432 -0.202115 
<Inverted_Deviation>
0.003594 0.004492 0.011613 0.007429 0.013770 0.021508 0.043461 0.037941 0.038796 
<LogVarVal> 43.324776
<Mixture> 2 <Weight> 0.202838
<Mean>
1146.471802 -228.137817 -14.457439 102.161911 13.207104 -23.927168 2.323107 6.509346 0.387146 
<Inverted_Deviation>
0.002881 0.002593 0.006323 0.004293 0.009219 0.009887 0.011548 0.025019 0.023368 
<LogVarVal> 48.679012
<TransP>
-0.098043 -2.370969 -10000000000.000000 
-10000000000.000000 -0.020577 -3.893868 
-10000000000.000000 -10000000000.000000 0.000000 
<EndEmbeddedHMM>
<BeginEmbeddedHMM>
<NumStates> 6
<State> 0
<NumMixes> 3
<Mixture> 0 <Weight> 0.399375
<Mean>
296.891815 -38.268635 32.695927 -15.944322 16.683104 1.114979 2.267061 0.308396 -0.745382 
<Inverted_Deviation>
0.004768 0.005674 0.016735 0.021326 0.031185 0.035306 0.070711 0.070711 0.070711 
<LogVarVal> 38.366013
<Mixture> 1 <Weight> 0.227042
<Mean>
750.376465 -35.256290 -32.855671 -19.858608 -17.407738 2.386874 -0.681191 1.397119 1.737293 
<Inverted_Deviation>
0.004610 0.003530 0.010150 0.013425 0.020927 0.025573 0.064726 0.065734 0.070711 
<LogVarVal> 40.720085
<Mixture> 2 <Weight> 0.373583
<Mean>
2315.435791 10.613385 -6.350095 2.905035 -2.101179 0.117464 -0.507495 0.359777 -0.077861 
<Inverted_Deviation>
0.006053 0.011052 0.025937 0.030671 0.042799 0.063474 0.057589 0.070711 0.070711 
<LogVarVal> 35.961216
<State> 1
<NumMixes> 3
<Mixture> 0 <Weight> 0.065972
<Mean>
1658.233398 461.922821 -34.795891 54.634331 -11.137553 -12.827853 -1.564546 -6.604063 -0.020017 
<Inverted_Deviation>
0.002004 0.004044 0.003986 0.007958 0.009924 0.010369 0.029866 0.028187 0.024623 
<LogVarVal> 47.198841
<Mixture> 1 <Weight> 0.616186
<Mean>
723.683533 35.750122 1.950468 8.045552 -0.179460 0.443298 -5.318636 0.154253 0.131307 
<Inverted_Deviation>
0.005372 0.010091 0.020456 0.010472 0.024365 0.047642 0.028865 0.059667 0.070711 
<LogVarVal> 39.194408
<Mixture> 2 <Weight> 0.317842
<Mean>
293.375610 11.335816 5.633494 31.817944 -3.171290 -0.527517 25.358917 -0.606165 -0.582479 
<Inverted_Deviation>
0.005885 0.012444 0.037732 0.006152 0.023957 0.052514 0.016275 0.040301 0.070711 
<LogVarVal> 39.698269
<State> 2
<NumMixes> 3
<Mixture> 0 <Weight> 0.398297
<Mean>
213.272644 -1.825037 2.240115 6.915374 -0.169509 0.031495 8.790762 -0.056354 -0.005661 
<Inverted_Deviation>
0.006776 0.021256 0.070711 0.010906 0.047039 0.070711 0.043379 0.070711 0.070711 
<LogVarVal> 35.306416
<Mixture> 1 <Weight> 0.536517
<Mean>
504.428833 -2.643586 -0.058946 15.511255 0.759960 -0.098846 0.148227 0.368716 0.035289 
<Inverted_Deviation>
0.009610 0.019892 0.070711 0.011609 0.055676 0.070711 0.061979 0.070711 0.070711 
<LogVarVal> 34.435429
<Mixture> 2 <Weight> 0.065186
<Mean>
744.896912 -47.836407 -6.314134 -25.419577 4.776763 1.515468 -2.353492 1.209085 0.491858 
<Inverted_Deviation>
0.007791 0.017210 0.070711 0.009856 0.047962 0.070711 0.070711 0.070711 0.070711 
<LogVarVal> 34.971169
<State> 3
<NumMixes> 3
<Mixture> 0 <Weight> 0.452722
<Mean>
981.878906 -4.487854 -1.422312 36.782715 -0.434773 0.050065 -4.252395 -0.078410 0.004672 
<Inverted_Deviation>
0.006709 0.029024 0.070711 0.012758 0.070711 0.070711 0.070689 0.070711 0.070711 
<LogVarVal> 33.952084
<Mixture> 1 <Weight> 0.229909
<Mean>
264.123322 6.096430 1.538628 -8.008109 -0.860103 -0.120090 -0.192287 -0.090523 0.063454 
<Inverted_Deviation>
0.007631 0.027665 0.070711 0.026473 0.070711 0.070711 0.070711 0.070711 0.070711 
<LogVarVal> 33.141033
<Mixture> 2 <Weight> 0.317369
<Mean>
703.004272 3.325709 -0.196207 36.155552 -2.420734 0.063127 -0.749314 0.055736 -0.041786 
<Inverted_Deviation>
0.008678 0.021059 0.070711 0.010865 0.057681 0.070711 0.059333 0.070711 0.070711 
<LogVarVal> 34.554966
<State> 4
<NumMixes> 3
<Mixture> 0 <Weight> 0.334539
<Mean>
290.014832 -13.182111 4.919566 38.789997 1.418608 -0.854992 20.184380 0.353035 -0.444404 
<Inverted_Deviation>
0.005369 0.013840 0.059607 0.006160 0.027770 0.070711 0.020450 0.048015 0.070711 
<LogVarVal> 38.376354
<Mixture> 1 <Weight> 0.176182
<Mean>
1140.106567 -2.236784 -8.695771 35.118053 9.283354 -0.655852 -11.076831 -0.184533 0.319869 
<Inverted_Deviation>
0.004232 0.013301 0.040888 0.008069 0.035293 0.070711 0.034286 0.063034 0.070711 
<LogVarVal> 37.732540
<Mixture> 2 <Weight> 0.489279
<Mean>
705.828552 -13.880569 -0.329989 37.536545 1.073271 0.058717 -5.445160 -0.503919 -0.008394 
<Inverted_Deviation>
0.006127 0.011804 0.046284 0.006648 0.027546 0.070346 0.027556 0.055643 0.070711 
<LogVarVal> 38.147812
<State> 5
<NumMixes> 3
<Mixture> 0 <Weight> 0.208287
<Mean>
1058.653687 -289.304962 7.197136 -9.637105 5.728779 -3.343925 -1.570006 3.722013 -0.382555 
<Inverted_Deviation>
0.003314 0.002438 0.004413 0.010298 0.015138 0.015666 0.035254 0.034591 0.030309 
<LogVarVal> 45.429131
<Mixture> 1 <Weight> 0.347330
<Mean>
444.886108 56.903896 24.283657 -19.334524 -0.937683 2.540030 2.790953 -2.060791 0.436803 
<Inverted_Deviation>
0.003153 0.004296 0.006707 0.016109 0.019381 0.024394 0.044405 0.047944 0.052440 
<LogVarVal> 42.250851
<Mixture> 2 <Weight> 0.444383
<Mean>
1777.844238 -25.703625 -22.912666 2.524586 -1.092794 -0.079554 -0.416195 -0.335969 -0.036379 
<Inverted_Deviation>
0.003559 0.005479 0.009011 0.023491 0.026207 0.032574 0.046750 0.056637 0.065270 
<LogVarVal> 40.185947
<TransP>
-0.166273 -1.876110 -10000000000.000000 -10000000000.000000 -10000000000.000000 -10000000000.000000 
-10000000000.000000 -0.110597 -2.256648 -10000000000.000000 -10000000000.000000 -10000000000.000000 
-10000000000.000000 -10000000000.000000 -0.053557 -2.953660 -10000000000.000000 -10000000000.000000 
-10000000000.000000 -10000000000.000000 -10000000000.000000 -0.054970 -2.928333 -10000000000.000000 
-10000000000.000000 -10000000000.000000 -10000000000.000000 -10000000000.000000 -0.106768 -2.290006 
-10000000000.000000 -10000000000.000000 -10000000000.000000 -10000000000.000000 -10000000000.000000 0.000000 
<EndEmbeddedHMM>
<BeginEmbeddedHMM>
<NumStates> 6
<State> 0
<NumMixes> 3
<Mixture> 0 <Weight> 0.055966
<Mean>
2473.583496 31.720190 -17.959558 5.466822 -3.853349 1.020587 -0.854099 1.840656 -0.645146 
<Inverted_Deviation>
0.006228 0.013086 0.019365 0.017113 0.019804 0.026469 0.037576 0.040101 0.063173 
<LogVarVal> 39.391754
<Mixture> 1 <Weight> 0.034847
<Mean>
1774.669189 422.436462 1.816681 14.221988 13.885478 -0.854123 7.002132 -10.293214 0.540869 
<Inverted_Deviation>
0.002316 0.003022 0.003626 0.006841 0.008795 0.009140 0.022022 0.030479 0.026697 
<LogVarVal> 47.984016
<Mixture> 2 <Weight> 0.909187
<Mean>
761.347534 -41.730736 5.247657 -19.492966 -5.914331 0.912447 -0.313976 0.492149 0.111377 
<Inverted_Deviation>
0.003497 0.005292 0.009158 0.022516 0.025093 0.031443 0.070639 0.070711 0.070711 
<LogVarVal> 39.628429
<State> 1
<NumMixes> 3
<Mixture> 0 <Weight> 0.186621
<Mean>
321.540863 9.202556 1.941155 -43.547279 1.184068 0.061933 -2.636006 0.027083 0.046927 
<Inverted_Deviation>
0.006816 0.034097 0.070711 0.026111 0.062661 0.070711 0.060905 0.070711 0.070711 
<LogVarVal> 33.328857
<Mixture> 1 <Weight> 0.594817
<Mean>
624.410767 7.649095 1.129330 -8.298796 1.117539 -0.215047 -0.995793 -0.212346 -0.007604 
<Inverted_Deviation>
0.009345 0.032653 0.070711 0.027737 0.070711 0.070711 0.070711 0.070711 0.070711 
<LogVarVal> 32.725883
<Mixture> 2 <Weight> 0.218562
<Mean>
859.385925 22.980476 -1.070780 7.073724 0.003782 -0.571590 -2.222561 -0.041268 -0.051046 
<Inverted_Deviation>
0.008462 0.026626 0.070711 0.031149 0.070711 0.070711 0.070711 0.070711 0.070711 
<LogVarVal> 32.913284
<State> 2
<NumMixes> 3
<Mixture> 0 <Weight> 0.368843
<Mean>
777.624939 -49.876377 2.644936 -4.331604 -3.400591 0.737239 -4.309839 0.907561 0.075984 
<Inverted_Deviation>
0.008428 0.022653 0.061281 0.015905 0.046322 0.070711 0.070711 0.070711 0.070711 
<LogVarVal> 34.317158
<Mixture> 1 <Weight> 0.472567
<Mean>
1077.864868 -27.661188 -0.365718 15.598247 -4.150017 -0.342857 -6.821571 0.481976 -0.170929 
<Inverted_Deviation>
0.008325 0.014062 0.062623 0.014875 0.049139 0.070711 0.057281 0.070711 0.070711 
<LogVarVal> 35.003155
<Mixture> 2 <Weight> 0.158590
<Mean>
447.610077 -44.466988 2.494138 -53.665482 0.767965 1.410900 0.626953 1.709185 -0.359084 
<Inverted_Deviation>
0.007151 0.037215 0.070711 0.041479 0.059115 0.070711 0.070711 0.070711 0.070711 
<LogVarVal> 32.639473
<State> 3
<NumMixes> 3
<Mixture> 0 <Weight> 0.201219
<Mean>
445.637787 40.750992 7.721892 -71.788910 -8.488500 0.697505 4.626161 -1.534210 -1.379325 
<Inverted_Deviation>
0.005869 0.015121 0.070711 0.021337 0.043752 0.070711 0.070711 0.070711 0.070711 
<LogVarVal> 34.703350
<Mixture> 1 <Weight> 0.245427
<Mean>
1280.090210 17.746099 -18.867567 -6.307471 10.648213 -1.123110 -7.368773 0.354261 0.357833 
<Inverted_Deviation>
0.006032 0.006158 0.018190 0.017463 0.035771 0.060799 0.070711 0.070711 0.070711 
<LogVarVal> 37.484863
<Mixture> 2 <Weight> 0.553354
<Mean>
895.327820 37.989738 1.043870 -3.189243 5.954834 0.361323 -5.865787 -0.845002 0.431109 
<Inverted_Deviation>
0.007743 0.014264 0.058590 0.010919 0.035219 0.070711 0.069658 0.070711 0.070711 
<LogVarVal> 35.574574
<State> 4
<NumMixes> 3
<Mixture> 0 <Weight> 0.363158
<Mean>
711.092346 -21.638313 2.354202 -40.448555 -2.146927 0.567125 0.681303 0.901505 -0.069591 
<Inverted_Deviation>
0.007643 0.017549 0.070711 0.012258 0.040415 0.070711 0.034230 0.069446 0.070711 
<LogVarVal> 35.667488
<Mixture> 1 <Weight> 0.513784
<Mean>
1007.739563 -23.055281 -0.353403 -6.032695 -1.838584 -0.178938 -3.415354 -0.416069 0.171739 
<Inverted_Deviation>
0.005478 0.026616 0.070711 0.021354 0.067807 0.070711 0.065858 0.070711 0.070711 
<LogVarVal> 33.838974
<Mixture> 2 <Weight> 0.123058
<Mean>
252.139343 -19.144056 4.118350 -54.324841 4.352645 -0.819664 7.261325 -0.546434 -0.102468 
<Inverted_Deviation>
0.006114 0.020824 0.070711 0.017553 0.039307 0.070711 0.037542 0.070711 0.070711 
<LogVarVal> 35.277927
<State> 5
<NumMixes> 3
<Mixture> 0 <Weight> 0.374050
<Mean>
1827.840698 -46.937370 -22.566271 0.952388 -0.738065 0.110160 0.048812 -0.045503 -0.059540 
<Inverted_Deviation>
0.004068 0.006702 0.011503 0.024939 0.032265 0.040150 0.051177 0.061587 0.070711 
<LogVarVal> 38.875450
<Mixture> 1 <Weight> 0.232134
<Mean>
477.014374 29.277250 22.415874 -23.281109 0.047793 -1.243491 15.225844 -0.477595 -0.469614 
<Inverted_Deviation>
0.003730 0.004131 0.007229 0.006815 0.015098 0.025121 0.012924 0.028589 0.050567 
<LogVarVal> 44.915321
<Mixture> 2 <Weight> 0.393817
<Mean>
1221.494873 -108.732254 7.490422 -8.683967 0.031955 0.894000 -4.443400 0.429992 0.194746 
<Inverted_Deviation>
0.004153 0.003660 0.006692 0.009983 0.018507 0.020299 0.017400 0.042302 0.052539 
<LogVarVal> 43.906368
<TransP>
-0.282416 -1.402261 -10000000000.000000 -10000000000.000000 -10000000000.000000 -10000000000.000000 
-10000000000.000000 -0.047937 -3.061745 -10000000000.000000 -10000000000.000000 -10000000000.000000 
-10000000000.000000 -10000000000.000000 -0.097957 -2.371807 -10000000000.000000 -10000000000.000000 
-10000000000.000000 -10000000000.000000 -10000000000.000000 -0.092988 -2.421417 -10000000000.000000 
-10000000000.000000 -10000000000.000000 -10000000000.000000 -10000000000.000000 -0.060171 -2.840508 
-10000000000.000000 -10000000000.000000 -10000000000.000000 -10000000000.000000 -10000000000.000000 0.000000 
<EndEmbeddedHMM>
<BeginEmbeddedHMM>
<NumStates> 6
<State> 0
<NumMixes> 3
<Mixture> 0 <Weight> 0.462929
<Mean>
406.372070 -17.858875 7.979189 17.081825 -5.837723 -3.579954 0.974916 1.717651 1.450173 
<Inverted_Deviation>
0.003071 0.008025 0.015870 0.007873 0.013651 0.023177 0.016574 0.023538 0.031958 
<LogVarVal> 44.100964
<Mixture> 1 <Weight> 0.246534
<Mean>
1165.059692 298.239502 64.468697 -78.259438 -49.051849 10.984715 6.954321 -4.449895 -7.962116 
<Inverted_Deviation>
0.002702 0.003137 0.006228 0.007077 0.009770 0.009995 0.019542 0.018321 0.021412 
<LogVarVal> 47.872032
<Mixture> 2 <Weight> 0.290536
<Mean>
2236.186279 118.609795 -53.720726 -30.983332 27.460165 -4.777323 -6.368480 0.780250 4.361140 
<Inverted_Deviation>
0.003303 0.003985 0.008387 0.008892 0.013094 0.017485 0.022437 0.028038 0.028799 
<LogVarVal> 45.193890
<State> 1
<NumMixes> 3
<Mixture> 0 <Weight> 0.589586
<Mean>
535.165588 6.251374 0.950970 10.183963 0.148367 0.185535 -0.640920 0.054614 -0.035304 
<Inverted_Deviation>
0.012348 0.027991 0.070711 0.037018 0.070711 0.070711 0.070711 0.070711 0.070711 
<LogVarVal> 32.312706
<Mixture> 1 <Weight> 0.194407
<Mean>
757.791016 29.787214 -1.451508 12.840520 0.360088 0.070812 -1.752480 0.163409 0.076464 
<Inverted_Deviation>
0.006403 0.015391 0.053963 0.024098 0.070711 0.070711 0.070711 0.070711 0.070711 
<LogVarVal> 34.267124
<Mixture> 2 <Weight> 0.216007
<Mean>
324.070953 4.471612 0.963740 18.019867 -0.948910 -0.056275 -0.758731 -0.067645 0.023943 
<Inverted_Deviation>
0.009605 0.037417 0.070711 0.031981 0.070711 0.070711 0.070711 0.070711 0.070711 
<LogVarVal> 32.419971
<State> 2
<NumMixes> 3
<Mixture> 0 <Weight> 0.060330
<Mean>
649.797241 -5.856244 -2.363636 81.127098 -8.158874 0.097232 -17.051994 1.070801 0.548855 
<Inverted_Deviation>
0.010137 0.023010 0.063221 0.009996 0.032029 0.070711 0.028440 0.070711 0.070711 
<LogVarVal> 35.829964
<Mixture> 1 <Weight> 0.343739
<Mean>
410.932190 1.555151 0.133724 34.338402 -2.408658 -0.774935 -5.976071 -0.477856 0.147469 
<Inverted_Deviation>
0.010919 0.019904 0.069198 0.008591 0.036102 0.070711 0.024748 0.062246 0.070711 
<LogVarVal> 36.108555
<Mixture> 2 <Weight> 0.595931
<Mean>
182.799286 1.124121 1.952071 8.009623 1.675055 0.128319 9.598791 -0.312214 -0.115485 
<Inverted_Deviation>
0.009385 0.027714 0.070711 0.010970 0.043657 0.070711 0.031295 0.070711 0.070711 
<LogVarVal> 35.110691
<State> 3
<NumMixes> 3
<Mixture> 0 <Weight> 0.411520
<Mean>
560.788391 -35.022106 -0.310708 70.267418 5.384714 -0.964746 -8.765241 3.399260 -0.024484 
<Inverted_Deviation>
0.009045 0.011028 0.030792 0.005587 0.020561 0.045644 0.015190 0.029975 0.056918 
<LogVarVal> 40.563763
<Mixture> 1 <Weight> 0.249109
<Mean>
817.771362 -22.273603 -11.454858 0.693614 3.785042 2.033511 -24.630026 -1.813021 2.311720 
<Inverted_Deviation>
0.007549 0.010058 0.030007 0.006956 0.018101 0.046381 0.021243 0.039668 0.070711 
<LogVarVal> 39.922146
<Mixture> 2 <Weight> 0.339371
<Mean>
292.605438 -17.577530 7.816512 0.433865 -5.312898 0.114959 31.401009 -0.821851 -1.469533 
<Inverted_Deviation>
0.007527 0.011710 0.031509 0.005622 0.018561 0.041972 0.012609 0.031327 0.056895 
<LogVarVal> 40.986992
<State> 4
<NumMixes> 3
<Mixture> 0 <Weight> 0.444710
<Mean>
824.848816 -4.554097 0.063482 10.339205 -0.303379 0.034675 -1.723461 -0.485502 -0.002431 
<Inverted_Deviation>
0.011363 0.026635 0.070711 0.026449 0.070711 0.070711 0.070711 0.070711 0.070711 
<LogVarVal> 32.781696
<Mixture> 1 <Weight> 0.462642
<Mean>
618.267395 -6.905617 1.322574 6.613943 0.185696 -0.108795 0.016241 -0.064997 0.009290 
<Inverted_Deviation>
0.009092 0.027480 0.070711 0.024586 0.067198 0.070711 0.070711 0.070711 0.070711 
<LogVarVal> 33.097370
<Mixture> 2 <Weight> 0.092648
<Mean>
1013.068359 -12.668538 0.088277 4.167033 3.518021 -1.315837 -3.904771 -0.386181 0.020546 
<Inverted_Deviation>
0.014725 0.020331 0.066949 0.025870 0.067179 0.070711 0.070711 0.070711 0.070711 
<LogVarVal> 32.920647
<State> 5
<NumMixes> 3
<Mixture> 0 <Weight> 0.695026
<Mean>
1750.015137 -21.933533 -12.494152 -9.626784 -5.365564 -2.955179 -1.788230 -0.549276 -0.001447 
<Inverted_Deviation>
0.003692 0.007838 0.012533 0.021243 0.030592 0.042934 0.041645 0.062024 0.070711 
<LogVarVal> 39.075882
<Mixture> 1 <Weight> 0.103759
<Mean>
681.300903 -37.380424 58.032711 -32.593456 40.530525 -22.719040 11.252548 -5.235383 0.559378 
<Inverted_Deviation>
0.003922 0.004072 0.008346 0.011210 0.014693 0.019090 0.021461 0.036626 0.037727 
<LogVarVal> 44.077831
<Mixture> 2 <Weight> 0.201215
<Mean>
1242.269409 -282.131531 1.983663 -62.672916 1.712078 22.859150 0.824393 5.031073 -0.666843 
<Inverted_Deviation>
0.004092 0.004420 0.005769 0.010195 0.013870 0.014746 0.024953 0.035115 0.033677 
<LogVarVal> 44.738457
<TransP>
-0.291910 -1.373716 -10000000000.000000 -10000000000.000000 -10000000000.000000 -10000000000.000000 
-10000000000.000000 -0.048927 -3.041798 -10000000000.000000 -10000000000.000000 -10000000000.000000 
-10000000000.000000 -10000000000.000000 -0.076512 -2.608318 -10000000000.000000 -10000000000.000000 
-10000000000.000000 -10000000000.000000 -10000000000.000000 -0.133192 -2.081820 -10000000000.000000 
-10000000000.000000 -10000000000.000000 -10000000000.000000 -10000000000.000000 -0.064817 -2.768413 
-10000000000.000000 -10000000000.000000 -10000000000.000000 -10000000000.000000 -10000000000.000000 0.000000 
<EndEmbeddedHMM>
<BeginEmbeddedHMM>
<NumStates> 3
<State> 0
<NumMixes> 3
<Mixture> 0 <Weight> 0.278409
<Mean>
2020.116089 71.694298 -24.549789 89.467377 -15.582582 -1.025003 -78.490723 19.896435 1.316284 
<Inverted_Deviation>
0.003736 0.005557 0.010471 0.003767 0.008385 0.016091 0.005547 0.014977 0.022572 
<LogVarVal> 48.171879
<Mixture> 1 <Weight> 0.176136
<Mean>
1040.258179 271.424652 6.810868 597.264893 50.180347 -13.788931 -25.753138 -72.553909 -3.102877 
<Inverted_Deviation>
0.002269 0.003410 0.006662 0.002091 0.005021 0.008842 0.002930 0.007925 0.010700 
<LogVarVal> 53.332478
<Mixture> 2 <Weight> 0.545455
<Mean>
179.717712 32.623707 13.773529 74.447235 22.560970 5.071306 26.754116 11.854361 0.453087 
<Inverted_Deviation>
0.004840 0.008245 0.015565 0.006168 0.009658 0.021119 0.009285 0.015347 0.028789 
<LogVarVal> 45.432899
<State> 1
<NumMixes> 3
<Mixture> 0 <Weight> 0.513228
<Mean>
80.284073 -1.674757 1.083404 8.541006 0.556019 0.073546 5.075843 0.127735 -0.045547 
<Inverted_Deviation>
0.012621 0.039508 0.070711 0.023017 0.069585 0.070711 0.069341 0.070711 0.070711 
<LogVarVal> 32.457005
<Mixture> 1 <Weight> 0.337972
<Mean>
245.131927 -4.081102 -0.618259 12.130453 -0.063389 0.030908 -0.999543 -0.200012 0.140053 
<Inverted_Deviation>
0.013252 0.030664 0.070711 0.015438 0.063993 0.070711 0.053934 0.070711 0.070711 
<LogVarVal> 33.396141
<Mixture> 2 <Weight> 0.148800
<Mean>
455.738983 -9.550448 -1.540723 9.687077 -2.224836 0.669455 -2.466096 0.380807 -0.285644 
<Inverted_Deviation>
0.010284 0.036073 0.070711 0.020265 0.060123 0.070711 0.063172 0.070711 0.070711 
<LogVarVal> 33.119423
<State> 2
<NumMixes> 3
<Mixture> 0 <Weight> 0.513249
<Mean>
1750.209351 -43.697002 -10.676954 35.501305 10.527347 -0.103682 -27.126486 -9.417486 0.251046 
<Inverted_Deviation>
0.002615 0.007766 0.017029 0.005895 0.011095 0.025852 0.010715 0.019805 0.029943 
<LogVarVal> 45.285091
<Mixture> 1 <Weight> 0.298963
<Mean>
207.708267 -14.500340 12.975109 68.250374 -22.575663 2.820125 37.763996 -15.583797 1.795764 
<Inverted_Deviation>
0.004366 0.008065 0.018897 0.005084 0.009097 0.017101 0.009330 0.015438 0.019359 
<LogVarVal> 46.214088
<Mixture> 2 <Weight> 0.187788
<Mean>
912.457336 -224.743469 11.382510 335.598450 -1.427287 -6.895478 -12.539116 52.132656 -3.031925 
<Inverted_Deviation>
0.002788 0.004946 0.009743 0.002138 0.005552 0.009202 0.004503 0.007738 0.010673 
<LogVarVal> 51.808418
<TransP>
-0.192028 -1.744594 -10000000000.000000 
-10000000000.000000 -0.018989 -3.973355 
-10000000000.000000 -10000000000.000000 0.000000 
<EndEmbeddedHMM>
