<NumSuperStates> 5
<NumStates> 3 6 6 6 3 
<NumMixtures> 3 3 3 3 3 3 3 3 3 3 3 3 3 3 3 3 3 3 3 3 3 3 3 3 
<VecSize> 9
<BeginExternalHMM>
<NumStates> 5
<TransP>
-0.094673 -2.404286 -10000000000.000000 -10000000000.000000 -10000000000.000000 
-10000000000.000000 -0.113599 -2.231341 -10000000000.000000 -10000000000.000000 
-10000000000.000000 -10000000000.000000 -0.120102 -2.178865 -10000000000.000000 
-10000000000.000000 -10000000000.000000 -10000000000.000000 -0.061872 -2.813461 
-10000000000.000000 -10000000000.000000 -10000000000.000000 -10000000000.000000 0.000000 
<EndExternalHMM>
<BeginEmbeddedHMM>
<NumStates> 3
<State> 0
<NumMixes> 3
<Mixture> 0 <Weight> 0.176898
<Mean>
2058.427490 -59.601585 -17.781321 -269.061157 -14.130480 -0.274606 -193.970703 -0.427153 1.870437 
<Inverted_Deviation>
0.002872 0.005601 0.022946 0.005538 0.023006 0.057690 0.005825 0.029357 0.059972 
<LogVarVal> 43.272034
<Mixture> 1 <Weight> 0.538772
<Mean>
387.658264 -29.823362 26.968262 -7.926581 12.994573 -2.212109 17.822819 -1.015496 -1.423651 
<Inverted_Deviation>
0.003756 0.006173 0.014106 0.010035 0.018405 0.036861 0.015165 0.031359 0.048123 
<LogVarVal> 42.666668
<Mixture> 2 <Weight> 0.284330
<Mean>
1314.543945 -148.822632 -11.682933 -79.511490 -3.340765 5.764673 -17.122927 9.232986 1.687613 
<Inverted_Deviation>
0.002761 0.004148 0.017573 0.003966 0.013567 0.023258 0.013168 0.021429 0.031785 
<LogVarVal> 45.782860
<State> 1
<NumMixes> 3
<Mixture> 0 <Weight> 0.429224
<Mean>
1699.303101 9.980932 -2.896838 0.714705 -0.338203 -0.525728 -6.913032 -0.323265 -0.115589 
<Inverted_Deviation>
0.005663 0.015950 0.070711 0.012917 0.052809 0.070711 0.034357 0.070711 0.070711 
<LogVarVal> 35.721336
<Mixture> 1 <Weight> 0.122831
<Mean>
2642.525635 6.200323 -4.214166 -6.186773 -0.369023 -0.445994 -1.393922 -0.071315 -0.147229 
<Inverted_Deviation>
0.006738 0.017743 0.070711 0.050441 0.070711 0.070711 0.070711 0.070711 0.070711 
<LogVarVal> 33.064999
<Mixture> 2 <Weight> 0.447945
<Mean>
2093.678223 2.004776 -1.269786 -5.660683 0.326804 -0.132947 -3.475568 -0.123533 -0.061036 
<Inverted_Deviation>
0.006426 0.024558 0.070711 0.022384 0.070711 0.070711 0.048898 0.070711 0.070711 
<LogVarVal> 33.968571
<State> 2
<NumMixes> 3
<Mixture> 0 <Weight> 0.282316
<Mean>
1087.379395 185.507828 -3.922150 -56.507133 -0.582647 6.960690 -2.938836 -10.107677 1.115618 
<Inverted_Deviation>
0.003072 0.003373 0.008507 0.005467 0.012889 0.018370 0.018461 0.020208 0.032451 
<LogVarVal> 46.274841
<Mixture> 1 <Weight> 0.632885
<Mean>
312.699219 28.756409 23.131138 7.298627 -13.162354 -2.768483 12.979554 0.719697 -0.931541 
<Inverted_Deviation>
0.004458 0.006429 0.014055 0.010996 0.018415 0.029392 0.019158 0.044678 0.052283 
<LogVarVal> 41.922245
<Mixture> 2 <Weight> 0.084798
<Mean>
1976.282349 80.948074 -71.306534 -15.686440 28.772654 -1.544223 -62.719887 4.909700 2.835067 
<Inverted_Deviation>
0.002349 0.002695 0.007104 0.004163 0.010675 0.025185 0.008630 0.021164 0.038713 
<LogVarVal> 47.630939
<TransP>
-0.064215 -2.777447 -10000000000.000000 
-10000000000.000000 -0.035793 -3.347852 
-10000000000.000000 -10000000000.000000 0.000000 
<EndEmbeddedHMM>
<BeginEmbeddedHMM>
<NumStates> 6
<State> 0
<NumMixes> 3
<Mixture> 0 <Weight> 0.429739
<Mean>
1996.597168 -70.198418 -48.413086 -25.508327 -2.422032 0.767363 -5.614788 0.053239 -0.132145 
<Inverted_Deviation>
0.002266 0.004608 0.008777 0.015600 0.022525 0.033723 0.051456 0.050337 0.070711 
<LogVarVal> 41.304718
<Mixture> 1 <Weight> 0.375817
<Mean>
459.484314 -24.584314 66.550789 -25.038847 8.493844 -4.044939 1.789460 -0.056941 -0.556775 
<Inverted_Deviation>
0.004119 0.005095 0.007543 0.018247 0.020263 0.034331 0.038635 0.047613 0.056581 
<LogVarVal> 41.254669
<Mixture> 2 <Weight> 0.194444
<Mean>
1210.494019 -487.618713 -2.574413 -65.790955 8.842506 18.131462 -4.256522 5.866479 0.419363 
<Inverted_Deviation>
0.002645 0.003439 0.004904 0.009978 0.015968 0.016306 0.029927 0.039458 0.035297 
<LogVarVal> 45.022747
<State> 1
<NumMixes> 3
<Mixture> 0 <Weight> 0.252874
<Mean>
1481.825439 60.066330 5.919976 317.571472 -31.989052 -20.862864 26.867756 -9.733505 0.965274 
<Inverted_Deviation>
0.002464 0.004553 0.011718 0.002675 0.006898 0.016375 0.003297 0.010941 0.024130 
<LogVarVal> 49.962330
<Mixture> 1 <Weight> 0.334975
<Mean>
807.840698 27.980087 21.614117 -140.382065 -3.888607 7.549498 80.399101 -3.485685 -3.563411 
<Inverted_Deviation>
0.002299 0.004451 0.009517 0.002686 0.007158 0.013503 0.005121 0.010353 0.016265 
<LogVarVal> 50.423206
<Mixture> 2 <Weight> 0.412151
<Mean>
2129.065430 13.231019 -13.611609 -100.825737 -14.499578 6.349601 -27.164600 -2.567906 3.115543 
<Inverted_Deviation>
0.002496 0.004197 0.013437 0.002744 0.006156 0.016380 0.004248 0.009700 0.021945 
<LogVarVal> 49.944031
<State> 2
<NumMixes> 3
<Mixture> 0 <Weight> 0.084967
<Mean>
1116.773682 -259.942200 18.372519 180.125702 2.827395 -18.015541 84.643188 57.910900 -12.079140 
<Inverted_Deviation>
0.003160 0.004473 0.011138 0.002680 0.005330 0.009686 0.005422 0.009184 0.009298 
<LogVarVal> 51.194820
<Mixture> 1 <Weight> 0.250545
<Mean>
1896.162598 -100.864616 -20.624214 100.844551 44.789467 -2.087385 -18.113401 6.083757 4.833811 
<Inverted_Deviation>
0.003627 0.004365 0.012527 0.003666 0.008199 0.015137 0.008013 0.012177 0.019588 
<LogVarVal> 48.355423
<Mixture> 2 <Weight> 0.664488
<Mean>
2516.636719 -11.739051 -11.832008 23.342262 1.155946 -0.370517 -19.767754 0.105372 -0.117350 
<Inverted_Deviation>
0.004161 0.008935 0.025738 0.007247 0.016808 0.044250 0.013932 0.028128 0.063914 
<LogVarVal> 41.736568
<State> 3
<NumMixes> 3
<Mixture> 0 <Weight> 0.207273
<Mean>
2194.129639 50.215855 -19.884338 5.340823 -6.605421 3.357841 -11.873363 2.937937 -1.446785 
<Inverted_Deviation>
0.004222 0.007597 0.017909 0.009343 0.019125 0.038771 0.024269 0.037309 0.052450 
<LogVarVal> 41.356033
<Mixture> 1 <Weight> 0.420606
<Mean>
1182.595459 10.228962 4.298622 -6.877316 -5.346847 0.594759 6.875869 -1.384704 -0.642041 
<Inverted_Deviation>
0.003653 0.009078 0.049502 0.003085 0.018171 0.051623 0.011432 0.033307 0.070123 
<LogVarVal> 41.754868
<Mixture> 2 <Weight> 0.372121
<Mean>
1749.945190 20.513857 0.806225 -59.285568 4.736912 0.260776 -27.315750 -1.480850 0.144965 
<Inverted_Deviation>
0.004665 0.007402 0.027353 0.004803 0.020997 0.046144 0.016003 0.044039 0.070711 
<LogVarVal> 41.208614
<State> 4
<NumMixes> 3
<Mixture> 0 <Weight> 0.352201
<Mean>
767.418152 33.068756 19.155113 -36.155731 -1.725422 4.180427 91.673019 5.638922 -2.975976 
<Inverted_Deviation>
0.003205 0.004441 0.009127 0.002694 0.008952 0.013855 0.006716 0.012411 0.017279 
<LogVarVal> 49.370571
<Mixture> 1 <Weight> 0.339623
<Mean>
1933.959961 60.971855 -13.505544 -74.509407 -3.697634 2.427507 -42.483055 5.415867 5.057552 
<Inverted_Deviation>
0.003261 0.003573 0.007186 0.002536 0.005421 0.010785 0.004233 0.007978 0.014566 
<LogVarVal> 51.695980
<Mixture> 2 <Weight> 0.308176
<Mean>
1347.388306 43.293785 -3.640623 163.143982 35.059399 -13.569989 26.799709 -11.330051 0.155118 
<Inverted_Deviation>
0.003659 0.003244 0.006457 0.002372 0.005723 0.010527 0.004090 0.007661 0.012330 
<LogVarVal> 52.062851
<State> 5
<NumMixes> 3
<Mixture> 0 <Weight> 0.368705
<Mean>
1314.899292 159.882996 -34.492279 -56.860409 14.544419 8.373797 -7.325345 -2.719099 2.507723 
<Inverted_Deviation>
0.002663 0.002672 0.006955 0.009471 0.014841 0.020626 0.040020 0.042979 0.052224 
<LogVarVal> 44.041691
<Mixture> 1 <Weight> 0.079137
<Mean>
2361.076172 -70.306679 -72.439598 -46.152771 -16.366236 -12.818957 -10.401194 -0.745229 -2.686244 
<Inverted_Deviation>
0.002117 0.002529 0.004991 0.015889 0.013603 0.019838 0.044125 0.035761 0.032638 
<LogVarVal> 44.822998
<Mixture> 2 <Weight> 0.552158
<Mean>
315.717041 63.186062 50.895668 -30.610010 -12.691918 -0.706174 2.999113 -0.816950 -1.926752 
<Inverted_Deviation>
0.003218 0.004158 0.009353 0.013697 0.017866 0.033565 0.052749 0.051761 0.057202 
<LogVarVal> 41.519035
<TransP>
-0.143855 -2.010013 -10000000000.000000 -10000000000.000000 -10000000000.000000 -10000000000.000000 
-10000000000.000000 -0.144618 -2.005099 -10000000000.000000 -10000000000.000000 -10000000000.000000 
-10000000000.000000 -10000000000.000000 -0.196805 -1.722331 -10000000000.000000 -10000000000.000000 
-10000000000.000000 -10000000000.000000 -10000000000.000000 -0.104687 -2.308664 -10000000000.000000 
-10000000000.000000 -10000000000.000000 -10000000000.000000 -10000000000.000000 -0.138034 -2.048479 
-10000000000.000000 -10000000000.000000 -10000000000.000000 -10000000000.000000 -10000000000.000000 -0.000000 
<EndEmbeddedHMM>
<BeginEmbeddedHMM>
<NumStates> 6
<State> 0
<NumMixes> 3
<Mixture> 0 <Weight> 0.397297
<Mean>
1430.765381 -190.479385 -62.006351 6.658579 -28.703320 -17.937710 -2.384267 3.955118 4.525780 
<Inverted_Deviation>
0.003749 0.001886 0.004844 0.004287 0.006301 0.008328 0.013986 0.014274 0.016054 
<LogVarVal> 50.299156
<Mixture> 1 <Weight> 0.254054
<Mean>
2196.555176 -185.534698 -158.997375 28.408264 20.999992 4.211777 -8.120846 1.820274 5.243452 
<Inverted_Deviation>
0.003494 0.002892 0.005040 0.008813 0.007672 0.013532 0.033982 0.025231 0.024499 
<LogVarVal> 46.619453
<Mixture> 2 <Weight> 0.348649
<Mean>
763.296509 -32.293274 133.992905 -20.039953 -13.476337 14.928324 17.481842 -0.312593 -8.135530 
<Inverted_Deviation>
0.002928 0.001963 0.005200 0.005394 0.006790 0.010038 0.015666 0.019043 0.022509 
<LogVarVal> 49.204754
<State> 1
<NumMixes> 3
<Mixture> 0 <Weight> 0.524520
<Mean>
2663.402100 -2.057295 -6.146949 -4.046422 1.610631 0.505307 -16.947920 -1.670734 -0.543245 
<Inverted_Deviation>
0.004330 0.009160 0.033675 0.006851 0.015961 0.035137 0.017701 0.026507 0.044801 
<LogVarVal> 41.916927
<Mixture> 1 <Weight> 0.089552
<Mean>
1460.001953 -41.176620 22.149376 -83.457863 -45.394817 14.817508 92.313660 -19.903666 -10.154126 
<Inverted_Deviation>
0.003450 0.003474 0.008389 0.002235 0.005186 0.010270 0.003888 0.007888 0.016205 
<LogVarVal> 51.722427
<Mixture> 2 <Weight> 0.385928
<Mean>
1950.563232 -74.773163 -6.950740 85.758636 16.930166 -3.251979 -8.506382 7.765273 2.938833 
<Inverted_Deviation>
0.003373 0.004644 0.011988 0.003958 0.008476 0.016391 0.005590 0.011595 0.019174 
<LogVarVal> 48.651009
<State> 2
<NumMixes> 3
<Mixture> 0 <Weight> 0.091772
<Mean>
1427.002808 5.017976 7.100132 -130.432129 3.547153 1.003740 -28.270365 1.614257 0.759086 
<Inverted_Deviation>
0.004185 0.009033 0.038569 0.019041 0.024902 0.043048 0.013471 0.039643 0.065010 
<LogVarVal> 39.657337
<Mixture> 1 <Weight> 0.102848
<Mean>
2529.305176 -12.421544 -16.751287 -7.126382 -7.651919 -0.793213 -12.725323 0.397205 0.823125 
<Inverted_Deviation>
0.003976 0.009669 0.021107 0.005389 0.020252 0.052587 0.028702 0.052247 0.070711 
<LogVarVal> 40.395477
<Mixture> 2 <Weight> 0.805380
<Mean>
2015.872803 -16.664492 -2.912550 -15.356312 3.192234 -0.153590 -3.209764 -0.620349 -0.274932 
<Inverted_Deviation>
0.004731 0.010798 0.031085 0.014565 0.034227 0.057557 0.038117 0.070711 0.070711 
<LogVarVal> 37.528576
<State> 3
<NumMixes> 3
<Mixture> 0 <Weight> 0.044510
<Mean>
1422.139038 356.103638 125.373749 -119.569740 82.591507 -1.204848 13.109622 -3.764099 -14.324803 
<Inverted_Deviation>
0.003091 0.002165 0.003503 0.003373 0.007115 0.007927 0.014748 0.028047 0.025701 
<LogVarVal> 49.646397
<Mixture> 1 <Weight> 0.569733
<Mean>
2484.954590 11.724101 -11.521770 12.502245 3.007129 1.833008 -17.707319 0.301940 1.515275 
<Inverted_Deviation>
0.005089 0.005212 0.012109 0.006441 0.013710 0.024023 0.015035 0.027049 0.038986 
<LogVarVal> 44.218021
<Mixture> 2 <Weight> 0.385757
<Mean>
2127.014160 7.769768 10.134171 21.281256 -0.505267 -0.539221 1.714477 -1.921797 -1.303667 
<Inverted_Deviation>
0.005911 0.005344 0.010931 0.007108 0.011997 0.018722 0.015678 0.017666 0.023141 
<LogVarVal> 45.335506
<State> 4
<NumMixes> 3
<Mixture> 0 <Weight> 0.688132
<Mean>
2341.371094 9.205812 -6.836754 -5.040915 -1.120104 -0.386233 -9.374799 0.587772 -0.108412 
<Inverted_Deviation>
0.005501 0.012203 0.043764 0.011851 0.023979 0.051814 0.025051 0.041517 0.066896 
<LogVarVal> 38.588264
<Mixture> 1 <Weight> 0.224471
<Mean>
1696.865601 37.873276 0.817743 -86.905464 1.315184 -0.016993 -7.701622 -2.749739 1.011371 
<Inverted_Deviation>
0.003637 0.004435 0.009000 0.003168 0.006660 0.011319 0.005827 0.009166 0.013914 
<LogVarVal> 50.256725
<Mixture> 2 <Weight> 0.087397
<Mean>
901.746399 13.868366 25.040020 -192.239517 8.700853 6.014355 36.509521 4.047926 -1.388954 
<Inverted_Deviation>
0.002206 0.003521 0.007985 0.003395 0.007207 0.012302 0.006345 0.008647 0.012802 
<LogVarVal> 50.932076
<State> 5
<NumMixes> 3
<Mixture> 0 <Weight> 0.241436
<Mean>
1220.832520 188.378693 -12.970630 16.903927 -6.380160 3.099386 -4.706155 -0.494303 1.936956 
<Inverted_Deviation>
0.002776 0.003640 0.008104 0.008965 0.018587 0.024961 0.028327 0.038267 0.032497 
<LogVarVal> 44.113091
<Mixture> 1 <Weight> 0.337684
<Mean>
237.476288 50.896690 39.720009 4.303331 6.760344 0.195696 2.071877 -0.865565 -0.850835 
<Inverted_Deviation>
0.004241 0.004820 0.011898 0.014603 0.024509 0.028537 0.064137 0.051764 0.052500 
<LogVarVal> 40.527069
<Mixture> 2 <Weight> 0.420881
<Mean>
1929.159668 71.663567 -23.697376 -3.760412 -3.072479 -2.381829 -4.220467 -0.479599 0.001906 
<Inverted_Deviation>
0.002422 0.004688 0.014714 0.014827 0.019867 0.031756 0.049935 0.049445 0.056256 
<LogVarVal> 41.217472
<TransP>
-0.278713 -1.413693 -10000000000.000000 -10000000000.000000 -10000000000.000000 -10000000000.000000 
-10000000000.000000 -0.213067 -1.650793 -10000000000.000000 -10000000000.000000 -10000000000.000000 
-10000000000.000000 -10000000000.000000 -0.153623 -1.949080 -10000000000.000000 -10000000000.000000 
-10000000000.000000 -10000000000.000000 -10000000000.000000 -0.310695 -1.320273 -10000000000.000000 
-10000000000.000000 -10000000000.000000 -10000000000.000000 -10000000000.000000 -0.086426 -2.491367 
-10000000000.000000 -10000000000.000000 -10000000000.000000 -10000000000.000000 -10000000000.000000 0.000000 
<EndEmbeddedHMM>
<BeginEmbeddedHMM>
<NumStates> 6
<State> 0
<NumMixes> 3
<Mixture> 0 <Weight> 0.253145
<Mean>
492.697784 -1.058495 56.408878 23.835306 -31.562832 14.108637 28.174969 -6.120607 -2.083685 
<Inverted_Deviation>
0.002805 0.004291 0.008736 0.005216 0.007307 0.013914 0.015678 0.018712 0.023547 
<LogVarVal> 47.551727
<Mixture> 1 <Weight> 0.358491
<Mean>
1897.607178 -49.440804 -60.431980 5.299526 4.749881 1.649943 -12.730792 0.693310 0.495845 
<Inverted_Deviation>
0.004719 0.004023 0.006985 0.007225 0.011791 0.016883 0.018343 0.024312 0.023134 
<LogVarVal> 45.921074
<Mixture> 2 <Weight> 0.388365
<Mean>
1276.338989 -50.600773 -7.794019 5.406793 0.514466 -8.722481 -3.132457 -0.658545 3.237895 
<Inverted_Deviation>
0.003499 0.002884 0.006058 0.004125 0.007697 0.010268 0.016850 0.015577 0.017829 
<LogVarVal> 48.970432
<State> 1
<NumMixes> 3
<Mixture> 0 <Weight> 0.254392
<Mean>
2248.289063 -33.364471 -16.700966 22.387983 13.077192 0.668041 -5.839526 0.562337 -0.209490 
<Inverted_Deviation>
0.002745 0.007094 0.019327 0.011173 0.014480 0.027947 0.045683 0.045959 0.043459 
<LogVarVal> 41.552818
<Mixture> 1 <Weight> 0.662684
<Mean>
1501.210449 4.825258 -1.699950 -3.368283 0.616814 1.409706 -2.386941 -1.162311 0.220337 
<Inverted_Deviation>
0.003502 0.010202 0.024895 0.011006 0.022153 0.037397 0.029992 0.040760 0.048998 
<LogVarVal> 40.411976
<Mixture> 2 <Weight> 0.082923
<Mean>
996.993713 -153.067169 20.708635 143.217896 -17.563543 -26.238466 31.543898 26.112190 -6.127264 
<Inverted_Deviation>
0.003143 0.002854 0.008713 0.003089 0.005356 0.007836 0.007753 0.009135 0.011198 
<LogVarVal> 51.421772
<State> 2
<NumMixes> 3
<Mixture> 0 <Weight> 0.408104
<Mean>
1864.454102 -5.761701 17.093285 -17.664743 -5.853156 3.094615 24.664566 -0.061951 -3.482946 
<Inverted_Deviation>
0.004227 0.004517 0.008415 0.003412 0.006349 0.010508 0.005258 0.008225 0.012582 
<LogVarVal> 50.514473
<Mixture> 1 <Weight> 0.237337
<Mean>
2291.246826 25.214134 -21.504787 -12.643133 22.994478 4.343937 -40.595623 -4.457605 7.098621 
<Inverted_Deviation>
0.004860 0.004717 0.011213 0.003342 0.007391 0.012211 0.004700 0.011047 0.016573 
<LogVarVal> 49.304871
<Mixture> 2 <Weight> 0.354559
<Mean>
1077.394409 -1.606398 11.608986 -2.920998 -9.888605 2.077448 23.006145 -6.297705 -2.981525 
<Inverted_Deviation>
0.004112 0.008852 0.018992 0.004340 0.011556 0.020984 0.007454 0.017132 0.028919 
<LogVarVal> 45.609463
<State> 3
<NumMixes> 3
<Mixture> 0 <Weight> 0.360839
<Mean>
1349.129150 -50.188683 7.674765 51.979721 0.672331 0.066748 30.120321 10.191815 0.028098 
<Inverted_Deviation>
0.006395 0.006862 0.013628 0.003604 0.009022 0.016081 0.008066 0.014761 0.022095 
<LogVarVal> 46.793221
<Mixture> 1 <Weight> 0.269930
<Mean>
2314.609619 -30.989229 -7.882905 -3.597069 0.008104 -0.593930 -29.059084 -0.410660 1.363676 
<Inverted_Deviation>
0.003741 0.008603 0.021504 0.005425 0.013324 0.029671 0.014509 0.023724 0.040456 
<LogVarVal> 43.569092
<Mixture> 2 <Weight> 0.369231
<Mean>
1738.169922 -21.924084 -12.829284 81.157539 -5.812316 -2.503065 -31.701994 -2.588054 1.805754 
<Inverted_Deviation>
0.005231 0.008651 0.016708 0.004945 0.014687 0.027057 0.015304 0.022916 0.036790 
<LogVarVal> 43.644554
<State> 4
<NumMixes> 3
<Mixture> 0 <Weight> 0.334498
<Mean>
2250.333984 11.763527 -5.651450 7.150956 -1.339725 -0.308543 -3.203620 -0.081673 -0.161450 
<Inverted_Deviation>
0.004090 0.014104 0.058933 0.020812 0.054293 0.070711 0.070711 0.070711 0.070711 
<LogVarVal> 35.125294
<Mixture> 1 <Weight> 0.212227
<Mean>
1390.106689 34.537197 0.785285 20.719093 -1.153841 -0.364708 -0.050201 -0.325192 -0.156453 
<Inverted_Deviation>
0.005111 0.008748 0.027368 0.015084 0.036957 0.049111 0.065568 0.070711 0.070711 
<LogVarVal> 37.293858
<Mixture> 2 <Weight> 0.453275
<Mean>
1816.151367 4.614225 -1.216456 10.266125 -0.034403 0.248065 -2.640151 -0.282425 0.007038 
<Inverted_Deviation>
0.005633 0.014529 0.049088 0.015908 0.047772 0.070711 0.060426 0.070711 0.070711 
<LogVarVal> 35.512150
<State> 5
<NumMixes> 3
<Mixture> 0 <Weight> 0.183295
<Mean>
1882.782837 115.128838 -66.423508 18.845884 -57.271961 20.622828 -25.990623 15.636643 0.462443 
<Inverted_Deviation>
0.003368 0.003507 0.007368 0.003727 0.006406 0.009973 0.011233 0.012835 0.014509 
<LogVarVal> 49.736191
<Mixture> 1 <Weight> 0.488399
<Mean>
1302.829224 50.171978 -9.297120 8.062057 -12.589436 -10.114021 -5.138028 -6.799134 6.998946 
<Inverted_Deviation>
0.003721 0.002882 0.007490 0.003782 0.006960 0.008948 0.010248 0.011815 0.013958 
<LogVarVal> 50.040646
<Mixture> 2 <Weight> 0.328306
<Mean>
530.493408 57.666691 46.726498 21.227932 61.942932 3.874836 29.208387 0.366283 -10.811304 
<Inverted_Deviation>
0.002843 0.003032 0.007139 0.004050 0.006585 0.009927 0.012555 0.012532 0.014239 
<LogVarVal> 49.908543
<TransP>
-0.212975 -1.651178 -10000000000.000000 -10000000000.000000 -10000000000.000000 -10000000000.000000 
-10000000000.000000 -0.089634 -2.456501 -10000000000.000000 -10000000000.000000 -10000000000.000000 
-10000000000.000000 -10000000000.000000 -0.194259 -1.734119 -10000000000.000000 -10000000000.000000 
-10000000000.000000 -10000000000.000000 -10000000000.000000 -0.187088 -1.768261 -10000000000.000000 
-10000000000.000000 -10000000000.000000 -10000000000.000000 -10000000000.000000 -0.054747 -2.932286 
-10000000000.000000 -10000000000.000000 -10000000000.000000 -10000000000.000000 -10000000000.000000 0.000000 
<EndEmbeddedHMM>
<BeginEmbeddedHMM>
<NumStates> 3
<State> 0
<NumMixes> 3
<Mixture> 0 <Weight> 0.672823
<Mean>
337.313049 -3.761927 24.054226 1.757366 -3.139970 2.587159 12.412555 -2.567963 -1.065246 
<Inverted_Deviation>
0.004601 0.005810 0.011428 0.011014 0.013063 0.023708 0.020280 0.032266 0.033182 
<LogVarVal> 43.478607
<Mixture> 1 <Weight> 0.205805
<Mean>
1231.651611 -192.916702 -41.711998 82.237061 -17.782310 -8.876342 -42.223118 21.096750 4.933864 
<Inverted_Deviation>
0.002712 0.002460 0.005813 0.002778 0.006153 0.007617 0.007454 0.007423 0.009529 
<LogVarVal> 52.526352
<Mixture> 2 <Weight> 0.121372
<Mean>
2130.119873 -62.091351 -41.432713 82.300987 16.060005 6.207082 -108.243423 -15.011564 2.631657 
<Inverted_Deviation>
0.002440 0.003594 0.006307 0.003907 0.004977 0.008571 0.009367 0.014256 0.018169 
<LogVarVal> 50.398102
<State> 1
<NumMixes> 3
<Mixture> 0 <Weight> 0.106796
<Mean>
2485.256104 16.318054 -8.682401 91.924988 -0.351623 2.843227 -91.402008 -1.544953 -0.763302 
<Inverted_Deviation>
0.003612 0.010481 0.049479 0.006105 0.023867 0.067511 0.007498 0.039687 0.070711 
<LogVarVal> 40.637367
<Mixture> 1 <Weight> 0.567961
<Mean>
1793.988281 -4.766299 -2.231685 14.989428 3.775655 0.195012 -23.608362 -1.541542 1.090704 
<Inverted_Deviation>
0.004699 0.013158 0.047834 0.006266 0.031108 0.050782 0.012259 0.037424 0.060697 
<LogVarVal> 39.894344
<Mixture> 2 <Weight> 0.325243
<Mean>
1334.976929 -5.458016 2.954504 32.947731 -4.752905 -1.049767 -1.000808 0.796638 -2.691011 
<Inverted_Deviation>
0.003413 0.011121 0.032755 0.006103 0.013804 0.030298 0.012320 0.022655 0.035814 
<LogVarVal> 43.140968
<State> 2
<NumMixes> 3
<Mixture> 0 <Weight> 0.151943
<Mean>
450.598236 12.272295 29.711208 32.149296 12.048249 0.732266 31.494867 1.372598 -1.981978 
<Inverted_Deviation>
0.002683 0.003586 0.010925 0.005809 0.009973 0.016297 0.012508 0.025426 0.027479 
<LogVarVal> 46.740101
<Mixture> 1 <Weight> 0.309776
<Mean>
1439.968384 11.358107 -7.397765 50.028767 -2.027241 0.113111 -3.202543 -1.578976 0.797800 
<Inverted_Deviation>
0.003501 0.004739 0.018304 0.006199 0.011465 0.022637 0.019775 0.020253 0.027394 
<LogVarVal> 44.918751
<Mixture> 2 <Weight> 0.538280
<Mean>
2006.677124 -0.612336 -8.383397 1.316799 -2.086222 -0.283019 -5.588316 0.083868 -0.154878 
<Inverted_Deviation>
0.004488 0.011901 0.022588 0.015217 0.033014 0.045561 0.039105 0.057698 0.061475 
<LogVarVal> 38.347088
<TransP>
-0.071068 -2.679440 -10000000000.000000 
-10000000000.000000 -0.065186 -2.762927 
-10000000000.000000 -10000000000.000000 0.000000 
<EndEmbeddedHMM>
