<NumSuperStates> 5
<NumStates> 3 6 6 6 3 
<NumMixtures> 3 3 3 3 3 3 3 3 3 3 3 3 3 3 3 3 3 3 3 3 3 3 3 3 
<VecSize> 9
<BeginExternalHMM>
<NumStates> 5
<TransP>
-0.075986 -2.614960 -10000000000.000000 -10000000000.000000 -10000000000.000000 
-10000000000.000000 -0.064539 -2.772589 -10000000000.000000 -10000000000.000000 
-10000000000.000000 -10000000000.000000 -0.061875 -2.813411 -10000000000.000000 
-10000000000.000000 -10000000000.000000 -10000000000.000000 -0.066691 -2.740840 
-10000000000.000000 -10000000000.000000 -10000000000.000000 -10000000000.000000 0.000000 
<EndExternalHMM>
<BeginEmbeddedHMM>
<NumStates> 3
<State> 0
<NumMixes> 3
<Mixture> 0 <Weight> 0.676418
<Mean>
567.877502 -1.721822 9.022569 -17.142826 7.785200 -1.364601 1.893603 0.004472 -0.234977 
<Inverted_Deviation>
0.007179 0.010714 0.036426 0.014395 0.029912 0.070292 0.048942 0.070711 0.070711 
<LogVarVal> 36.657455
<Mixture> 1 <Weight> 0.289894
<Mean>
1060.518433 26.557804 1.097455 -54.395729 -18.023918 0.308705 -7.027488 2.189875 1.241089 
<Inverted_Deviation>
0.003926 0.004420 0.011071 0.008735 0.018686 0.031238 0.037193 0.048026 0.070711 
<LogVarVal> 41.779881
<Mixture> 2 <Weight> 0.033688
<Mean>
1825.098755 721.375549 8.544501 -72.850677 10.995487 22.544724 4.510153 -10.594070 -5.871868 
<Inverted_Deviation>
0.001886 0.003673 0.003555 0.005388 0.008043 0.008335 0.023961 0.027344 0.022629 
<LogVarVal> 48.624004
<State> 1
<NumMixes> 3
<Mixture> 0 <Weight> 0.173966
<Mean>
659.707947 17.346870 -0.763918 -47.795387 -0.235059 0.364888 -3.616563 -0.576832 0.011632 
<Inverted_Deviation>
0.007659 0.032327 0.070711 0.025665 0.068013 0.070711 0.070711 0.070711 0.070711 
<LogVarVal> 33.051472
<Mixture> 1 <Weight> 0.457421
<Mean>
432.041016 6.820423 0.106885 -24.474180 -0.558649 -0.039013 0.970682 0.073688 0.028886 
<Inverted_Deviation>
0.014411 0.046274 0.070711 0.035616 0.070711 0.070711 0.070711 0.070711 0.070711 
<LogVarVal> 31.694149
<Mixture> 2 <Weight> 0.368613
<Mean>
304.576263 3.543984 0.198572 -18.144470 -0.152794 0.038498 0.782017 0.051754 -0.025205 
<Inverted_Deviation>
0.021920 0.070711 0.070711 0.061369 0.070711 0.070711 0.070711 0.070711 0.070711 
<LogVarVal> 30.306633
<State> 2
<NumMixes> 3
<Mixture> 0 <Weight> 0.132484
<Mean>
364.639435 17.800007 -1.080442 6.091832 0.014922 0.887844 -2.416001 -0.719713 0.088933 
<Inverted_Deviation>
0.012633 0.023695 0.070711 0.028713 0.070711 0.070711 0.070711 0.070711 0.070711 
<LogVarVal> 32.710541
<Mixture> 1 <Weight> 0.001911
<Mean>
441.861084 -183.256027 91.536972 57.138443 -62.402679 35.451603 13.005358 -15.067663 10.736823 
<Inverted_Deviation>
0.013209 0.012059 0.021401 0.027863 0.023825 0.029726 0.030863 0.023256 0.030902 
<LogVarVal> 39.289997
<Mixture> 2 <Weight> 0.865605
<Mean>
181.035339 4.213557 0.919522 -8.190358 -0.953899 -0.149331 0.498487 -0.000712 -0.002621 
<Inverted_Deviation>
0.013040 0.059853 0.070711 0.068420 0.070711 0.070711 0.070711 0.070711 0.070711 
<LogVarVal> 30.883955
<TransP>
-0.075473 -2.621482 -10000000000.000000 
-10000000000.000000 -0.025255 -3.691316 
-10000000000.000000 -10000000000.000000 0.000000 
<EndEmbeddedHMM>
<BeginEmbeddedHMM>
<NumStates> 6
<State> 0
<NumMixes> 3
<Mixture> 0 <Weight> 0.364143
<Mean>
1852.398804 -19.562092 -63.608234 -27.497164 -3.031423 -7.527024 -7.545899 -0.631793 0.805498 
<Inverted_Deviation>
0.001618 0.003432 0.007948 0.004589 0.011301 0.023532 0.010778 0.018638 0.032815 
<LogVarVal> 47.633484
<Mixture> 1 <Weight> 0.540089
<Mean>
754.382751 -80.557396 47.395317 -37.749836 1.338305 0.917190 3.209083 3.123664 0.381913 
<Inverted_Deviation>
0.002915 0.003085 0.007523 0.013906 0.016725 0.023911 0.027317 0.031732 0.048315 
<LogVarVal> 43.840645
<Mixture> 2 <Weight> 0.095768
<Mean>
1448.482544 558.545593 35.648430 -116.054497 -13.712473 31.017223 -6.669412 -15.158334 -4.501239 
<Inverted_Deviation>
0.002190 0.003502 0.003923 0.004084 0.005964 0.008534 0.009605 0.013376 0.014705 
<LogVarVal> 51.036343
<State> 1
<NumMixes> 3
<Mixture> 0 <Weight> 0.176020
<Mean>
581.634399 25.447369 14.580624 -24.410418 -9.477685 0.124030 29.916393 1.117972 -0.403040 
<Inverted_Deviation>
0.006644 0.009114 0.033623 0.006695 0.019572 0.042320 0.016656 0.033227 0.055321 
<LogVarVal> 40.752392
<Mixture> 1 <Weight> 0.261905
<Mean>
969.134827 62.366085 -2.756032 -32.848625 6.450767 1.041799 10.928513 -1.514526 -0.325578 
<Inverted_Deviation>
0.006758 0.010727 0.022312 0.006768 0.013277 0.025105 0.010629 0.017903 0.030194 
<LogVarVal> 43.555061
<Mixture> 2 <Weight> 0.562075
<Mean>
1411.567993 45.166752 -4.837745 -7.988535 -0.265691 -0.974052 -4.213752 0.158990 0.287109 
<Inverted_Deviation>
0.004426 0.015811 0.048198 0.014800 0.033371 0.070711 0.035662 0.056219 0.070711 
<LogVarVal> 36.874786
<State> 2
<NumMixes> 3
<Mixture> 0 <Weight> 0.551839
<Mean>
845.969238 4.039774 -0.672478 -17.809855 0.649139 -0.159820 -5.908917 -0.177782 -0.042363 
<Inverted_Deviation>
0.012180 0.018076 0.070711 0.018370 0.058173 0.070711 0.054816 0.070711 0.070711 
<LogVarVal> 33.914200
<Mixture> 1 <Weight> 0.226087
<Mean>
1065.537598 17.272900 -5.815951 -25.977198 -2.872468 0.940396 -0.550642 0.427061 0.035555 
<Inverted_Deviation>
0.008099 0.013286 0.051028 0.028187 0.053317 0.070711 0.070711 0.070711 0.070711 
<LogVarVal> 34.360783
<Mixture> 2 <Weight> 0.222074
<Mean>
648.021240 -17.206858 3.959124 -10.145294 -1.404891 -0.303621 2.359265 0.459753 -0.178267 
<Inverted_Deviation>
0.008913 0.020719 0.070711 0.009070 0.040909 0.070711 0.030555 0.066043 0.070711 
<LogVarVal> 35.800529
<State> 3
<NumMixes> 3
<Mixture> 0 <Weight> 0.126569
<Mean>
493.964172 55.419586 9.281080 3.263365 -0.606642 -2.219018 17.369690 -6.237339 -1.754670 
<Inverted_Deviation>
0.014000 0.011010 0.018126 0.016223 0.015523 0.024688 0.021811 0.026935 0.040469 
<LogVarVal> 40.574432
<Mixture> 1 <Weight> 0.602510
<Mean>
606.771301 12.544956 -1.229563 2.182013 0.986043 0.345664 -2.511226 1.303472 0.390165 
<Inverted_Deviation>
0.021973 0.021768 0.042892 0.032177 0.038150 0.067766 0.064171 0.070711 0.070711 
<LogVarVal> 33.384563
<Mixture> 2 <Weight> 0.270920
<Mean>
740.193176 39.361927 1.103881 4.758584 -2.854322 -0.424419 -1.481206 -0.991224 0.027905 
<Inverted_Deviation>
0.016420 0.032609 0.057242 0.052893 0.070711 0.070711 0.070711 0.070711 0.070711 
<LogVarVal> 31.729410
<State> 4
<NumMixes> 3
<Mixture> 0 <Weight> 0.260204
<Mean>
323.948792 -3.523553 2.580885 -21.676397 1.154818 0.571465 11.023594 0.495434 -0.216713 
<Inverted_Deviation>
0.012242 0.035521 0.070711 0.014554 0.065667 0.070711 0.039281 0.070711 0.070711 
<LogVarVal> 33.678482
<Mixture> 1 <Weight> 0.578798
<Mean>
528.459106 0.531680 -0.995155 -18.644800 0.301579 0.002026 -5.132019 -0.141513 0.038330 
<Inverted_Deviation>
0.016506 0.041691 0.070711 0.022062 0.070711 0.070711 0.070711 0.070711 0.070711 
<LogVarVal> 32.141640
<Mixture> 2 <Weight> 0.160998
<Mean>
420.041473 5.126069 0.028365 29.626860 0.833908 -1.563671 2.629959 0.357641 0.088503 
<Inverted_Deviation>
0.020244 0.024574 0.070711 0.016756 0.063928 0.070711 0.043372 0.070711 0.070711 
<LogVarVal> 33.330780
<State> 5
<NumMixes> 3
<Mixture> 0 <Weight> 0.057024
<Mean>
804.530457 -103.247734 -21.723980 -34.421371 -16.839689 -0.657954 -13.691997 2.789881 3.026523 
<Inverted_Deviation>
0.005149 0.012152 0.047532 0.006477 0.026686 0.046640 0.010114 0.035778 0.062182 
<LogVarVal> 40.307228
<Mixture> 1 <Weight> 0.240612
<Mean>
457.040527 15.545456 -17.420101 -27.181061 5.569303 4.393689 2.325477 0.562058 -1.033287 
<Inverted_Deviation>
0.009883 0.005804 0.023635 0.016634 0.028473 0.069977 0.030153 0.044446 0.070711 
<LogVarVal> 38.241268
<Mixture> 2 <Weight> 0.702364
<Mean>
213.346619 20.694149 13.685311 -10.647074 2.396357 -1.514781 1.103887 -0.764610 0.121223 
<Inverted_Deviation>
0.008926 0.011265 0.029509 0.047117 0.050754 0.070711 0.070711 0.070711 0.070711 
<LogVarVal> 34.511738
<TransP>
-0.113061 -2.235822 -10000000000.000000 -10000000000.000000 -10000000000.000000 -10000000000.000000 
-10000000000.000000 -0.085158 -2.505526 -10000000000.000000 -10000000000.000000 -10000000000.000000 
-10000000000.000000 -10000000000.000000 -0.066369 -2.745533 -10000000000.000000 -10000000000.000000 
-10000000000.000000 -10000000000.000000 -10000000000.000000 -0.105826 -2.298410 -10000000000.000000 
-10000000000.000000 -10000000000.000000 -10000000000.000000 -10000000000.000000 -0.055959 -2.910991 
-10000000000.000000 -10000000000.000000 -10000000000.000000 -10000000000.000000 -10000000000.000000 0.000000 
<EndEmbeddedHMM>
<BeginEmbeddedHMM>
<NumStates> 6
<State> 0
<NumMixes> 3
<Mixture> 0 <Weight> 0.396601
<Mean>
2326.268311 71.749222 -32.097691 -5.696259 13.553511 -3.838548 -7.498343 -0.222656 0.955695 
<Inverted_Deviation>
0.004788 0.006885 0.011804 0.008265 0.018566 0.025818 0.014142 0.039217 0.045152 
<LogVarVal> 42.944496
<Mixture> 1 <Weight> 0.222380
<Mean>
1344.377686 -32.490639 73.453690 -50.770771 -9.929764 1.701550 0.970765 2.146897 1.472298 
<Inverted_Deviation>
0.003419 0.002768 0.006791 0.018004 0.016008 0.020384 0.037333 0.032246 0.036786 
<LogVarVal> 43.781162
<Mixture> 2 <Weight> 0.381020
<Mean>
1832.271606 61.258400 -1.291601 -30.204514 -7.134690 3.027668 0.962938 -1.154280 -1.882467 
<Inverted_Deviation>
0.005661 0.002971 0.006707 0.011254 0.014858 0.018228 0.022244 0.032042 0.041200 
<LogVarVal> 44.285679
<State> 1
<NumMixes> 3
<Mixture> 0 <Weight> 0.389309
<Mean>
1747.892944 41.501041 -3.227669 -14.972041 1.317934 0.155859 -0.831215 -0.034154 -0.007957 
<Inverted_Deviation>
0.004526 0.027756 0.070711 0.040785 0.070711 0.070711 0.070711 0.070711 0.070711 
<LogVarVal> 33.227894
<Mixture> 1 <Weight> 0.302271
<Mean>
1348.211792 37.263321 0.627648 -18.332197 -1.104183 -0.151847 -0.539007 -0.142535 0.083371 
<Inverted_Deviation>
0.008611 0.024763 0.070711 0.030411 0.070711 0.070711 0.070711 0.070711 0.070711 
<LogVarVal> 32.992268
<Mixture> 2 <Weight> 0.308420
<Mean>
1069.221313 14.010893 3.210934 -14.804486 1.101941 -0.164563 0.256438 -0.361566 0.080567 
<Inverted_Deviation>
0.009294 0.022492 0.070711 0.027962 0.070711 0.070711 0.070711 0.070711 0.070711 
<LogVarVal> 33.096146
<State> 2
<NumMixes> 3
<Mixture> 0 <Weight> 0.295400
<Mean>
827.671265 30.025774 6.813375 43.879990 3.940378 -2.646421 11.129493 0.643393 -0.492443 
<Inverted_Deviation>
0.004356 0.009266 0.030285 0.006203 0.015137 0.037855 0.009551 0.021859 0.052408 
<LogVarVal> 42.736263
<Mixture> 1 <Weight> 0.203390
<Mean>
1517.710449 4.776898 -19.373369 -23.146025 -7.742212 0.173440 -14.596637 1.608756 0.119058 
<Inverted_Deviation>
0.006963 0.006621 0.015379 0.008910 0.017944 0.028316 0.018563 0.033966 0.046823 
<LogVarVal> 42.046429
<Mixture> 2 <Weight> 0.501211
<Mean>
1208.317505 6.128772 -6.723300 -8.549881 -1.836422 1.403471 -5.909255 0.063287 0.042531 
<Inverted_Deviation>
0.009018 0.007793 0.018534 0.008408 0.017789 0.031756 0.019031 0.033474 0.052493 
<LogVarVal> 41.265598
<State> 3
<NumMixes> 3
<Mixture> 0 <Weight> 0.543210
<Mean>
551.098816 6.576814 5.818666 -5.094138 -6.452265 -0.337843 3.695375 0.120236 -0.417048 
<Inverted_Deviation>
0.015960 0.022672 0.070711 0.024305 0.060000 0.070711 0.070711 0.070711 0.070711 
<LogVarVal> 32.851841
<Mixture> 1 <Weight> 0.306397
<Mean>
732.354187 63.481491 5.224922 -23.345945 2.716609 1.163888 -2.406929 -0.713532 0.203006 
<Inverted_Deviation>
0.011306 0.019278 0.055027 0.025172 0.063987 0.070711 0.070711 0.070711 0.070711 
<LogVarVal> 33.510181
<Mixture> 2 <Weight> 0.150393
<Mean>
975.992065 109.284645 2.050941 -10.627317 2.760101 0.261974 -0.247900 -0.353867 -0.086734 
<Inverted_Deviation>
0.007960 0.019684 0.046189 0.026044 0.070711 0.070711 0.070711 0.070711 0.070711 
<LogVarVal> 33.881332
<State> 4
<NumMixes> 3
<Mixture> 0 <Weight> 0.462056
<Mean>
583.867065 -0.440542 0.445014 -4.592930 -0.098432 0.071719 -0.317043 -0.046607 -0.040060 
<Inverted_Deviation>
0.028492 0.060494 0.070711 0.070711 0.070711 0.070711 0.070711 0.070711 0.070711 
<LogVarVal> 30.058733
<Mixture> 1 <Weight> 0.029779
<Mean>
627.780945 -37.204842 -6.638041 22.683252 11.796675 -4.157898 -4.419044 3.132002 1.967796 
<Inverted_Deviation>
0.029367 0.042232 0.070711 0.046245 0.062389 0.070711 0.070711 0.070711 0.070711 
<LogVarVal> 30.937723
<Mixture> 2 <Weight> 0.508165
<Mean>
649.094849 0.476483 -1.140508 -2.982947 0.644817 0.244050 -0.993634 -0.115599 -0.008213 
<Inverted_Deviation>
0.031773 0.070711 0.070711 0.070711 0.070711 0.070711 0.070711 0.070711 0.070711 
<LogVarVal> 29.793694
<State> 5
<NumMixes> 3
<Mixture> 0 <Weight> 0.268722
<Mean>
780.202698 -60.915646 -4.010628 34.401791 -9.393891 -1.068519 -20.430708 3.774019 0.299685 
<Inverted_Deviation>
0.006049 0.012754 0.028126 0.007288 0.019796 0.037751 0.007469 0.022890 0.045399 
<LogVarVal> 42.078991
<Mixture> 1 <Weight> 0.035242
<Mean>
855.878357 -55.259041 -16.056446 -231.935532 24.169134 14.099741 111.051529 -9.966244 -6.260189 
<Inverted_Deviation>
0.007027 0.011118 0.026740 0.009250 0.012489 0.031851 0.011717 0.026634 0.068898 
<LogVarVal> 41.490318
<Mixture> 2 <Weight> 0.696035
<Mean>
464.439758 7.487012 8.648689 4.107287 0.216984 -0.086311 1.165106 -0.611896 0.232079 
<Inverted_Deviation>
0.006315 0.008541 0.017814 0.015695 0.027595 0.037074 0.030407 0.042174 0.059958 
<LogVarVal> 39.519287
<TransP>
-0.152735 -1.954445 -10000000000.000000 -10000000000.000000 -10000000000.000000 -10000000000.000000 
-10000000000.000000 -0.048459 -3.051167 -10000000000.000000 -10000000000.000000 -10000000000.000000 
-10000000000.000000 -10000000000.000000 -0.129045 -2.111424 -10000000000.000000 -10000000000.000000 
-10000000000.000000 -10000000000.000000 -10000000000.000000 -0.119046 -2.187174 -10000000000.000000 
-10000000000.000000 -10000000000.000000 -10000000000.000000 -10000000000.000000 -0.049223 -3.035914 
-10000000000.000000 -10000000000.000000 -10000000000.000000 -10000000000.000000 -10000000000.000000 0.000000 
<EndEmbeddedHMM>
<BeginEmbeddedHMM>
<NumStates> 6
<State> 0
<NumMixes> 3
<Mixture> 0 <Weight> 0.415966
<Mean>
1170.055298 -16.433826 10.160557 74.214005 -6.281746 -3.398147 8.862429 4.139441 0.263942 
<Inverted_Deviation>
0.003804 0.005163 0.010410 0.008722 0.011038 0.014554 0.033311 0.025823 0.024705 
<LogVarVal> 44.791439
<Mixture> 1 <Weight> 0.285714
<Mean>
2091.911377 19.553051 -13.271235 29.731359 2.719764 0.321355 -1.116154 1.729834 -0.163503 
<Inverted_Deviation>
0.005386 0.010516 0.020232 0.025755 0.039267 0.049789 0.029564 0.053751 0.036555 
<LogVarVal> 38.480614
<Mixture> 2 <Weight> 0.298319
<Mean>
1668.154541 -3.941335 0.068858 96.315704 14.139286 3.034815 -11.949090 -5.486396 0.420886 
<Inverted_Deviation>
0.005610 0.004981 0.009460 0.008789 0.012955 0.018424 0.017736 0.027669 0.029654 
<LogVarVal> 44.509563
<State> 1
<NumMixes> 3
<Mixture> 0 <Weight> 0.231329
<Mean>
1272.638428 34.464634 1.805495 -14.417581 3.983331 -0.122060 -1.048225 0.814252 -0.289259 
<Inverted_Deviation>
0.009699 0.018062 0.056736 0.015959 0.040238 0.070711 0.068803 0.070711 0.070711 
<LogVarVal> 34.645027
<Mixture> 1 <Weight> 0.367482
<Mean>
1774.517700 24.727751 -3.008030 7.037992 2.426170 0.538605 -1.525301 -0.469896 -0.229815 
<Inverted_Deviation>
0.006484 0.031567 0.070711 0.045282 0.070711 0.070711 0.070711 0.070711 0.070711 
<LogVarVal> 32.635101
<Mixture> 2 <Weight> 0.401190
<Mean>
1507.574829 27.766418 -1.696522 -0.917558 1.055628 0.181798 -2.048057 0.033889 0.069440 
<Inverted_Deviation>
0.010664 0.020942 0.070711 0.022321 0.055132 0.070711 0.070711 0.070711 0.070711 
<LogVarVal> 33.504215
<State> 2
<NumMixes> 3
<Mixture> 0 <Weight> 0.205399
<Mean>
1395.546997 30.287802 -12.477597 74.225243 -21.600733 -0.456688 -38.155651 -0.373595 2.729180 
<Inverted_Deviation>
0.005268 0.008806 0.020967 0.005711 0.015052 0.031025 0.013942 0.023372 0.050257 
<LogVarVal> 42.848614
<Mixture> 1 <Weight> 0.302817
<Mean>
822.623047 48.348274 5.670464 -5.087867 0.183892 2.052467 28.946674 1.004426 -1.665898 
<Inverted_Deviation>
0.006209 0.013549 0.036266 0.008149 0.018543 0.049320 0.010728 0.028291 0.067561 
<LogVarVal> 40.453064
<Mixture> 2 <Weight> 0.491784
<Mean>
1079.288452 40.802494 -0.047877 -1.021998 3.564163 -1.127320 5.527169 -2.111878 -0.602768 
<Inverted_Deviation>
0.009133 0.010854 0.028078 0.005540 0.017570 0.041674 0.011395 0.024079 0.049778 
<LogVarVal> 41.559418
<State> 3
<NumMixes> 3
<Mixture> 0 <Weight> 0.323364
<Mean>
609.233154 18.441967 2.478934 5.675680 4.401152 -0.680640 -3.710515 0.313830 -0.126046 
<Inverted_Deviation>
0.016754 0.020769 0.063021 0.014539 0.047009 0.070711 0.033796 0.070711 0.070711 
<LogVarVal> 34.502220
<Mixture> 1 <Weight> 0.471028
<Mean>
471.348267 0.847138 2.972096 2.340898 -3.195002 0.393441 6.273015 0.195309 -0.021005 
<Inverted_Deviation>
0.012858 0.030758 0.070711 0.015892 0.053947 0.070711 0.031350 0.070711 0.070711 
<LogVarVal> 34.107555
<Mixture> 2 <Weight> 0.205607
<Mean>
806.717102 53.641682 1.164693 24.521215 4.360230 -0.296821 -7.602013 0.892042 1.022328 
<Inverted_Deviation>
0.010296 0.014528 0.035327 0.017898 0.044321 0.070711 0.058920 0.070711 0.070711 
<LogVarVal> 35.220474
<State> 4
<NumMixes> 3
<Mixture> 0 <Weight> 0.036487
<Mean>
873.464661 -86.846870 -22.053925 -39.874989 -16.372036 6.930073 0.201943 4.287974 4.450459 
<Inverted_Deviation>
0.016247 0.028453 0.060356 0.045559 0.055481 0.053273 0.070711 0.070711 0.070711 
<LogVarVal> 32.498367
<Mixture> 1 <Weight> 0.051948
<Mean>
730.975403 -74.701469 19.217632 -29.442986 20.604069 3.417281 3.365617 0.853409 -3.550572 
<Inverted_Deviation>
0.018368 0.022604 0.060353 0.045849 0.055242 0.050953 0.070711 0.070711 0.070711 
<LogVarVal> 32.648361
<Mixture> 2 <Weight> 0.911565
<Mean>
616.745483 -2.450232 0.402379 2.030118 0.411696 -0.128909 -0.523687 -0.232267 0.101870 
<Inverted_Deviation>
0.015904 0.066425 0.070711 0.069404 0.070711 0.070711 0.070711 0.070711 0.070711 
<LogVarVal> 30.566927
<State> 5
<NumMixes> 3
<Mixture> 0 <Weight> 0.192357
<Mean>
401.576141 8.559381 5.467561 8.356024 -5.785830 0.556175 27.052818 -0.968989 -1.035081 
<Inverted_Deviation>
0.007079 0.011189 0.022474 0.008918 0.024730 0.032412 0.016285 0.037357 0.049304 
<LogVarVal> 40.653221
<Mixture> 1 <Weight> 0.695541
<Mean>
1037.374146 -23.374073 -2.106125 -4.241273 -0.298773 -0.831019 -16.523249 0.634572 0.198940 
<Inverted_Deviation>
0.007662 0.029095 0.068050 0.008810 0.041371 0.070711 0.007051 0.041001 0.070711 
<LogVarVal> 37.611591
<Mixture> 2 <Weight> 0.112102
<Mean>
748.052063 -46.797924 1.879989 -217.545410 23.461565 0.327113 55.915623 -4.891295 -0.041404 
<Inverted_Deviation>
0.009845 0.011925 0.026622 0.002737 0.011827 0.026837 0.009373 0.020645 0.037823 
<LogVarVal> 43.608601
<TransP>
-0.102796 -2.325966 -10000000000.000000 -10000000000.000000 -10000000000.000000 -10000000000.000000 
-10000000000.000000 -0.063438 -2.789250 -10000000000.000000 -10000000000.000000 -10000000000.000000 
-10000000000.000000 -10000000000.000000 -0.115585 -2.214987 -10000000000.000000 -10000000000.000000 
-10000000000.000000 -10000000000.000000 -10000000000.000000 -0.090927 -2.442814 -10000000000.000000 
-10000000000.000000 -10000000000.000000 -10000000000.000000 -10000000000.000000 -0.059234 -2.855728 
-10000000000.000000 -10000000000.000000 -10000000000.000000 -10000000000.000000 -10000000000.000000 0.000000 
<EndEmbeddedHMM>
<BeginEmbeddedHMM>
<NumStates> 3
<State> 0
<NumMixes> 3
<Mixture> 0 <Weight> 0.445756
<Mean>
1029.652954 -2.563467 -6.777387 34.851421 -6.255279 -3.073563 1.813812 2.268255 -1.017338 
<Inverted_Deviation>
0.007114 0.005766 0.014470 0.009349 0.017884 0.022045 0.036623 0.029658 0.049638 
<LogVarVal> 41.827431
<Mixture> 1 <Weight> 0.190406
<Mean>
1348.821045 -29.237740 -16.167660 41.394699 21.568853 1.260981 -10.883297 0.320404 3.768690 
<Inverted_Deviation>
0.008899 0.008183 0.018487 0.009927 0.014001 0.030160 0.039513 0.033927 0.033772 
<LogVarVal> 41.054665
<Mixture> 2 <Weight> 0.363838
<Mean>
630.134888 -0.816713 18.156925 24.843018 -8.300572 2.009305 4.491043 -1.326323 -0.360979 
<Inverted_Deviation>
0.005481 0.006447 0.012779 0.014220 0.014712 0.023150 0.032547 0.040182 0.038502 
<LogVarVal> 41.896290
<State> 1
<NumMixes> 3
<Mixture> 0 <Weight> 0.429552
<Mean>
594.249512 11.913985 0.510236 2.266464 -1.258418 0.370938 -0.127229 0.435558 -0.161588 
<Inverted_Deviation>
0.010693 0.050713 0.070711 0.027879 0.070711 0.070711 0.069485 0.070711 0.070711 
<LogVarVal> 32.163361
<Mixture> 1 <Weight> 0.315645
<Mean>
1294.730469 21.724215 -2.238978 5.181957 1.771316 0.597718 -3.302715 -0.769193 -0.220563 
<Inverted_Deviation>
0.005645 0.024336 0.070711 0.016993 0.054585 0.070711 0.065399 0.070711 0.070711 
<LogVarVal> 34.350883
<Mixture> 2 <Weight> 0.254803
<Mean>
867.353271 34.289642 0.475348 13.221290 1.839227 0.036360 -0.623499 -0.582473 0.061916 
<Inverted_Deviation>
0.007251 0.024775 0.070711 0.011358 0.046121 0.070711 0.034090 0.070711 0.070711 
<LogVarVal> 35.305580
<State> 2
<NumMixes> 3
<Mixture> 0 <Weight> 0.457037
<Mean>
331.310913 3.028209 3.101560 16.431515 -0.250482 0.025543 2.525385 -0.653834 -0.115662 
<Inverted_Deviation>
0.009375 0.017593 0.047301 0.029911 0.047611 0.070711 0.070711 0.070711 0.070711 
<LogVarVal> 34.063393
<Mixture> 1 <Weight> 0.322222
<Mean>
1061.796387 -31.245062 -1.476710 26.117336 5.867201 0.018762 -8.770078 0.450844 0.401275 
<Inverted_Deviation>
0.006687 0.018601 0.034639 0.011701 0.031535 0.057586 0.029841 0.041058 0.070711 
<LogVarVal> 37.619179
<Mixture> 2 <Weight> 0.220741
<Mean>
615.686401 -45.444420 1.463357 68.383705 -9.825907 -0.968919 5.922215 0.468215 -0.088067 
<Inverted_Deviation>
0.006735 0.012807 0.042589 0.016066 0.036583 0.065006 0.045945 0.064646 0.070711 
<LogVarVal> 36.306416
<TransP>
-0.050711 -3.006864 -10000000000.000000 
-10000000000.000000 -0.031129 -3.485136 
-10000000000.000000 -10000000000.000000 0.000000 
<EndEmbeddedHMM>
