<NumSuperStates> 5
<NumStates> 3 6 6 6 3 
<NumMixtures> 3 3 3 3 3 3 3 3 3 3 3 3 3 3 3 3 3 3 3 3 3 3 3 3 
<VecSize> 9
<BeginExternalHMM>
<NumStates> 5
<TransP>
-0.069392 -2.702479 -10000000000.000000 -10000000000.000000 -10000000000.000000 
-10000000000.000000 -0.065241 -2.762117 -10000000000.000000 -10000000000.000000 
-10000000000.000000 -10000000000.000000 -0.076470 -2.608844 -10000000000.000000 
-10000000000.000000 -10000000000.000000 -10000000000.000000 -0.069392 -2.702479 
-10000000000.000000 -10000000000.000000 -10000000000.000000 -10000000000.000000 0.000000 
<EndExternalHMM>
<BeginEmbeddedHMM>
<NumStates> 3
<State> 0
<NumMixes> 3
<Mixture> 0 <Weight> 0.468419
<Mean>
376.454041 -4.660613 13.752804 -20.274057 6.852861 0.293767 2.532423 0.180276 -0.148941 
<Inverted_Deviation>
0.004273 0.008384 0.019364 0.019306 0.033894 0.050926 0.070711 0.070711 0.070711 
<LogVarVal> 37.589333
<Mixture> 1 <Weight> 0.257480
<Mean>
830.877136 -24.183851 -7.135480 -51.599121 3.346232 -1.745661 -1.163097 -0.117334 0.293746 
<Inverted_Deviation>
0.005462 0.005904 0.020967 0.013820 0.035744 0.042263 0.070711 0.070711 0.070711 
<LogVarVal> 38.082481
<Mixture> 2 <Weight> 0.274101
<Mean>
1250.686279 -21.911505 -2.434885 -49.696827 -1.824668 -0.379634 -0.795708 0.015115 -0.012000 
<Inverted_Deviation>
0.007112 0.017168 0.051835 0.031950 0.067011 0.070711 0.070711 0.070711 0.070711 
<LogVarVal> 33.864750
<State> 1
<NumMixes> 3
<Mixture> 0 <Weight> 0.445241
<Mean>
1662.251831 -6.760003 -1.693634 -59.985268 -0.743221 -0.143057 -4.313328 0.320201 0.026250 
<Inverted_Deviation>
0.005632 0.029099 0.065610 0.023744 0.055934 0.070711 0.049421 0.070711 0.070711 
<LogVarVal> 34.170578
<Mixture> 1 <Weight> 0.380067
<Mean>
1283.622559 -1.678594 -2.318974 -86.148369 -0.785361 0.060626 -4.105946 -0.583906 0.078527 
<Inverted_Deviation>
0.005380 0.012233 0.024315 0.019335 0.032286 0.047070 0.035274 0.052341 0.070711 
<LogVarVal> 37.875404
<Mixture> 2 <Weight> 0.174692
<Mean>
722.807739 13.840143 7.163541 -118.180817 3.360446 2.793736 -1.002678 0.903394 -0.340944 
<Inverted_Deviation>
0.003391 0.006830 0.014624 0.013316 0.019980 0.029522 0.027817 0.033903 0.050011 
<LogVarVal> 41.765697
<State> 2
<NumMixes> 3
<Mixture> 0 <Weight> 0.171169
<Mean>
1490.614258 33.036873 -1.124308 -15.974651 0.135869 -0.291270 -3.289156 -0.289351 0.010788 
<Inverted_Deviation>
0.003820 0.049990 0.070711 0.034823 0.070711 0.070711 0.070711 0.070711 0.070711 
<LogVarVal> 32.967072
<Mixture> 1 <Weight> 0.337994
<Mean>
895.969360 23.887896 -2.063312 -78.924042 1.282557 0.181171 -1.293334 -0.018262 0.022595 
<Inverted_Deviation>
0.004983 0.014153 0.046640 0.020225 0.052067 0.070711 0.064514 0.070711 0.070711 
<LogVarVal> 35.320568
<Mixture> 2 <Weight> 0.490837
<Mean>
434.012726 14.459882 2.088830 -34.215485 -2.395258 -0.074982 4.378325 0.007664 0.003801 
<Inverted_Deviation>
0.004721 0.019551 0.070711 0.021207 0.066286 0.070711 0.070711 0.070711 0.070711 
<LogVarVal> 34.254711
<TransP>
-0.055613 -2.917016 -10000000000.000000 
-10000000000.000000 -0.040915 -3.216639 
-10000000000.000000 -10000000000.000000 0.000000 
<EndEmbeddedHMM>
<BeginEmbeddedHMM>
<NumStates> 6
<State> 0
<NumMixes> 3
<Mixture> 0 <Weight> 0.277351
<Mean>
878.334167 -35.575310 -12.189027 -7.948037 5.104331 3.075320 1.460455 -0.209507 0.405520 
<Inverted_Deviation>
0.007007 0.004074 0.013986 0.020541 0.044254 0.044414 0.070711 0.070711 0.070711 
<LogVarVal> 37.949776
<Mixture> 1 <Weight> 0.384559
<Mean>
486.142731 1.667717 29.730656 -12.909281 -8.265749 -1.819699 1.033839 -0.254919 -0.386145 
<Inverted_Deviation>
0.005314 0.006326 0.019558 0.027118 0.036331 0.059195 0.070711 0.070711 0.070711 
<LogVarVal> 37.083229
<Mixture> 2 <Weight> 0.338090
<Mean>
1163.183228 10.706329 -11.122011 -8.094262 -3.512412 0.445208 -2.086258 0.488424 0.195891 
<Inverted_Deviation>
0.007900 0.008695 0.030430 0.018755 0.038659 0.070711 0.066524 0.070711 0.070711 
<LogVarVal> 36.116360
<State> 1
<NumMixes> 3
<Mixture> 0 <Weight> 0.253673
<Mean>
1469.037231 -44.791611 -1.810439 130.118561 10.084537 -1.622445 -28.604647 1.377164 1.549663 
<Inverted_Deviation>
0.006053 0.024973 0.068168 0.007878 0.026120 0.070711 0.016968 0.039561 0.070711 
<LogVarVal> 37.727596
<Mixture> 1 <Weight> 0.371694
<Mean>
798.600403 6.764634 4.245828 -20.453251 0.053469 1.017305 43.175716 -1.612059 -0.884155 
<Inverted_Deviation>
0.005294 0.013494 0.029650 0.005095 0.017886 0.039316 0.011457 0.026329 0.054510 
<LogVarVal> 41.771317
<Mixture> 2 <Weight> 0.374633
<Mean>
1081.740356 -8.070791 0.829789 76.362885 -9.265604 -0.441261 -11.381144 0.977582 0.056125 
<Inverted_Deviation>
0.007160 0.013732 0.045540 0.004578 0.016856 0.041433 0.009721 0.023205 0.048931 
<LogVarVal> 41.535286
<State> 2
<NumMixes> 3
<Mixture> 0 <Weight> 0.243910
<Mean>
889.331909 -3.636812 5.432817 32.234680 -0.302782 -1.351478 7.952127 -0.127296 0.135918 
<Inverted_Deviation>
0.004378 0.013128 0.033428 0.016524 0.038756 0.068695 0.040511 0.070711 0.070711 
<LogVarVal> 36.849735
<Mixture> 1 <Weight> 0.210743
<Mean>
1375.168701 -25.653677 -1.339799 0.652583 2.169763 -0.080997 4.590392 0.486044 -0.273086 
<Inverted_Deviation>
0.005273 0.006216 0.022579 0.015809 0.027100 0.056951 0.045783 0.070711 0.070711 
<LogVarVal> 38.270851
<Mixture> 2 <Weight> 0.545348
<Mean>
1782.258057 -0.296845 -4.643480 12.905597 -0.175380 0.425065 -6.316195 -0.135512 -0.133524 
<Inverted_Deviation>
0.006884 0.017242 0.053421 0.017885 0.070711 0.070711 0.065117 0.070711 0.070711 
<LogVarVal> 34.471786
<State> 3
<NumMixes> 3
<Mixture> 0 <Weight> 0.305929
<Mean>
1315.863037 53.300228 0.685105 34.922558 10.547441 0.989691 12.131566 -6.190410 -0.420174 
<Inverted_Deviation>
0.006893 0.010343 0.027973 0.004852 0.018883 0.035730 0.015846 0.027138 0.049402 
<LogVarVal> 41.665585
<Mixture> 1 <Weight> 0.327273
<Mean>
1632.378296 34.632172 -2.841397 107.658691 -10.144732 -1.958223 -33.321575 -0.579435 1.424181 
<Inverted_Deviation>
0.005925 0.014367 0.043836 0.006247 0.023137 0.057721 0.015825 0.034072 0.070711 
<LogVarVal> 39.518574
<Mixture> 2 <Weight> 0.366798
<Mean>
879.948730 24.739607 6.556281 -117.378265 4.963257 0.507133 46.620247 -5.409241 0.285159 
<Inverted_Deviation>
0.004281 0.008245 0.014727 0.004559 0.011375 0.021692 0.009562 0.016165 0.029846 
<LogVarVal> 45.605373
<State> 4
<NumMixes> 3
<Mixture> 0 <Weight> 0.194779
<Mean>
737.518433 -33.190540 5.967922 -11.727955 -23.630337 0.528789 98.128281 -2.965427 -2.410102 
<Inverted_Deviation>
0.004097 0.014494 0.035418 0.003156 0.019216 0.039363 0.009131 0.023978 0.053148 
<LogVarVal> 42.530106
<Mixture> 1 <Weight> 0.550870
<Mean>
1116.085449 -23.968922 1.545213 72.857605 2.870064 -2.533233 11.879074 12.175550 -0.579323 
<Inverted_Deviation>
0.007233 0.016636 0.047619 0.003378 0.013185 0.043039 0.006841 0.018404 0.047468 
<LogVarVal> 42.413864
<Mixture> 2 <Weight> 0.254351
<Mean>
1375.661621 -10.944341 -5.315942 -84.254379 6.138926 4.862576 -62.604748 -10.833892 1.833259 
<Inverted_Deviation>
0.006694 0.015894 0.050900 0.003953 0.012127 0.038075 0.004693 0.014655 0.038721 
<LogVarVal> 43.327496
<State> 5
<NumMixes> 3
<Mixture> 0 <Weight> 0.495050
<Mean>
1390.529419 10.369823 -2.414358 2.105981 3.225411 0.210097 -1.075340 0.063269 -0.060999 
<Inverted_Deviation>
0.008676 0.023669 0.070711 0.018332 0.049524 0.070711 0.057094 0.070711 0.070711 
<LogVarVal> 34.106125
<Mixture> 1 <Weight> 0.399454
<Mean>
1131.289063 27.215582 -2.115808 -9.489897 2.926825 -0.518297 0.827950 -0.141579 -0.017012 
<Inverted_Deviation>
0.008964 0.018511 0.047940 0.020048 0.045532 0.070711 0.060591 0.070711 0.070711 
<LogVarVal> 34.643047
<Mixture> 2 <Weight> 0.105497
<Mean>
788.212585 107.775169 -10.657848 -36.526131 1.675403 2.126364 0.243268 -0.170526 0.162593 
<Inverted_Deviation>
0.004489 0.011490 0.036225 0.028858 0.040186 0.067882 0.065711 0.070711 0.070711 
<LogVarVal> 35.812168
<TransP>
-0.072055 -2.666131 -10000000000.000000 -10000000000.000000 -10000000000.000000 -10000000000.000000 
-10000000000.000000 -0.097664 -2.374661 -10000000000.000000 -10000000000.000000 -10000000000.000000 
-10000000000.000000 -10000000000.000000 -0.057383 -2.886563 -10000000000.000000 -10000000000.000000 
-10000000000.000000 -10000000000.000000 -10000000000.000000 -0.162751 -1.895803 -10000000000.000000 
-10000000000.000000 -10000000000.000000 -10000000000.000000 -10000000000.000000 -0.136021 -2.062188 
-10000000000.000000 -10000000000.000000 -10000000000.000000 -10000000000.000000 -10000000000.000000 0.000000 
<EndEmbeddedHMM>
<BeginEmbeddedHMM>
<NumStates> 6
<State> 0
<NumMixes> 3
<Mixture> 0 <Weight> 0.256585
<Mean>
1049.225586 -40.278423 -18.048500 18.798988 -2.645128 -4.263948 -0.766868 1.884481 0.636646 
<Inverted_Deviation>
0.005804 0.003224 0.011548 0.013581 0.029358 0.029824 0.056753 0.070711 0.070711 
<LogVarVal> 40.006008
<Mixture> 1 <Weight> 0.378080
<Mean>
616.509399 13.803349 33.926304 4.190632 -7.612700 1.225245 0.869551 -0.174579 -0.332560 
<Inverted_Deviation>
0.005876 0.005895 0.019313 0.027255 0.033872 0.049544 0.070711 0.070711 0.070711 
<LogVarVal> 37.308926
<Mixture> 2 <Weight> 0.365336
<Mean>
1400.518799 -10.308715 -12.836349 2.886704 5.860659 1.178221 -2.939440 -0.248532 -0.127144 
<Inverted_Deviation>
0.007173 0.008278 0.022626 0.014827 0.043009 0.060808 0.070711 0.070711 0.070711 
<LogVarVal> 36.776699
<State> 1
<NumMixes> 3
<Mixture> 0 <Weight> 0.218215
<Mean>
1155.786987 11.206004 5.859776 -83.863228 4.537086 -1.750145 -8.843790 -5.018376 1.118192 
<Inverted_Deviation>
0.006857 0.015379 0.038037 0.006747 0.016154 0.037659 0.008063 0.021676 0.049750 
<LogVarVal> 41.633980
<Mixture> 1 <Weight> 0.305230
<Mean>
1461.011841 1.243680 1.178660 41.582462 4.853078 -1.442373 -3.278777 -1.536447 0.048511 
<Inverted_Deviation>
0.008494 0.013456 0.039048 0.007273 0.020459 0.048052 0.022050 0.034974 0.069341 
<LogVarVal> 39.155716
<Mixture> 2 <Weight> 0.476555
<Mean>
1681.150269 -10.853223 -3.411261 24.990639 1.041961 0.187964 -8.236315 -0.042574 0.131906 
<Inverted_Deviation>
0.010528 0.021255 0.070529 0.013423 0.043322 0.070711 0.042369 0.070711 0.070711 
<LogVarVal> 34.766590
<State> 2
<NumMixes> 3
<Mixture> 0 <Weight> 0.535064
<Mean>
1950.655884 -1.185606 -4.989341 -1.335359 -1.690583 -0.255189 -5.099258 -0.059757 -0.195793 
<Inverted_Deviation>
0.007382 0.011848 0.032270 0.020170 0.046920 0.070711 0.057498 0.070711 0.070711 
<LogVarVal> 35.695488
<Mixture> 1 <Weight> 0.101548
<Mean>
1330.006836 -84.059196 12.964559 -212.297668 17.914566 17.821249 26.431301 26.006386 -7.638635 
<Inverted_Deviation>
0.004798 0.009854 0.021380 0.007448 0.010458 0.022910 0.011135 0.014451 0.025163 
<LogVarVal> 44.609364
<Mixture> 2 <Weight> 0.363388
<Mean>
1718.824097 -22.273357 -0.036628 -32.714710 -9.918367 -2.581992 -15.368472 -1.744630 0.612910 
<Inverted_Deviation>
0.008829 0.012003 0.032964 0.009440 0.017586 0.041305 0.019754 0.028928 0.049572 
<LogVarVal> 40.077740
<State> 3
<NumMixes> 3
<Mixture> 0 <Weight> 0.422690
<Mean>
1821.308960 12.752190 -3.240069 -32.609528 9.796513 0.455566 -30.887812 2.683819 1.632218 
<Inverted_Deviation>
0.010737 0.017504 0.040706 0.006381 0.018700 0.046009 0.016163 0.027209 0.059772 
<LogVarVal> 39.591080
<Mixture> 1 <Weight> 0.344007
<Mean>
1590.482300 20.980440 3.801997 2.761494 8.442019 -1.459900 -15.744565 -3.799860 1.971023 
<Inverted_Deviation>
0.008880 0.010026 0.018472 0.004484 0.012865 0.029810 0.012551 0.020669 0.039344 
<LogVarVal> 43.235313
<Mixture> 2 <Weight> 0.233303
<Mean>
1375.378662 34.356293 7.138919 -221.877090 -17.409077 8.769204 -17.372194 -12.700774 -4.042866 
<Inverted_Deviation>
0.005034 0.012511 0.027274 0.008419 0.013812 0.031866 0.007312 0.016798 0.035495 
<LogVarVal> 43.274593
<State> 4
<NumMixes> 3
<Mixture> 0 <Weight> 0.337250
<Mean>
1644.239258 -21.262384 -1.681510 -0.161601 -8.516829 -0.425065 3.965692 1.903710 -0.040716 
<Inverted_Deviation>
0.008913 0.021189 0.052980 0.007955 0.029808 0.060103 0.025754 0.043787 0.070711 
<LogVarVal> 37.259094
<Mixture> 1 <Weight> 0.423619
<Mean>
1927.210938 -4.740343 -3.017323 19.037254 3.158699 0.054573 -10.654322 -0.563288 0.087247 
<Inverted_Deviation>
0.008583 0.029081 0.070711 0.014359 0.052518 0.070711 0.047446 0.070711 0.070711 
<LogVarVal> 34.281742
<Mixture> 2 <Weight> 0.239130
<Mean>
1372.777100 -17.160734 3.860758 -38.184074 -1.338002 -2.174517 6.545139 3.980817 0.685114 
<Inverted_Deviation>
0.008818 0.021224 0.052239 0.008371 0.021785 0.056206 0.014166 0.039306 0.070711 
<LogVarVal> 38.317371
<State> 5
<NumMixes> 3
<Mixture> 0 <Weight> 0.222603
<Mean>
1062.213135 68.645767 -0.183433 16.706390 0.979586 -0.232865 1.367255 0.092750 -0.101827 
<Inverted_Deviation>
0.006382 0.033791 0.046526 0.031892 0.070711 0.070711 0.070711 0.070711 0.070711 
<LogVarVal> 33.351982
<Mixture> 1 <Weight> 0.320634
<Mean>
1394.470093 57.072323 -1.358683 17.158810 -1.628933 -0.186454 -0.443969 -0.631962 -0.034548 
<Inverted_Deviation>
0.007896 0.031099 0.064901 0.024612 0.066382 0.070711 0.070711 0.070711 0.070711 
<LogVarVal> 33.211636
<Mixture> 2 <Weight> 0.456764
<Mean>
1685.714111 30.502859 -2.088224 10.769331 -1.602198 -0.073308 -2.953217 -0.036279 0.007698 
<Inverted_Deviation>
0.007597 0.027395 0.070711 0.023397 0.070711 0.070711 0.070711 0.070711 0.070711 
<LogVarVal> 33.278828
<TransP>
-0.071758 -2.670121 -10000000000.000000 -10000000000.000000 -10000000000.000000 -10000000000.000000 
-10000000000.000000 -0.076330 -2.610611 -10000000000.000000 -10000000000.000000 -10000000000.000000 
-10000000000.000000 -10000000000.000000 -0.077125 -2.600643 -10000000000.000000 -10000000000.000000 
-10000000000.000000 -10000000000.000000 -10000000000.000000 -0.161497 -1.902931 -10000000000.000000 
-10000000000.000000 -10000000000.000000 -10000000000.000000 -10000000000.000000 -0.100671 -2.345809 
-10000000000.000000 -10000000000.000000 -10000000000.000000 -10000000000.000000 -10000000000.000000 0.000000 
<EndEmbeddedHMM>
<BeginEmbeddedHMM>
<NumStates> 6
<State> 0
<NumMixes> 3
<Mixture> 0 <Weight> 0.140503
<Mean>
1280.780396 194.706848 -34.208767 9.835692 7.219485 -1.386806 -10.718750 -4.445192 0.462432 
<Inverted_Deviation>
0.003895 0.006231 0.009454 0.011160 0.025275 0.048522 0.017766 0.038126 0.070711 
<LogVarVal> 41.584229
<Mixture> 1 <Weight> 0.435698
<Mean>
823.307861 -1.709336 12.451795 25.469387 4.809806 0.032720 -6.630640 1.284170 0.069742 
<Inverted_Deviation>
0.009013 0.007213 0.017457 0.009197 0.023998 0.052501 0.031767 0.052039 0.070711 
<LogVarVal> 39.260181
<Mixture> 2 <Weight> 0.423799
<Mean>
566.145264 -7.388083 10.042952 36.412056 -3.495742 0.423863 7.563315 0.333966 -0.137373 
<Inverted_Deviation>
0.006724 0.012044 0.030922 0.009853 0.040852 0.070711 0.028960 0.052872 0.070711 
<LogVarVal> 37.646687
<State> 1
<NumMixes> 3
<Mixture> 0 <Weight> 0.232628
<Mean>
1609.853027 -29.450209 -23.923046 -7.688419 15.805715 -0.746233 -9.888915 -0.405350 2.095554 
<Inverted_Deviation>
0.005383 0.007125 0.020548 0.012285 0.018151 0.030520 0.040659 0.043393 0.057143 
<LogVarVal> 40.304985
<Mixture> 1 <Weight> 0.436934
<Mean>
1269.530273 -24.686853 4.155494 8.776711 -1.876533 0.324240 2.788577 0.010612 -0.999443 
<Inverted_Deviation>
0.009160 0.007873 0.016726 0.013135 0.021684 0.032800 0.047966 0.055132 0.070711 
<LogVarVal> 38.944809
<Mixture> 2 <Weight> 0.330438
<Mean>
1033.655640 -36.180817 2.614162 5.826530 -1.324136 -0.132157 3.954326 0.098655 0.008128 
<Inverted_Deviation>
0.009940 0.012825 0.025495 0.017310 0.034827 0.059188 0.053437 0.070711 0.070711 
<LogVarVal> 36.256603
<State> 2
<NumMixes> 3
<Mixture> 0 <Weight> 0.309059
<Mean>
1367.387207 -0.090421 2.546730 -246.447235 5.219426 7.182013 14.894838 2.392840 -1.070350 
<Inverted_Deviation>
0.006216 0.012384 0.032723 0.007710 0.014931 0.035971 0.005251 0.014441 0.034669 
<LogVarVal> 43.286358
<Mixture> 1 <Weight> 0.429840
<Mean>
1165.949585 -3.165600 5.033048 51.220894 0.239277 -3.117347 52.744640 -2.358933 -0.648981 
<Inverted_Deviation>
0.007273 0.014549 0.044683 0.006419 0.017002 0.044834 0.007041 0.021561 0.054393 
<LogVarVal> 41.345398
<Mixture> 2 <Weight> 0.261101
<Mean>
1557.986206 2.206335 -6.558754 27.343870 6.183308 -2.129345 -61.834587 1.265730 1.426503 
<Inverted_Deviation>
0.006885 0.016314 0.039234 0.005764 0.016117 0.046879 0.010672 0.022815 0.050938 
<LogVarVal> 41.125481
<State> 3
<NumMixes> 3
<Mixture> 0 <Weight> 0.206176
<Mean>
1374.554077 -84.422905 19.612780 -15.906220 6.875077 4.165385 51.795673 3.529802 -4.815792 
<Inverted_Deviation>
0.007151 0.008691 0.016366 0.010315 0.015626 0.029526 0.008734 0.023570 0.041333 
<LogVarVal> 42.879631
<Mixture> 1 <Weight> 0.476839
<Mean>
1710.689209 -33.981686 -10.865215 -97.047577 -17.281759 3.919311 -18.675558 -0.803975 2.960995 
<Inverted_Deviation>
0.006265 0.009588 0.024172 0.007693 0.013982 0.029990 0.008765 0.018370 0.038136 
<LogVarVal> 43.238743
<Mixture> 2 <Weight> 0.316985
<Mean>
1377.080322 0.418733 2.243780 232.556259 0.996350 -4.813867 -1.665904 -0.647714 0.703255 
<Inverted_Deviation>
0.006909 0.014913 0.039106 0.008641 0.015776 0.046242 0.006758 0.021576 0.048239 
<LogVarVal> 41.412434
<State> 4
<NumMixes> 3
<Mixture> 0 <Weight> 0.433999
<Mean>
1653.492554 19.399942 -3.455812 0.625391 0.873616 -0.743224 -1.228136 -1.725495 0.320124 
<Inverted_Deviation>
0.012465 0.012765 0.036507 0.015023 0.027512 0.048302 0.032064 0.043928 0.070711 
<LogVarVal> 37.243378
<Mixture> 1 <Weight> 0.216756
<Mean>
1464.167114 17.319469 16.506437 15.400619 -1.703451 -1.846033 4.244900 0.609989 -1.704007 
<Inverted_Deviation>
0.011633 0.012175 0.022903 0.014336 0.020810 0.035949 0.028539 0.043866 0.062413 
<LogVarVal> 38.690037
<Mixture> 2 <Weight> 0.349245
<Mean>
1855.733398 7.029599 -5.959463 -0.999102 -3.981261 -0.467861 -3.571317 0.360010 -0.341899 
<Inverted_Deviation>
0.009869 0.020601 0.054701 0.015240 0.032632 0.068786 0.036120 0.048653 0.070711 
<LogVarVal> 35.834156
<State> 5
<NumMixes> 3
<Mixture> 0 <Weight> 0.535007
<Mean>
1526.754028 10.506369 -3.867207 0.166410 0.733813 0.161142 -0.588744 0.297556 0.230396 
<Inverted_Deviation>
0.009286 0.021492 0.064138 0.028977 0.070711 0.070711 0.070711 0.070711 0.070711 
<LogVarVal> 33.204319
<Mixture> 1 <Weight> 0.154173
<Mean>
880.780884 124.531296 -2.613653 0.427808 -0.887422 0.503062 1.809405 -1.182478 0.001097 
<Inverted_Deviation>
0.004438 0.011165 0.026046 0.022821 0.025047 0.038779 0.070711 0.070711 0.070711 
<LogVarVal> 37.376038
<Mixture> 2 <Weight> 0.310820
<Mean>
1267.581177 55.891602 -3.195668 -5.460293 0.128600 0.174310 0.805736 0.013951 0.056646 
<Inverted_Deviation>
0.007841 0.016505 0.044134 0.031800 0.066083 0.070711 0.070711 0.070711 0.070711 
<LogVarVal> 33.986099
<TransP>
-0.085473 -2.501985 -10000000000.000000 -10000000000.000000 -10000000000.000000 -10000000000.000000 
-10000000000.000000 -0.069991 -2.694174 -10000000000.000000 -10000000000.000000 -10000000000.000000 
-10000000000.000000 -10000000000.000000 -0.082822 -2.532188 -10000000000.000000 -10000000000.000000 
-10000000000.000000 -10000000000.000000 -10000000000.000000 -0.177429 -1.816588 -10000000000.000000 
-10000000000.000000 -10000000000.000000 -10000000000.000000 -10000000000.000000 -0.091227 -2.439672 
-10000000000.000000 -10000000000.000000 -10000000000.000000 -10000000000.000000 -10000000000.000000 0.000000 
<EndEmbeddedHMM>
<BeginEmbeddedHMM>
<NumStates> 3
<State> 0
<NumMixes> 3
<Mixture> 0 <Weight> 0.774598
<Mean>
336.717194 -8.807499 2.511840 9.711669 -3.229722 0.408657 1.908105 -0.332358 -0.086609 
<Inverted_Deviation>
0.004482 0.022212 0.062656 0.029759 0.058286 0.070711 0.070711 0.070711 0.070711 
<LogVarVal> 34.089890
<Mixture> 1 <Weight> 0.065934
<Mean>
1407.880371 -177.173416 -13.128557 98.634613 7.630140 -17.129002 -3.708174 10.223051 0.213297 
<Inverted_Deviation>
0.004388 0.010892 0.011804 0.015317 0.012862 0.017935 0.035866 0.034894 0.036194 
<LogVarVal> 42.094872
<Mixture> 2 <Weight> 0.159468
<Mean>
908.630920 -101.673370 3.585986 61.895966 3.313004 0.663964 0.864814 -0.062705 0.608552 
<Inverted_Deviation>
0.004474 0.007653 0.015572 0.014869 0.018624 0.031499 0.047818 0.050409 0.067733 
<LogVarVal> 39.965462
<State> 1
<NumMixes> 3
<Mixture> 0 <Weight> 0.161634
<Mean>
1090.507690 -25.984657 11.983774 35.128395 -0.408796 0.154792 11.601114 -0.339477 -1.875125 
<Inverted_Deviation>
0.003056 0.004661 0.009827 0.006594 0.008835 0.014835 0.017665 0.020553 0.029050 
<LogVarVal> 46.354103
<Mixture> 1 <Weight> 0.341674
<Mean>
1943.489868 0.404517 -2.276589 8.147655 -0.223741 0.416262 -9.353029 -0.129643 -0.014866 
<Inverted_Deviation>
0.005569 0.021266 0.064299 0.009990 0.042420 0.070711 0.030774 0.069410 0.070711 
<LogVarVal> 36.150032
<Mixture> 2 <Weight> 0.496693
<Mean>
1523.495728 6.609699 -3.525932 24.148880 3.448031 0.976447 1.148823 -0.100506 0.281159 
<Inverted_Deviation>
0.005903 0.012056 0.028460 0.010775 0.029272 0.041118 0.026277 0.051036 0.070711 
<LogVarVal> 38.777527
<State> 2
<NumMixes> 3
<Mixture> 0 <Weight> 0.359083
<Mean>
979.019653 200.013046 17.959249 27.730841 23.063103 -28.854380 4.969560 -9.628555 3.041741 
<Inverted_Deviation>
0.004016 0.003155 0.006173 0.012430 0.010555 0.016724 0.036408 0.035332 0.038044 
<LogVarVal> 44.469772
<Mixture> 1 <Weight> 0.380306
<Mean>
1222.238159 -101.688385 5.323476 -45.154068 15.987821 32.641033 1.550271 12.123478 -3.102423 
<Inverted_Deviation>
0.006087 0.003425 0.006828 0.008946 0.008896 0.012418 0.032731 0.029849 0.028895 
<LogVarVal> 45.218613
<Mixture> 2 <Weight> 0.260611
<Mean>
1730.859009 12.890108 -106.119080 -40.589165 -68.852119 -9.557853 -9.639748 -3.324027 3.317681 
<Inverted_Deviation>
0.004521 0.003239 0.008448 0.009332 0.012855 0.014622 0.033138 0.030314 0.028365 
<LogVarVal> 44.775925
<TransP>
-0.043082 -3.166114 -10000000000.000000 
-10000000000.000000 -0.024013 -3.741127 
-10000000000.000000 -10000000000.000000 0.000000 
<EndEmbeddedHMM>
