<NumSuperStates> 5
<NumStates> 3 6 6 6 3 
<NumMixtures> 3 3 3 3 3 3 3 3 3 3 3 3 3 3 3 3 3 3 3 3 3 3 3 3 
<VecSize> 9
<BeginExternalHMM>
<NumStates> 5
<TransP>
-0.060169 -2.840539 -10000000000.000000 -10000000000.000000 -10000000000.000000 
-10000000000.000000 -0.072759 -2.656757 -10000000000.000000 -10000000000.000000 
-10000000000.000000 -10000000000.000000 -0.160343 -1.909542 -10000000000.000000 
-10000000000.000000 -10000000000.000000 -10000000000.000000 -0.033198 -3.421817 
-10000000000.000000 -10000000000.000000 -10000000000.000000 -10000000000.000000 -0.000000 
<EndExternalHMM>
<BeginEmbeddedHMM>
<NumStates> 3
<State> 0
<NumMixes> 3
<Mixture> 0 <Weight> 0.746483
<Mean>
38.754303 -6.188093 2.470699 -15.687657 5.189217 -0.554974 4.987623 -0.676320 -0.339636 
<Inverted_Deviation>
0.013552 0.024123 0.070711 0.021384 0.040229 0.070711 0.058345 0.070711 0.070711 
<LogVarVal> 33.673359
<Mixture> 1 <Weight> 0.106517
<Mean>
828.229919 -52.375809 -11.543325 -112.491936 -23.470324 -0.387502 -27.947924 -0.954146 1.605255 
<Inverted_Deviation>
0.004667 0.009306 0.030466 0.010302 0.019291 0.035605 0.019758 0.029435 0.046798 
<LogVarVal> 41.057236
<Mixture> 2 <Weight> 0.147000
<Mean>
401.793976 -65.310249 0.903530 -130.384979 6.221808 4.507072 0.968020 5.166196 1.127605 
<Inverted_Deviation>
0.005876 0.008319 0.031136 0.009760 0.020731 0.033830 0.023176 0.030442 0.045643 
<LogVarVal> 40.782383
<State> 1
<NumMixes> 3
<Mixture> 0 <Weight> 0.115573
<Mean>
1318.369629 -2.872581 -2.132343 -6.211993 0.329490 -0.891129 -3.848157 0.292917 -0.522238 
<Inverted_Deviation>
0.008293 0.027467 0.070711 0.023245 0.070711 0.070711 0.070711 0.070711 0.070711 
<LogVarVal> 33.195011
<Mixture> 1 <Weight> 0.142600
<Mean>
452.381012 -14.772782 0.618275 -91.435440 -1.785393 0.710755 11.479941 2.450206 0.122963 
<Inverted_Deviation>
0.004406 0.015760 0.070711 0.007759 0.049060 0.070711 0.024244 0.070711 0.070711 
<LogVarVal> 36.916382
<Mixture> 2 <Weight> 0.741828
<Mean>
863.230957 3.386791 -1.086609 -14.629386 -1.207603 -0.186609 -3.700329 -0.410841 -0.092137 
<Inverted_Deviation>
0.006321 0.032387 0.070711 0.020335 0.070534 0.070711 0.058878 0.070711 0.070711 
<LogVarVal> 33.621197
<State> 2
<NumMixes> 3
<Mixture> 0 <Weight> 0.079757
<Mean>
914.611206 70.856621 -32.074120 -57.212357 5.558188 -1.413707 -13.589979 -0.488620 4.224422 
<Inverted_Deviation>
0.004920 0.004691 0.009065 0.007299 0.008846 0.016822 0.014895 0.020783 0.029901 
<LogVarVal> 45.854359
<Mixture> 1 <Weight> 0.311812
<Mean>
161.291840 23.179680 6.942653 -44.031017 -5.252935 -1.185276 4.453638 0.214558 0.006673 
<Inverted_Deviation>
0.007701 0.013146 0.033301 0.013563 0.028866 0.052494 0.039738 0.057388 0.070711 
<LogVarVal> 37.276608
<Mixture> 2 <Weight> 0.608431
<Mean>
457.166656 14.081765 0.563552 -25.712580 1.047166 0.852200 -1.058696 -0.555572 -0.504967 
<Inverted_Deviation>
0.008304 0.010175 0.028767 0.013327 0.028645 0.040084 0.037898 0.044801 0.070711 
<LogVarVal> 38.193726
<TransP>
-0.040128 -3.235668 -10000000000.000000 
-10000000000.000000 -0.035901 -3.344897 
-10000000000.000000 -10000000000.000000 0.000000 
<EndEmbeddedHMM>
<BeginEmbeddedHMM>
<NumStates> 6
<State> 0
<NumMixes> 3
<Mixture> 0 <Weight> 0.372571
<Mean>
193.947311 -79.474640 20.926693 -32.810310 9.977191 -0.132585 7.091824 0.960478 -1.452614 
<Inverted_Deviation>
0.006210 0.009164 0.027793 0.014526 0.024938 0.041372 0.032244 0.058041 0.070711 
<LogVarVal> 38.546795
<Mixture> 1 <Weight> 0.140571
<Mean>
1026.308960 -73.085693 -9.875986 -44.627003 -3.324209 -0.625707 -6.928505 -0.203253 -0.523929 
<Inverted_Deviation>
0.006609 0.012814 0.035779 0.009040 0.028672 0.056810 0.021909 0.041687 0.070711 
<LogVarVal> 38.631790
<Mixture> 2 <Weight> 0.486857
<Mean>
568.430908 -68.587738 -16.813559 -53.236549 -7.836602 1.592636 -4.886210 -1.045584 2.124625 
<Inverted_Deviation>
0.007606 0.007047 0.018677 0.010545 0.019959 0.037106 0.020955 0.032488 0.055267 
<LogVarVal> 40.913601
<State> 1
<NumMixes> 3
<Mixture> 0 <Weight> 0.198535
<Mean>
449.817963 4.120945 6.848684 -18.033756 -2.538467 0.432413 13.365094 0.376587 -1.451211 
<Inverted_Deviation>
0.006872 0.009846 0.023990 0.007319 0.016599 0.035937 0.015020 0.028325 0.057604 
<LogVarVal> 41.440590
<Mixture> 1 <Weight> 0.195688
<Mean>
1276.309570 -1.637605 -1.822115 2.904583 -3.146273 0.469506 -5.253402 0.221643 -0.227631 
<Inverted_Deviation>
0.013546 0.038459 0.070711 0.017104 0.052953 0.070711 0.062549 0.070711 0.070711 
<LogVarVal> 33.086349
<Mixture> 2 <Weight> 0.605777
<Mean>
711.020874 -2.120158 -1.823269 -7.033600 -0.402045 -0.248942 -2.436298 0.437094 0.046662 
<Inverted_Deviation>
0.011240 0.021446 0.047131 0.012303 0.042885 0.070711 0.030876 0.064508 0.070711 
<LogVarVal> 35.600826
<State> 2
<NumMixes> 3
<Mixture> 0 <Weight> 0.355169
<Mean>
726.307312 -25.633980 -5.638691 45.418003 6.087667 1.538271 11.840474 -2.507727 -0.005916 
<Inverted_Deviation>
0.006859 0.004603 0.013431 0.004588 0.012022 0.018374 0.012250 0.017290 0.032049 
<LogVarVal> 45.527332
<Mixture> 1 <Weight> 0.388946
<Mean>
1028.084717 18.550375 -20.041016 31.471729 -0.712829 -0.991431 -27.452646 -2.230201 4.058001 
<Inverted_Deviation>
0.006931 0.007804 0.016391 0.005179 0.012215 0.027749 0.015370 0.023252 0.038582 
<LogVarVal> 43.531532
<Mixture> 2 <Weight> 0.255885
<Mean>
327.948456 2.257623 37.212326 18.113907 5.556568 -2.676210 36.899242 3.937373 -3.638358 
<Inverted_Deviation>
0.006035 0.006001 0.013403 0.005651 0.009626 0.021912 0.016281 0.017331 0.033788 
<LogVarVal> 44.890213
<State> 3
<NumMixes> 3
<Mixture> 0 <Weight> 0.242647
<Mean>
732.562866 26.338839 -4.738364 13.385075 -9.576951 -1.346883 2.258357 -3.299105 0.661548 
<Inverted_Deviation>
0.010612 0.010722 0.037508 0.007024 0.023712 0.052919 0.011787 0.034843 0.070711 
<LogVarVal> 39.601616
<Mixture> 1 <Weight> 0.154412
<Mean>
501.194916 -1.437518 16.067833 -49.780048 12.424616 5.046245 17.125813 0.101030 -0.504748 
<Inverted_Deviation>
0.010664 0.007333 0.014042 0.006930 0.014368 0.027483 0.016796 0.025997 0.048860 
<LogVarVal> 42.437202
<Mixture> 2 <Weight> 0.602941
<Mean>
947.790955 3.079771 -4.223304 14.249548 -0.319644 0.094648 -6.380728 -0.278821 -0.345430 
<Inverted_Deviation>
0.013380 0.027781 0.070711 0.019834 0.051447 0.070711 0.046812 0.070711 0.070711 
<LogVarVal> 33.594494
<State> 4
<NumMixes> 3
<Mixture> 0 <Weight> 0.206949
<Mean>
1141.113159 -11.599418 -1.030244 11.474713 -2.147959 0.180556 -3.078795 1.426214 -0.297880 
<Inverted_Deviation>
0.007956 0.020817 0.036958 0.024193 0.035802 0.054633 0.058898 0.070711 0.070711 
<LogVarVal> 35.243896
<Mixture> 1 <Weight> 0.532477
<Mean>
511.463684 -2.233621 1.515362 31.283268 -0.018768 -0.346452 7.344741 1.511946 0.191498 
<Inverted_Deviation>
0.012088 0.026701 0.058311 0.009262 0.023945 0.056920 0.012965 0.029142 0.070711 
<LogVarVal> 37.842163
<Mixture> 2 <Weight> 0.260574
<Mean>
779.165955 14.116247 -0.218832 58.699497 -2.457799 -1.426371 -0.524819 -0.873362 0.029979 
<Inverted_Deviation>
0.007841 0.017255 0.070711 0.014694 0.038550 0.070711 0.030089 0.070711 0.070711 
<LogVarVal> 35.635601
<State> 5
<NumMixes> 3
<Mixture> 0 <Weight> 0.683750
<Mean>
666.138672 4.092550 -5.062875 -7.306586 0.080688 0.474924 -5.433139 0.502311 0.209569 
<Inverted_Deviation>
0.011195 0.015797 0.033397 0.018620 0.033739 0.054288 0.048851 0.065812 0.070711 
<LogVarVal> 35.866035
<Mixture> 1 <Weight> 0.236250
<Mean>
438.083069 34.417549 7.023291 -10.813096 6.513237 -1.632933 14.284328 -1.218230 -1.163907 
<Inverted_Deviation>
0.007689 0.008763 0.024455 0.008760 0.019926 0.038330 0.016866 0.030008 0.055121 
<LogVarVal> 40.869133
<Mixture> 2 <Weight> 0.080000
<Mean>
1022.166016 58.719639 -6.831572 -25.101263 7.741943 2.096302 -8.692535 -1.633650 0.459954 
<Inverted_Deviation>
0.005592 0.006430 0.010214 0.009780 0.015017 0.019961 0.035790 0.033967 0.047681 
<LogVarVal> 42.464001
<TransP>
-0.139591 -2.038025 -10000000000.000000 -10000000000.000000 -10000000000.000000 -10000000000.000000 
-10000000000.000000 -0.047489 -3.070905 -10000000000.000000 -10000000000.000000 -10000000000.000000 
-10000000000.000000 -10000000000.000000 -0.124072 -2.148288 -10000000000.000000 -10000000000.000000 
-10000000000.000000 -10000000000.000000 -10000000000.000000 -0.110685 -2.255898 -10000000000.000000 
-10000000000.000000 -10000000000.000000 -10000000000.000000 -10000000000.000000 -0.090037 -2.452214 
-10000000000.000000 -10000000000.000000 -10000000000.000000 -10000000000.000000 -10000000000.000000 0.000000 
<EndEmbeddedHMM>
<BeginEmbeddedHMM>
<NumStates> 6
<State> 0
<NumMixes> 3
<Mixture> 0 <Weight> 0.321577
<Mean>
770.010681 22.080189 23.635447 -4.965971 -15.592701 2.759368 11.472198 0.382718 -0.511992 
<Inverted_Deviation>
0.006822 0.004505 0.009399 0.007233 0.012079 0.016743 0.018684 0.019122 0.029619 
<LogVarVal> 45.099960
<Mixture> 1 <Weight> 0.066390
<Mean>
325.250000 -77.982010 46.242233 -37.162022 -58.812180 -9.513302 26.876270 -1.825324 -3.022149 
<Inverted_Deviation>
0.004642 0.004074 0.013365 0.005738 0.010250 0.015410 0.012474 0.014190 0.025730 
<LogVarVal> 46.555412
<Mixture> 2 <Weight> 0.612033
<Mean>
1085.543335 1.689584 -13.008872 10.037711 8.005621 -0.385438 -8.962142 -0.296099 1.301905 
<Inverted_Deviation>
0.007353 0.008214 0.015638 0.010435 0.013817 0.020726 0.034194 0.032584 0.034428 
<LogVarVal> 41.913254
<State> 1
<NumMixes> 3
<Mixture> 0 <Weight> 0.330309
<Mean>
789.435303 42.944183 3.819057 18.384150 -2.560967 -2.249131 6.776172 0.640871 -0.686379 
<Inverted_Deviation>
0.006606 0.009148 0.027299 0.012679 0.029402 0.055468 0.038595 0.060226 0.070711 
<LogVarVal> 37.966106
<Mixture> 1 <Weight> 0.090744
<Mean>
249.053360 -13.854359 45.889336 -14.672148 51.562622 -4.923585 45.040642 -0.453672 -10.644344 
<Inverted_Deviation>
0.004870 0.004095 0.012439 0.005390 0.012866 0.021476 0.015016 0.018807 0.037366 
<LogVarVal> 45.237377
<Mixture> 2 <Weight> 0.578947
<Mean>
1083.183228 13.373582 -5.716783 8.479726 -4.774642 0.986902 -4.004945 -0.511485 0.790424 
<Inverted_Deviation>
0.008859 0.014018 0.045481 0.016212 0.035344 0.068305 0.046901 0.056052 0.070711 
<LogVarVal> 35.974163
<State> 2
<NumMixes> 3
<Mixture> 0 <Weight> 0.368999
<Mean>
1222.399902 -0.832319 -9.856342 3.801659 -1.305775 -0.217650 -16.012465 3.949553 0.520533 
<Inverted_Deviation>
0.009667 0.013477 0.030942 0.010532 0.020181 0.041978 0.020532 0.039177 0.070711 
<LogVarVal> 38.974224
<Mixture> 1 <Weight> 0.347737
<Mean>
944.476807 -9.307467 -11.929292 20.103855 -9.490221 -3.211504 -12.183812 -3.016851 2.441798 
<Inverted_Deviation>
0.007819 0.006330 0.014634 0.005115 0.010905 0.021130 0.014850 0.020093 0.031772 
<LogVarVal> 44.506790
<Mixture> 2 <Weight> 0.283265
<Mean>
567.417480 -24.138157 28.984411 -15.854953 10.678863 4.123430 24.240835 0.110296 -3.256466 
<Inverted_Deviation>
0.004192 0.005089 0.011303 0.004162 0.008756 0.016986 0.011693 0.015785 0.028551 
<LogVarVal> 46.837807
<State> 3
<NumMixes> 3
<Mixture> 0 <Weight> 0.557292
<Mean>
832.854248 -1.824314 -1.760089 0.868659 -1.140956 -0.336675 -1.946939 0.253005 0.316137 
<Inverted_Deviation>
0.012323 0.021138 0.061129 0.020401 0.045766 0.070711 0.054602 0.070711 0.070711 
<LogVarVal> 34.030575
<Mixture> 1 <Weight> 0.184028
<Mean>
1102.033569 -5.242875 -2.032551 -28.163235 2.534273 1.682666 -4.977076 -4.658410 0.180968 
<Inverted_Deviation>
0.009228 0.023953 0.054460 0.009848 0.021025 0.053828 0.018409 0.029517 0.060023 
<LogVarVal> 38.214043
<Mixture> 2 <Weight> 0.258681
<Mean>
670.228271 -0.877069 3.477105 -24.322950 3.580813 1.571308 5.399899 0.248527 -0.314203 
<Inverted_Deviation>
0.009399 0.012610 0.026859 0.019914 0.033728 0.045699 0.042147 0.063284 0.070711 
<LogVarVal> 36.776215
<State> 4
<NumMixes> 3
<Mixture> 0 <Weight> 0.268775
<Mean>
900.292908 0.347449 3.891489 7.894091 1.364034 -0.155318 1.593882 0.994037 -0.354704 
<Inverted_Deviation>
0.014624 0.020533 0.044441 0.032032 0.062409 0.070711 0.070711 0.070711 0.070711 
<LogVarVal> 33.187450
<Mixture> 1 <Weight> 0.100791
<Mean>
668.133972 -6.242039 -0.773031 -0.440977 -4.498149 -1.363572 -2.046142 -0.353432 -0.426591 
<Inverted_Deviation>
0.022127 0.031251 0.070711 0.034766 0.056212 0.070711 0.070711 0.070711 0.070711 
<LogVarVal> 31.911488
<Mixture> 2 <Weight> 0.630435
<Mean>
1125.525635 2.170024 -1.303974 0.201847 0.153395 0.194453 -2.359956 -0.293199 -0.237177 
<Inverted_Deviation>
0.009318 0.020500 0.052408 0.023499 0.051961 0.069785 0.070711 0.070711 0.070711 
<LogVarVal> 33.980976
<State> 5
<NumMixes> 3
<Mixture> 0 <Weight> 0.363144
<Mean>
1219.622437 86.204155 -138.196365 -28.127407 13.714814 1.265418 -4.108255 -2.267688 5.194779 
<Inverted_Deviation>
0.002352 0.002638 0.005460 0.015554 0.012125 0.013799 0.039524 0.036671 0.045204 
<LogVarVal> 44.844074
<Mixture> 1 <Weight> 0.479675
<Mean>
641.031006 123.792694 35.530270 2.940906 -10.231556 -0.436290 6.180689 -1.685667 -3.207542 
<Inverted_Deviation>
0.003154 0.003708 0.005626 0.007902 0.009318 0.012436 0.013583 0.018259 0.026375 
<LogVarVal> 47.528858
<Mixture> 2 <Weight> 0.157182
<Mean>
837.333435 -497.651306 86.844086 -37.545002 26.943373 3.610963 0.023271 9.503283 -0.945813 
<Inverted_Deviation>
0.002727 0.003714 0.002864 0.011060 0.009242 0.010477 0.023428 0.022037 0.025762 
<LogVarVal> 47.481380
<TransP>
-0.118821 -2.188960 -10000000000.000000 -10000000000.000000 -10000000000.000000 -10000000000.000000 
-10000000000.000000 -0.103145 -2.322751 -10000000000.000000 -10000000000.000000 -10000000000.000000 
-10000000000.000000 -10000000000.000000 -0.037740 -3.295837 -10000000000.000000 -10000000000.000000 
-10000000000.000000 -10000000000.000000 -10000000000.000000 -0.098440 -2.367124 -10000000000.000000 
-10000000000.000000 -10000000000.000000 -10000000000.000000 -10000000000.000000 -0.112854 -2.237553 
-10000000000.000000 -10000000000.000000 -10000000000.000000 -10000000000.000000 -10000000000.000000 0.000000 
<EndEmbeddedHMM>
<BeginEmbeddedHMM>
<NumStates> 6
<State> 0
<NumMixes> 3
<Mixture> 0 <Weight> 0.029001
<Mean>
1080.997681 44.320271 -1.307340 -0.184073 0.224137 0.293539 -0.134540 0.007002 0.086014 
<Inverted_Deviation>
0.008332 0.028678 0.070711 0.070711 0.070711 0.070711 0.070711 0.070711 0.070711 
<LogVarVal> 32.034710
<Mixture> 1 <Weight> 0.722521
<Mean>
668.950928 -27.126667 -8.063150 8.974403 -0.324567 0.352700 -1.199229 -0.222227 0.451681 
<Inverted_Deviation>
0.007547 0.010337 0.019888 0.021310 0.034465 0.057033 0.070711 0.070711 0.070711 
<LogVarVal> 36.555580
<Mixture> 2 <Weight> 0.248478
<Mean>
161.255524 -91.991356 18.911070 9.628617 -1.088436 -1.601066 3.821313 0.807760 -1.159099 
<Inverted_Deviation>
0.004524 0.007258 0.016572 0.015594 0.023027 0.029660 0.063791 0.070711 0.070711 
<LogVarVal> 39.075722
<State> 1
<NumMixes> 3
<Mixture> 0 <Weight> 0.064538
<Mean>
621.158752 8.877104 5.075881 46.876411 13.605550 -5.413642 24.081861 -6.552765 -1.265033 
<Inverted_Deviation>
0.010324 0.023296 0.070711 0.012398 0.023569 0.070711 0.029538 0.047564 0.070711 
<LogVarVal> 36.137318
<Mixture> 1 <Weight> 0.147834
<Mean>
718.662354 -2.874012 2.361831 -61.061279 5.442995 3.310347 -3.420907 5.011692 0.099731 
<Inverted_Deviation>
0.010997 0.017509 0.065884 0.017461 0.029104 0.070600 0.028178 0.047972 0.070711 
<LogVarVal> 35.917240
<Mixture> 2 <Weight> 0.787628
<Mean>
897.615845 -1.087081 -2.021295 -2.322437 0.900019 -0.218639 -4.117304 0.071612 0.072958 
<Inverted_Deviation>
0.012957 0.030958 0.070711 0.022291 0.068053 0.070711 0.070424 0.070711 0.070711 
<LogVarVal> 32.713409
<State> 2
<NumMixes> 3
<Mixture> 0 <Weight> 0.262540
<Mean>
525.266296 3.418012 9.217213 25.723070 -24.156916 1.659853 55.408867 -1.026275 -2.978562 
<Inverted_Deviation>
0.008217 0.013044 0.026726 0.009595 0.017233 0.034786 0.015594 0.034839 0.061363 
<LogVarVal> 40.289150
<Mixture> 1 <Weight> 0.397012
<Mean>
684.837891 21.145845 4.464621 -103.177116 -12.822489 6.221710 17.139187 -14.393646 -0.652375 
<Inverted_Deviation>
0.010142 0.018799 0.038419 0.011097 0.021713 0.046291 0.012882 0.034426 0.066972 
<LogVarVal> 38.803532
<Mixture> 2 <Weight> 0.340448
<Mean>
867.434631 16.002048 -6.359788 5.300396 -4.211858 -1.798964 -14.236774 1.621307 1.464112 
<Inverted_Deviation>
0.010417 0.010942 0.029253 0.009131 0.016603 0.030120 0.018814 0.032389 0.062097 
<LogVarVal> 40.241421
<State> 3
<NumMixes> 3
<Mixture> 0 <Weight> 0.394970
<Mean>
612.662781 -8.233402 0.681116 85.227982 -5.749872 -3.518008 -3.804033 3.991090 1.124418 
<Inverted_Deviation>
0.008738 0.011721 0.035496 0.007497 0.018761 0.048644 0.014718 0.029594 0.061268 
<LogVarVal> 40.099808
<Mixture> 1 <Weight> 0.125000
<Mean>
243.694763 -13.463842 12.207586 -42.997772 30.331148 3.910275 37.190338 7.427159 -2.283464 
<Inverted_Deviation>
0.005486 0.010525 0.037797 0.004931 0.016756 0.041538 0.013698 0.033040 0.063236 
<LogVarVal> 41.230118
<Mixture> 2 <Weight> 0.480030
<Mean>
815.140259 -14.050015 -2.295632 32.936344 1.228815 -1.320676 -11.405463 0.780944 0.585001 
<Inverted_Deviation>
0.009960 0.017856 0.053509 0.010630 0.026764 0.070711 0.027370 0.053216 0.070711 
<LogVarVal> 36.708553
<State> 4
<NumMixes> 3
<Mixture> 0 <Weight> 0.175355
<Mean>
964.332214 2.253090 -3.770586 3.086919 0.764319 0.415030 -4.743872 -0.420047 -0.091124 
<Inverted_Deviation>
0.015326 0.028679 0.070711 0.036954 0.070711 0.070711 0.070711 0.070711 0.070711 
<LogVarVal> 32.074093
<Mixture> 1 <Weight> 0.370932
<Mean>
649.492065 5.924791 1.222056 6.060354 0.455515 0.187841 0.227083 0.135803 -0.058258 
<Inverted_Deviation>
0.017441 0.035410 0.070711 0.043443 0.070711 0.070711 0.070711 0.070711 0.070711 
<LogVarVal> 31.572256
<Mixture> 2 <Weight> 0.453712
<Mean>
800.666687 4.819139 -0.529019 3.297692 -0.836986 -0.133455 -0.523184 -0.038624 0.031463 
<Inverted_Deviation>
0.018094 0.027071 0.070711 0.026900 0.064031 0.070711 0.070711 0.070711 0.070711 
<LogVarVal> 32.382584
<State> 5
<NumMixes> 3
<Mixture> 0 <Weight> 0.053133
<Mean>
1503.729492 -109.520645 -22.934301 -47.216812 -28.320530 18.117157 -4.579231 9.592560 -0.185754 
<Inverted_Deviation>
0.002993 0.004134 0.010230 0.007397 0.008404 0.010765 0.036841 0.020049 0.019983 
<LogVarVal> 46.374241
<Mixture> 1 <Weight> 0.009023
<Mean>
1142.578613 356.558319 -181.493393 56.322987 -35.908142 -7.617239 -8.368161 2.062734 5.649278 
<Inverted_Deviation>
0.003257 0.003453 0.006517 0.011929 0.017215 0.016560 0.070711 0.070711 0.070711 
<LogVarVal> 42.119286
<Mixture> 2 <Weight> 0.937845
<Mean>
294.613678 29.038244 1.221053 19.875587 0.526672 -1.051970 1.765549 -0.709679 -0.029456 
<Inverted_Deviation>
0.002781 0.011155 0.023471 0.017151 0.026579 0.043097 0.058563 0.068501 0.070711 
<LogVarVal> 38.289528
<TransP>
-0.091808 -2.433613 -10000000000.000000 -10000000000.000000 -10000000000.000000 -10000000000.000000 
-10000000000.000000 -0.056266 -2.905674 -10000000000.000000 -10000000000.000000 -10000000000.000000 
-10000000000.000000 -10000000000.000000 -0.303097 -1.341425 -10000000000.000000 -10000000000.000000 
-10000000000.000000 -10000000000.000000 -10000000000.000000 -0.199931 -1.708082 -10000000000.000000 
-10000000000.000000 -10000000000.000000 -10000000000.000000 -10000000000.000000 -0.039474 -3.251797 
-10000000000.000000 -10000000000.000000 -10000000000.000000 -10000000000.000000 -10000000000.000000 0.000000 
<EndEmbeddedHMM>
<BeginEmbeddedHMM>
<NumStates> 3
<State> 0
<NumMixes> 3
<Mixture> 0 <Weight> 0.317930
<Mean>
1027.007202 60.954556 -22.587381 30.152525 -11.527675 -4.432936 -9.559671 -0.250493 0.563878 
<Inverted_Deviation>
0.003712 0.006063 0.011204 0.006731 0.012216 0.026976 0.021867 0.024810 0.039495 
<LogVarVal> 44.114117
<Mixture> 1 <Weight> 0.275416
<Mean>
129.341171 20.780001 40.117847 8.472055 15.631066 -5.347157 11.045786 -0.834845 -1.356089 
<Inverted_Deviation>
0.007636 0.006465 0.015556 0.012902 0.016669 0.023755 0.048065 0.050603 0.052375 
<LogVarVal> 40.383678
<Mixture> 2 <Weight> 0.406654
<Mean>
457.221283 -16.005215 -5.454673 11.117653 -1.792802 9.700001 -0.737026 0.588025 0.580653 
<Inverted_Deviation>
0.005492 0.003675 0.006966 0.008598 0.012012 0.015762 0.038365 0.042214 0.039632 
<LogVarVal> 43.910721
<State> 1
<NumMixes> 3
<Mixture> 0 <Weight> 0.075625
<Mean>
1187.084961 -234.702972 -95.115700 -124.338387 -2.288818 2.277122 -45.868538 15.127098 27.888269 
<Inverted_Deviation>
0.002869 0.003139 0.007570 0.003734 0.003927 0.006604 0.017696 0.008531 0.015478 
<LogVarVal> 50.769253
<Mixture> 1 <Weight> 0.455098
<Mean>
333.687744 -7.520766 18.862247 19.042358 2.622203 -4.454248 15.171552 -0.765050 -2.492990 
<Inverted_Deviation>
0.004327 0.006034 0.013188 0.006273 0.009335 0.019668 0.020464 0.021790 0.028432 
<LogVarVal> 44.982803
<Mixture> 2 <Weight> 0.469278
<Mean>
815.102234 6.062079 -3.731140 10.244846 -0.589086 3.466133 -8.831511 -1.269529 -1.786503 
<Inverted_Deviation>
0.005097 0.006425 0.020108 0.007001 0.016052 0.025745 0.029834 0.030736 0.041921 
<LogVarVal> 42.304066
<State> 2
<NumMixes> 3
<Mixture> 0 <Weight> 0.145652
<Mean>
664.036133 427.972504 -9.783865 37.323975 -3.601090 -31.502485 -0.368081 -5.753510 -0.413345 
<Inverted_Deviation>
0.002988 0.003937 0.004645 0.006927 0.012507 0.017162 0.052919 0.043088 0.050781 
<LogVarVal> 44.356262
<Mixture> 1 <Weight> 0.280435
<Mean>
27.914728 20.568623 23.845726 4.590694 6.521238 3.910360 2.879773 0.371307 -0.346538 
<Inverted_Deviation>
0.010807 0.008941 0.013539 0.021202 0.023077 0.049214 0.057814 0.070711 0.070711 
<LogVarVal> 37.481087
<Mixture> 2 <Weight> 0.573913
<Mean>
1510.604004 25.511284 -15.041306 16.602528 -6.621120 3.362120 -0.770071 -0.191293 -0.679225 
<Inverted_Deviation>
0.008370 0.008942 0.015947 0.028252 0.027938 0.041840 0.070711 0.070711 0.070711 
<LogVarVal> 37.055645
<TransP>
-0.064908 -2.767059 -10000000000.000000 
-10000000000.000000 -0.023225 -3.774112 
-10000000000.000000 -10000000000.000000 0.000000 
<EndEmbeddedHMM>
