<NumSuperStates> 5
<NumStates> 3 6 6 6 3 
<NumMixtures> 3 3 3 3 3 3 3 3 3 3 3 3 3 3 3 3 3 3 3 3 3 3 3 3 
<VecSize> 9
<BeginExternalHMM>
<NumStates> 5
<TransP>
-0.066691 -2.740840 -10000000000.000000 -10000000000.000000 -10000000000.000000 
-10000000000.000000 -0.076961 -2.602690 -10000000000.000000 -10000000000.000000 
-10000000000.000000 -10000000000.000000 -0.100083 -2.351375 -10000000000.000000 
-10000000000.000000 -10000000000.000000 -10000000000.000000 -0.044452 -3.135494 
-10000000000.000000 -10000000000.000000 -10000000000.000000 -10000000000.000000 0.000000 
<EndExternalHMM>
<BeginEmbeddedHMM>
<NumStates> 3
<State> 0
<NumMixes> 3
<Mixture> 0 <Weight> 0.091429
<Mean>
817.921814 -27.803959 7.486770 -0.977655 4.871157 0.214032 0.436938 0.234420 -0.029473 
<Inverted_Deviation>
0.010877 0.017314 0.070711 0.034643 0.070711 0.070711 0.070711 0.070711 0.070711 
<LogVarVal> 32.986206
<Mixture> 1 <Weight> 0.793143
<Mean>
1090.909668 -0.334189 0.354712 -0.616719 0.358742 0.042014 -0.697681 0.132114 -0.043027 
<Inverted_Deviation>
0.008795 0.026182 0.070711 0.043206 0.070711 0.070711 0.070711 0.070711 0.070711 
<LogVarVal> 32.564293
<Mixture> 2 <Weight> 0.115429
<Mean>
1426.146118 11.708426 -0.030956 16.906281 -4.043419 -0.522742 -2.870337 -0.354397 0.201168 
<Inverted_Deviation>
0.006987 0.008297 0.044745 0.016850 0.041461 0.070711 0.041461 0.070711 0.070711 
<LogVarVal> 36.410542
<State> 1
<NumMixes> 3
<Mixture> 0 <Weight> 0.184891
<Mean>
725.640442 4.583927 0.671706 88.317383 0.328476 -0.109829 6.826320 -0.591543 0.113476 
<Inverted_Deviation>
0.005529 0.032761 0.070711 0.015109 0.066467 0.070711 0.047680 0.070711 0.070711 
<LogVarVal> 34.310997
<Mixture> 1 <Weight> 0.575547
<Mean>
1433.186401 4.501660 -0.820360 7.078013 -0.124637 -0.122936 -2.910127 0.019425 -0.061099 
<Inverted_Deviation>
0.009421 0.039226 0.070711 0.024740 0.070711 0.070711 0.070711 0.070711 0.070711 
<LogVarVal> 32.648758
<Mixture> 2 <Weight> 0.239563
<Mean>
1028.624146 9.053566 -0.468527 82.964546 -0.977721 0.170640 -4.932304 -0.053168 -0.096106 
<Inverted_Deviation>
0.006854 0.027270 0.070711 0.012678 0.055930 0.070711 0.041256 0.070711 0.070711 
<LogVarVal> 34.772350
<State> 2
<NumMixes> 3
<Mixture> 0 <Weight> 0.036649
<Mean>
1517.988037 -458.606018 -42.726921 175.763397 -4.107719 -27.240261 -56.378193 22.469980 -5.770308 
<Inverted_Deviation>
0.002348 0.005890 0.004183 0.003228 0.004582 0.005123 0.005060 0.007429 0.005601 
<LogVarVal> 53.585903
<Mixture> 1 <Weight> 0.680628
<Mean>
463.964233 14.454082 16.250902 1.728545 -10.407078 -0.217761 3.468453 0.607793 -1.200509 
<Inverted_Deviation>
0.004223 0.006804 0.022103 0.011485 0.015741 0.028781 0.023516 0.022095 0.029539 
<LogVarVal> 42.671604
<Mixture> 2 <Weight> 0.282723
<Mean>
1037.375732 5.795248 -4.788195 6.851261 13.885303 5.855362 -5.402118 -4.755804 3.666592 
<Inverted_Deviation>
0.003911 0.004451 0.019369 0.005923 0.012604 0.019031 0.013025 0.016606 0.017490 
<LogVarVal> 46.003365
<TransP>
-0.036071 -3.340237 -10000000000.000000 
-10000000000.000000 -0.031300 -3.479750 
-10000000000.000000 -10000000000.000000 0.000000 
<EndEmbeddedHMM>
<BeginEmbeddedHMM>
<NumStates> 6
<State> 0
<NumMixes> 3
<Mixture> 0 <Weight> 0.295455
<Mean>
1535.550049 91.080551 -50.670853 -20.687944 -46.928890 6.579375 -17.001972 -4.182284 5.634022 
<Inverted_Deviation>
0.004929 0.003828 0.008050 0.005998 0.009474 0.011586 0.011091 0.016383 0.021132 
<LogVarVal> 47.554966
<Mixture> 1 <Weight> 0.422727
<Mean>
1170.239868 -3.566948 18.709656 3.907952 2.303348 -4.107558 5.027631 -0.732966 -0.342269 
<Inverted_Deviation>
0.006342 0.003828 0.010504 0.006136 0.008434 0.014714 0.011417 0.013600 0.023648 
<LogVarVal> 46.936073
<Mixture> 2 <Weight> 0.281818
<Mean>
757.577942 -42.699825 36.751724 -9.802916 38.953087 0.326947 25.589970 2.036475 -5.204549 
<Inverted_Deviation>
0.006489 0.005316 0.014413 0.006694 0.011344 0.022144 0.010884 0.014995 0.025537 
<LogVarVal> 45.349529
<State> 1
<NumMixes> 3
<Mixture> 0 <Weight> 0.314286
<Mean>
583.786133 16.186529 2.969298 55.353752 4.188300 -0.274169 4.460473 -0.909101 -0.365749 
<Inverted_Deviation>
0.007521 0.025457 0.070711 0.013231 0.059269 0.070711 0.014653 0.070711 0.070711 
<LogVarVal> 35.682663
<Mixture> 1 <Weight> 0.396429
<Mean>
1280.657837 15.212759 -0.957614 -11.020427 0.168983 0.481004 -3.220999 2.422319 -0.196316 
<Inverted_Deviation>
0.004441 0.009893 0.041801 0.013082 0.031243 0.070711 0.015002 0.057814 0.070711 
<LogVarVal> 38.509781
<Mixture> 2 <Weight> 0.289286
<Mean>
890.184204 31.707333 2.983283 40.690735 1.288588 -0.787219 -16.013508 -1.250178 -0.098047 
<Inverted_Deviation>
0.006635 0.014342 0.070711 0.007867 0.035847 0.070711 0.010274 0.050087 0.070711 
<LogVarVal> 38.104565
<State> 2
<NumMixes> 3
<Mixture> 0 <Weight> 0.375367
<Mean>
741.294617 0.326238 0.476033 -35.098034 0.068846 0.032753 4.541116 1.250168 -0.063609 
<Inverted_Deviation>
0.009137 0.015841 0.065516 0.011850 0.050001 0.070711 0.033301 0.070711 0.070711 
<LogVarVal> 35.498165
<Mixture> 1 <Weight> 0.227273
<Mean>
1029.140015 3.205312 -6.530974 -45.943108 -3.307029 0.141375 -4.990687 -1.178894 0.065263 
<Inverted_Deviation>
0.006906 0.012337 0.050102 0.012124 0.043807 0.070711 0.028398 0.070711 0.070711 
<LogVarVal> 36.564903
<Mixture> 2 <Weight> 0.397361
<Mean>
471.792297 -0.002811 2.222114 -16.064674 2.317661 -0.124754 11.552778 0.342498 0.083296 
<Inverted_Deviation>
0.008685 0.024961 0.070711 0.014469 0.064457 0.070711 0.050583 0.070711 0.070711 
<LogVarVal> 34.146137
<State> 3
<NumMixes> 3
<Mixture> 0 <Weight> 0.520737
<Mean>
345.963104 18.553188 15.197805 -22.925486 -4.363074 -2.659047 14.774165 0.257339 -1.009513 
<Inverted_Deviation>
0.008073 0.009634 0.022663 0.014615 0.020975 0.049118 0.036100 0.054803 0.070711 
<LogVarVal> 38.378368
<Mixture> 1 <Weight> 0.341014
<Mean>
628.501221 26.199472 -1.908273 -67.281677 3.616877 3.270131 2.312398 -0.947276 0.663047 
<Inverted_Deviation>
0.008929 0.005446 0.012075 0.008807 0.014301 0.025787 0.023510 0.035123 0.061727 
<LogVarVal> 42.021206
<Mixture> 2 <Weight> 0.138249
<Mean>
922.441772 68.571793 -42.223103 -65.728516 0.793871 6.664955 -12.655138 -3.918641 3.227719 
<Inverted_Deviation>
0.006792 0.005131 0.013130 0.008237 0.018551 0.030997 0.023613 0.029680 0.034120 
<LogVarVal> 42.650036
<State> 4
<NumMixes> 3
<Mixture> 0 <Weight> 0.167131
<Mean>
984.293030 -4.216700 -12.923188 -46.414837 12.449128 3.463025 -57.514473 -8.117018 1.203277 
<Inverted_Deviation>
0.006876 0.012046 0.032461 0.005135 0.017839 0.052729 0.008724 0.026053 0.063030 
<LogVarVal> 41.371891
<Mixture> 1 <Weight> 0.512535
<Mean>
495.130371 -8.779262 2.877608 5.685246 -0.693352 0.749236 13.888661 0.383971 -0.475551 
<Inverted_Deviation>
0.006022 0.024014 0.070711 0.006949 0.025044 0.070711 0.011073 0.036213 0.070711 
<LogVarVal> 38.418041
<Mixture> 2 <Weight> 0.320334
<Mean>
762.239685 -15.681662 -1.710206 104.444809 -9.373106 -2.799041 -0.529930 5.729869 -0.050574 
<Inverted_Deviation>
0.007154 0.015694 0.052474 0.006364 0.019834 0.066048 0.006796 0.028236 0.070711 
<LogVarVal> 40.095993
<State> 5
<NumMixes> 3
<Mixture> 0 <Weight> 0.652582
<Mean>
457.294403 21.287844 20.855188 -19.440952 7.060818 -0.956096 8.542250 -8.937727 0.761097 
<Inverted_Deviation>
0.004335 0.005531 0.010779 0.009339 0.010939 0.016536 0.016866 0.019788 0.025671 
<LogVarVal> 45.278675
<Mixture> 1 <Weight> 0.065728
<Mean>
1981.940552 -405.946106 -238.503464 -224.527802 -68.975540 32.413506 -3.813726 41.636383 15.325330 
<Inverted_Deviation>
0.001752 0.001914 0.003974 0.005364 0.005182 0.004940 0.008236 0.009216 0.010628 
<LogVarVal> 53.116367
<Mixture> 2 <Weight> 0.281690
<Mean>
925.944580 -202.426743 23.526976 -74.720268 47.275242 -0.788001 -4.311989 11.192411 -5.533298 
<Inverted_Deviation>
0.003557 0.002394 0.003747 0.004626 0.005994 0.006696 0.009860 0.010369 0.011941 
<LogVarVal> 51.526684
<TransP>
-0.130937 -2.097791 -10000000000.000000 -10000000000.000000 -10000000000.000000 -10000000000.000000 
-10000000000.000000 -0.101400 -2.338953 -10000000000.000000 -10000000000.000000 -10000000000.000000 
-10000000000.000000 -10000000000.000000 -0.040394 -3.229193 -10000000000.000000 -10000000000.000000 
-10000000000.000000 -10000000000.000000 -10000000000.000000 -0.132873 -2.084060 -10000000000.000000 
-10000000000.000000 -10000000000.000000 -10000000000.000000 -10000000000.000000 -0.078187 -2.587486 
-10000000000.000000 -10000000000.000000 -10000000000.000000 -10000000000.000000 -10000000000.000000 0.000000 
<EndEmbeddedHMM>
<BeginEmbeddedHMM>
<NumStates> 6
<State> 0
<NumMixes> 3
<Mixture> 0 <Weight> 0.202899
<Mean>
871.300659 -26.649775 32.434036 -22.841375 -22.283518 3.942647 13.004644 -1.721731 -0.212975 
<Inverted_Deviation>
0.005319 0.004150 0.010508 0.005784 0.008527 0.014276 0.009471 0.012632 0.019308 
<LogVarVal> 47.572556
<Mixture> 1 <Weight> 0.467391
<Mean>
1331.127563 5.504695 34.156136 -6.640303 -3.117219 1.758778 1.629630 1.047020 -1.365023 
<Inverted_Deviation>
0.005696 0.003569 0.008239 0.006188 0.008711 0.017544 0.010493 0.013184 0.022381 
<LogVarVal> 47.310379
<Mixture> 2 <Weight> 0.329710
<Mean>
1825.336548 51.604755 -62.223362 3.166256 14.812106 -5.061178 -11.270096 -1.679704 1.985233 
<Inverted_Deviation>
0.004449 0.003472 0.010407 0.008351 0.012041 0.016230 0.016349 0.017697 0.022373 
<LogVarVal> 46.068382
<State> 1
<NumMixes> 3
<Mixture> 0 <Weight> 0.319876
<Mean>
699.725708 17.176296 0.044779 19.018961 0.794183 -0.255620 6.610305 0.771913 0.122931 
<Inverted_Deviation>
0.008212 0.052695 0.070711 0.010269 0.054659 0.070711 0.010911 0.053486 0.070711 
<LogVarVal> 35.775745
<Mixture> 1 <Weight> 0.437888
<Mean>
1020.100342 21.229691 1.277475 -10.257656 -0.830283 -0.313627 -1.639977 -0.632563 0.044267 
<Inverted_Deviation>
0.008853 0.055827 0.070711 0.011242 0.070711 0.070711 0.012737 0.070711 0.070711 
<LogVarVal> 34.861008
<Mixture> 2 <Weight> 0.242236
<Mean>
1347.653564 50.577309 2.819539 -9.639778 1.763661 0.544857 -4.026518 0.025638 -0.420213 
<Inverted_Deviation>
0.005879 0.033943 0.070711 0.033895 0.070711 0.070711 0.051442 0.070711 0.070711 
<LogVarVal> 33.268303
<State> 2
<NumMixes> 3
<Mixture> 0 <Weight> 0.419580
<Mean>
1246.126343 -48.032032 6.299004 4.358327 -9.494451 0.983740 -2.964847 0.393944 -0.731900 
<Inverted_Deviation>
0.008894 0.014777 0.034171 0.017203 0.046614 0.070711 0.070711 0.070711 0.070711 
<LogVarVal> 35.189915
<Mixture> 1 <Weight> 0.342657
<Mean>
955.629272 -42.956177 3.381342 -19.691172 -3.747078 -2.436584 -4.131127 -1.519565 -1.358808 
<Inverted_Deviation>
0.008267 0.018997 0.054583 0.019113 0.033910 0.065919 0.030581 0.064263 0.070711 
<LogVarVal> 35.760349
<Mixture> 2 <Weight> 0.237762
<Mean>
537.764709 -33.011902 10.717736 -30.861694 16.172394 3.259009 5.783762 5.519167 1.329930 
<Inverted_Deviation>
0.007480 0.006449 0.013812 0.010150 0.013167 0.019965 0.021712 0.026834 0.041402 
<LogVarVal> 42.839344
<State> 3
<NumMixes> 3
<Mixture> 0 <Weight> 0.303483
<Mean>
704.243042 -7.785405 42.517418 -4.055622 -30.730770 -3.894353 12.546888 4.165888 -5.221187 
<Inverted_Deviation>
0.005534 0.004642 0.009178 0.005933 0.007366 0.011617 0.011412 0.014544 0.023585 
<LogVarVal> 47.356014
<Mixture> 1 <Weight> 0.358209
<Mean>
1038.096313 96.392693 -21.710949 -58.179581 15.788737 10.913182 -18.179390 -7.076524 6.868585 
<Inverted_Deviation>
0.006491 0.004551 0.013822 0.008579 0.012785 0.017794 0.020648 0.030384 0.033297 
<LogVarVal> 43.785549
<Mixture> 2 <Weight> 0.338308
<Mean>
1431.990356 1.213592 -29.761831 -8.545349 17.376974 -7.826228 -9.086930 2.500494 -1.057722 
<Inverted_Deviation>
0.005401 0.006064 0.014361 0.013115 0.024921 0.043536 0.060610 0.070711 0.070711 
<LogVarVal> 38.982780
<State> 4
<NumMixes> 3
<Mixture> 0 <Weight> 0.274238
<Mean>
1242.020264 -10.087647 -7.116427 3.439107 -6.225632 0.655353 -3.986242 -0.423673 0.335594 
<Inverted_Deviation>
0.008045 0.014607 0.070711 0.018558 0.043586 0.070711 0.059622 0.070711 0.070711 
<LogVarVal> 34.736507
<Mixture> 1 <Weight> 0.232687
<Mean>
571.571411 -3.524318 1.949698 1.109001 -3.498437 -0.222749 5.986180 -0.780119 -0.336938 
<Inverted_Deviation>
0.011032 0.021871 0.070711 0.007908 0.037607 0.070711 0.009813 0.040429 0.070711 
<LogVarVal> 37.381016
<Mixture> 2 <Weight> 0.493075
<Mean>
868.367737 -9.389731 1.451040 0.080577 0.565184 -0.694797 -0.751673 0.014984 0.024328 
<Inverted_Deviation>
0.009502 0.019036 0.069282 0.009494 0.037567 0.070711 0.010503 0.070711 0.070711 
<LogVarVal> 36.880768
<State> 5
<NumMixes> 3
<Mixture> 0 <Weight> 0.326087
<Mean>
1052.128784 -2.845187 -15.945293 5.760673 -30.839567 -3.447299 -6.702533 1.205098 1.392090 
<Inverted_Deviation>
0.005838 0.004351 0.007587 0.004110 0.007829 0.012465 0.009306 0.011563 0.019106 
<LogVarVal> 48.437164
<Mixture> 1 <Weight> 0.060870
<Mean>
2056.018066 -298.765076 -67.615288 258.224213 -101.051018 -30.717701 -138.260178 14.072995 18.190567 
<Inverted_Deviation>
0.001481 0.002498 0.004622 0.002103 0.003519 0.005049 0.005438 0.006231 0.009088 
<LogVarVal> 55.131340
<Mixture> 2 <Weight> 0.613043
<Mean>
707.861267 17.474232 23.970001 -9.624702 14.237042 1.806360 15.045676 -2.528337 -2.718731 
<Inverted_Deviation>
0.005531 0.005567 0.009641 0.006832 0.008103 0.014206 0.012366 0.013290 0.021199 
<LogVarVal> 46.804173
<TransP>
-0.079137 -2.575878 -10000000000.000000 -10000000000.000000 -10000000000.000000 -10000000000.000000 
-10000000000.000000 -0.067441 -2.730029 -10000000000.000000 -10000000000.000000 -10000000000.000000 
-10000000000.000000 -10000000000.000000 -0.158824 -1.918322 -10000000000.000000 -10000000000.000000 
-10000000000.000000 -10000000000.000000 -10000000000.000000 -0.110348 -2.258783 -10000000000.000000 
-10000000000.000000 -10000000000.000000 -10000000000.000000 -10000000000.000000 -0.059932 -2.844356 
-10000000000.000000 -10000000000.000000 -10000000000.000000 -10000000000.000000 -10000000000.000000 -0.000000 
<EndEmbeddedHMM>
<BeginEmbeddedHMM>
<NumStates> 6
<State> 0
<NumMixes> 3
<Mixture> 0 <Weight> 0.290155
<Mean>
1589.888062 82.607323 -11.180562 -43.363773 -18.456137 -0.676781 3.863850 -7.933405 0.138976 
<Inverted_Deviation>
0.004107 0.003841 0.008552 0.004988 0.010536 0.014039 0.013752 0.018974 0.026151 
<LogVarVal> 46.984715
<Mixture> 1 <Weight> 0.274611
<Mean>
1076.658691 -76.642990 22.900845 26.992664 -4.207478 -1.533275 11.857019 4.866778 -1.806412 
<Inverted_Deviation>
0.003952 0.004452 0.008548 0.007128 0.010711 0.017514 0.017037 0.025123 0.027898 
<LogVarVal> 45.721798
<Mixture> 2 <Weight> 0.435233
<Mean>
2226.022949 27.921715 -19.338377 -13.351922 9.857651 1.181373 -9.885205 2.340450 1.312912 
<Inverted_Deviation>
0.004865 0.007976 0.021418 0.010629 0.015167 0.029318 0.022165 0.031255 0.046788 
<LogVarVal> 41.751053
<State> 1
<NumMixes> 3
<Mixture> 0 <Weight> 0.404348
<Mean>
964.729248 29.066118 0.824367 3.839849 0.089629 0.054240 -0.459397 0.065681 -0.018883 
<Inverted_Deviation>
0.008320 0.025132 0.070711 0.049353 0.070711 0.070711 0.070711 0.070711 0.070711 
<LogVarVal> 32.527695
<Mixture> 1 <Weight> 0.240217
<Mean>
1371.649536 70.670441 2.424632 3.726557 -0.341392 0.409205 -0.542820 -0.027664 -0.189394 
<Inverted_Deviation>
0.004240 0.020490 0.058118 0.056343 0.070711 0.070711 0.070711 0.070711 0.070711 
<LogVarVal> 33.469662
<Mixture> 2 <Weight> 0.355435
<Mean>
714.561401 17.746883 0.938412 -0.120841 -0.093257 -0.146864 -0.914696 -0.390666 0.039185 
<Inverted_Deviation>
0.009435 0.026346 0.070711 0.042230 0.070711 0.070711 0.070711 0.070711 0.070711 
<LogVarVal> 32.510632
<State> 2
<NumMixes> 3
<Mixture> 0 <Weight> 0.421687
<Mean>
501.714233 13.752511 3.922204 -6.013122 5.925581 -0.562103 6.882637 0.065440 -0.293099 
<Inverted_Deviation>
0.015430 0.023698 0.070711 0.009989 0.034755 0.070711 0.029999 0.070711 0.070711 
<LogVarVal> 35.133976
<Mixture> 1 <Weight> 0.123494
<Mean>
922.688965 -20.872820 -5.472951 58.951950 -17.373749 1.237793 -14.556108 2.557377 2.211106 
<Inverted_Deviation>
0.006855 0.008765 0.018103 0.008944 0.016710 0.034349 0.028346 0.039352 0.070711 
<LogVarVal> 40.510136
<Mixture> 2 <Weight> 0.454819
<Mean>
655.585938 5.712732 2.556990 47.212719 -2.989873 -0.212013 -5.301489 -0.980641 -0.420948 
<Inverted_Deviation>
0.011450 0.016938 0.041182 0.007968 0.024071 0.064255 0.028423 0.056289 0.070711 
<LogVarVal> 37.279881
<State> 3
<NumMixes> 3
<Mixture> 0 <Weight> 0.351304
<Mean>
683.657104 -2.740875 1.045695 -5.434132 -0.992533 2.149316 -12.424583 1.488296 -0.040089 
<Inverted_Deviation>
0.008022 0.010545 0.040474 0.006240 0.026122 0.065947 0.015110 0.037790 0.070711 
<LogVarVal> 39.293972
<Mixture> 1 <Weight> 0.293913
<Mean>
1023.205017 9.375461 -9.362697 34.466743 2.866222 -1.398076 -17.702511 0.347252 0.974989 
<Inverted_Deviation>
0.005255 0.009476 0.031148 0.008319 0.020410 0.054137 0.025195 0.055269 0.070711 
<LogVarVal> 39.350792
<Mixture> 2 <Weight> 0.354783
<Mean>
383.378693 -6.619599 4.702713 39.880848 2.049281 -0.245099 22.592018 -1.257449 -0.621898 
<Inverted_Deviation>
0.008898 0.017337 0.059434 0.007909 0.034170 0.070711 0.023935 0.057591 0.070711 
<LogVarVal> 36.852245
<State> 4
<NumMixes> 3
<Mixture> 0 <Weight> 0.164053
<Mean>
1023.460938 -3.754655 -2.583571 26.991436 -0.407385 -0.595818 -0.780311 0.216968 -0.091450 
<Inverted_Deviation>
0.007715 0.028780 0.070711 0.042612 0.070711 0.070711 0.070711 0.070711 0.070711 
<LogVarVal> 32.614475
<Mixture> 1 <Weight> 0.338963
<Mean>
803.512268 -4.693452 -1.486092 10.987787 -1.903953 0.263198 -1.264058 -0.163410 0.137237 
<Inverted_Deviation>
0.013387 0.023948 0.070711 0.030661 0.070711 0.070711 0.070711 0.070711 0.070711 
<LogVarVal> 32.576374
<Mixture> 2 <Weight> 0.496984
<Mean>
646.840698 -6.126461 0.925585 5.142229 -0.663264 -0.019942 0.194554 0.309454 -0.163452 
<Inverted_Deviation>
0.013145 0.031275 0.070711 0.037624 0.070711 0.070711 0.070711 0.070711 0.070711 
<LogVarVal> 32.122963
<State> 5
<NumMixes> 3
<Mixture> 0 <Weight> 0.477848
<Mean>
177.956940 27.180393 11.281818 24.205660 8.162235 1.418702 3.432578 0.765839 -0.811231 
<Inverted_Deviation>
0.007673 0.011941 0.029188 0.025566 0.037742 0.062736 0.070711 0.070711 0.070711 
<LogVarVal> 35.642918
<Mixture> 1 <Weight> 0.360759
<Mean>
595.644714 91.103592 -9.135616 55.050838 -11.283696 -2.227893 2.664944 -4.616519 1.134344 
<Inverted_Deviation>
0.005901 0.007434 0.013668 0.008386 0.018589 0.029164 0.027587 0.042160 0.063581 
<LogVarVal> 41.291550
<Mixture> 2 <Weight> 0.161392
<Mean>
1089.854736 -74.890503 2.118279 12.618969 -9.017075 3.555557 -20.099619 7.658789 0.529555 
<Inverted_Deviation>
0.003575 0.004322 0.006959 0.005189 0.010288 0.012473 0.016160 0.027074 0.034350 
<LogVarVal> 46.524658
<TransP>
-0.126892 -2.127196 -10000000000.000000 -10000000000.000000 -10000000000.000000 -10000000000.000000 
-10000000000.000000 -0.051293 -2.995732 -10000000000.000000 -10000000000.000000 -10000000000.000000 
-10000000000.000000 -10000000000.000000 -0.149143 -1.976494 -10000000000.000000 -10000000000.000000 
-10000000000.000000 -10000000000.000000 -10000000000.000000 -0.083382 -2.525729 -10000000000.000000 
-10000000000.000000 -10000000000.000000 -10000000000.000000 -10000000000.000000 -0.057087 -2.891579 
-10000000000.000000 -10000000000.000000 -10000000000.000000 -10000000000.000000 -10000000000.000000 0.000000 
<EndEmbeddedHMM>
<BeginEmbeddedHMM>
<NumStates> 3
<State> 0
<NumMixes> 3
<Mixture> 0 <Weight> 0.328947
<Mean>
512.582458 -34.476635 42.448887 22.234423 18.523092 7.295928 8.353447 4.035470 0.640463 
<Inverted_Deviation>
0.003683 0.003583 0.010509 0.011810 0.015844 0.015866 0.045020 0.039441 0.045269 
<LogVarVal> 43.098530
<Mixture> 1 <Weight> 0.269737
<Mean>
1114.361816 182.386948 -17.582079 65.574532 5.225787 -16.895887 -3.864944 -8.749935 -2.517189 
<Inverted_Deviation>
0.003531 0.002939 0.005907 0.006161 0.008414 0.012212 0.022017 0.022598 0.022768 
<LogVarVal> 47.419979
<Mixture> 2 <Weight> 0.401316
<Mean>
1972.587524 53.066826 -29.053244 31.472216 -21.933914 4.831293 -3.063260 2.741380 1.004567 
<Inverted_Deviation>
0.004379 0.005482 0.012820 0.010754 0.013789 0.020207 0.032064 0.036669 0.046108 
<LogVarVal> 42.686077
<State> 1
<NumMixes> 3
<Mixture> 0 <Weight> 0.229701
<Mean>
270.986420 -0.022651 2.240723 -14.110658 0.160317 0.099161 9.254010 -0.036539 -0.279972 
<Inverted_Deviation>
0.011389 0.030234 0.070711 0.012865 0.054030 0.070711 0.032276 0.070711 0.070711 
<LogVarVal> 34.426651
<Mixture> 1 <Weight> 0.373932
<Mean>
491.973022 5.504162 -0.617315 -1.988364 -0.481846 0.364384 -0.795470 0.180042 0.074090 
<Inverted_Deviation>
0.010374 0.022715 0.070711 0.020264 0.067554 0.070711 0.047198 0.070711 0.070711 
<LogVarVal> 33.748234
<Mixture> 2 <Weight> 0.396368
<Mean>
809.627014 15.081011 -0.528247 2.365047 -1.185611 0.086334 -3.558700 0.144843 0.066349 
<Inverted_Deviation>
0.007153 0.023548 0.070711 0.022205 0.070711 0.070711 0.070711 0.070711 0.070711 
<LogVarVal> 33.542694
<State> 2
<NumMixes> 3
<Mixture> 0 <Weight> 0.286689
<Mean>
351.297638 33.297180 -6.670332 12.803576 -3.928657 -4.596405 -4.700730 -0.379960 0.090667 
<Inverted_Deviation>
0.010955 0.007499 0.024361 0.008901 0.020191 0.033685 0.034439 0.033648 0.062185 
<LogVarVal> 39.825821
<Mixture> 1 <Weight> 0.133106
<Mean>
590.222107 3.583033 -14.983371 7.566249 -30.788355 1.348187 -20.520565 -3.033123 5.405400 
<Inverted_Deviation>
0.011856 0.007222 0.026132 0.008040 0.013959 0.028785 0.021388 0.027182 0.040495 
<LogVarVal> 41.460979
<Mixture> 2 <Weight> 0.580205
<Mean>
143.703888 -0.638864 12.124258 -5.963477 17.636709 0.448380 7.717343 0.100010 -1.276135 
<Inverted_Deviation>
0.011346 0.012361 0.039574 0.014627 0.027104 0.049765 0.056362 0.059436 0.070711 
<LogVarVal> 36.434364
<TransP>
-0.071581 -2.672505 -10000000000.000000 
-10000000000.000000 -0.022691 -3.797093 
-10000000000.000000 -10000000000.000000 0.000000 
<EndEmbeddedHMM>
