<NumSuperStates> 5
<NumStates> 3 6 6 6 3 
<NumMixtures> 3 3 3 3 3 3 3 3 3 3 3 3 3 3 3 3 3 3 3 3 3 3 3 3 
<VecSize> 9
<BeginExternalHMM>
<NumStates> 5
<TransP>
-0.074611 -2.632543 -10000000000.000000 -10000000000.000000 -10000000000.000000 
-10000000000.000000 -0.074611 -2.632543 -10000000000.000000 -10000000000.000000 
-10000000000.000000 -10000000000.000000 -0.084341 -2.514760 -10000000000.000000 
-10000000000.000000 -10000000000.000000 -10000000000.000000 -0.042560 -3.178054 
-10000000000.000000 -10000000000.000000 -10000000000.000000 -10000000000.000000 0.000000 
<EndExternalHMM>
<BeginEmbeddedHMM>
<NumStates> 3
<State> 0
<NumMixes> 3
<Mixture> 0 <Weight> 0.727111
<Mean>
32.075188 -10.571817 6.265718 -14.592712 9.324040 0.504847 4.001376 0.126460 -0.035867 
<Inverted_Deviation>
0.012857 0.017058 0.041811 0.019624 0.040851 0.070711 0.070711 0.070711 0.070711 
<LogVarVal> 34.476387
<Mixture> 1 <Weight> 0.196444
<Mean>
418.824219 -43.355896 9.141724 -63.061043 9.013684 2.374845 0.301199 2.687127 -0.723624 
<Inverted_Deviation>
0.004742 0.004553 0.017386 0.008265 0.024124 0.046470 0.046899 0.058505 0.070711 
<LogVarVal> 40.083588
<Mixture> 2 <Weight> 0.076444
<Mean>
1126.453613 118.763794 -42.248375 29.255623 -28.401060 -6.116304 -2.390666 -2.612408 2.127197 
<Inverted_Deviation>
0.002622 0.003377 0.012716 0.007864 0.017976 0.019324 0.045263 0.044608 0.048132 
<LogVarVal> 43.200474
<State> 1
<NumMixes> 3
<Mixture> 0 <Weight> 0.454954
<Mean>
953.209229 -0.940452 -0.618681 -17.928852 -0.323555 -0.097744 -1.283649 0.025562 -0.007886 
<Inverted_Deviation>
0.010227 0.058713 0.070711 0.043731 0.070711 0.070711 0.070711 0.070711 0.070711 
<LogVarVal> 31.593729
<Mixture> 1 <Weight> 0.367034
<Mean>
769.374023 -1.810165 -0.904366 -34.961479 -0.167257 -0.205930 -2.686377 -0.015195 -0.038536 
<Inverted_Deviation>
0.011806 0.039354 0.070711 0.034739 0.070711 0.070711 0.070711 0.070711 0.070711 
<LogVarVal> 32.080456
<Mixture> 2 <Weight> 0.178012
<Mean>
519.646301 -16.152321 -1.474311 -70.598106 -2.390252 -0.054418 -6.057828 -0.244338 0.172308 
<Inverted_Deviation>
0.007261 0.022200 0.070711 0.020745 0.070711 0.070711 0.070711 0.070711 0.070711 
<LogVarVal> 33.654613
<State> 2
<NumMixes> 3
<Mixture> 0 <Weight> 0.272470
<Mean>
1688.338379 -49.445671 -13.085959 43.465267 12.043821 0.444391 -6.095129 -0.339181 0.892381 
<Inverted_Deviation>
0.002318 0.008647 0.023590 0.008714 0.019406 0.044033 0.025771 0.041527 0.066809 
<LogVarVal> 41.069588
<Mixture> 1 <Weight> 0.204858
<Mean>
841.178101 -84.842789 5.449449 55.739899 -7.154715 -1.999171 1.856671 0.250597 -0.701057 
<Inverted_Deviation>
0.003441 0.004061 0.016196 0.006058 0.015031 0.027288 0.018579 0.030691 0.042659 
<LogVarVal> 43.982029
<Mixture> 2 <Weight> 0.522672
<Mean>
309.603851 9.033953 10.409669 -3.623658 -13.778146 0.817687 4.191735 -0.524980 -0.230744 
<Inverted_Deviation>
0.005294 0.008965 0.035605 0.011088 0.028775 0.053056 0.050407 0.056146 0.070711 
<LogVarVal> 37.945351
<TransP>
-0.070422 -2.688247 -10000000000.000000 
-10000000000.000000 -0.024011 -3.741242 
-10000000000.000000 -10000000000.000000 0.000000 
<EndEmbeddedHMM>
<BeginEmbeddedHMM>
<NumStates> 6
<State> 0
<NumMixes> 3
<Mixture> 0 <Weight> 0.257718
<Mean>
638.860474 -135.863861 11.378668 -71.525375 17.189144 6.573890 3.668028 3.103902 -1.114569 
<Inverted_Deviation>
0.004139 0.003177 0.016245 0.009095 0.024516 0.038308 0.053055 0.066209 0.070711 
<LogVarVal> 40.481522
<Mixture> 1 <Weight> 0.433557
<Mean>
89.082527 -31.130463 25.414179 -22.814638 13.618969 -2.777873 3.075116 -0.985553 -0.197599 
<Inverted_Deviation>
0.006930 0.007126 0.017405 0.021298 0.028284 0.062264 0.070711 0.070711 0.070711 
<LogVarVal> 37.256691
<Mixture> 2 <Weight> 0.308725
<Mean>
1197.872070 10.420654 -46.966820 -16.418037 -47.136604 -0.691968 -11.202174 0.566171 1.731034 
<Inverted_Deviation>
0.003675 0.003955 0.016990 0.007494 0.014877 0.025510 0.028889 0.030799 0.047439 
<LogVarVal> 43.208637
<State> 1
<NumMixes> 3
<Mixture> 0 <Weight> 0.153892
<Mean>
947.465149 77.593941 3.938289 102.350639 -9.398100 -5.425713 -20.858448 -4.628493 0.016467 
<Inverted_Deviation>
0.005148 0.008882 0.050449 0.008002 0.019323 0.063753 0.020285 0.037707 0.070711 
<LogVarVal> 39.483044
<Mixture> 1 <Weight> 0.361439
<Mean>
268.273193 0.716315 4.227559 13.871666 -2.726511 0.642125 33.411366 -0.179227 -0.596736 
<Inverted_Deviation>
0.007767 0.017529 0.070711 0.005852 0.030421 0.070711 0.021050 0.054317 0.070711 
<LogVarVal> 37.407814
<Mixture> 2 <Weight> 0.484670
<Mean>
542.737305 2.981704 2.559599 94.359039 6.261858 -0.149532 -10.344716 1.569086 0.175280 
<Inverted_Deviation>
0.007657 0.012889 0.063435 0.006687 0.024153 0.070711 0.016875 0.041563 0.070711 
<LogVarVal> 38.424168
<State> 2
<NumMixes> 3
<Mixture> 0 <Weight> 0.244389
<Mean>
477.705872 -10.454383 1.505126 -42.367535 -2.965127 0.683136 -6.652644 -0.271986 0.200023 
<Inverted_Deviation>
0.010846 0.024952 0.070711 0.014945 0.051978 0.070711 0.046832 0.070711 0.070711 
<LogVarVal> 34.184216
<Mixture> 1 <Weight> 0.521197
<Mean>
660.885437 -10.261697 0.073536 -13.152336 0.818901 -0.107041 -5.978594 0.306015 -0.084746 
<Inverted_Deviation>
0.012877 0.027367 0.070711 0.019353 0.070711 0.070711 0.059345 0.070711 0.070711 
<LogVarVal> 33.117088
<Mixture> 2 <Weight> 0.234414
<Mean>
853.794189 -22.791571 -2.863492 44.288902 8.106859 0.304035 -6.928235 -0.557515 0.027133 
<Inverted_Deviation>
0.010026 0.032302 0.070711 0.015080 0.070711 0.070711 0.060157 0.070711 0.070711 
<LogVarVal> 33.437420
<State> 3
<NumMixes> 3
<Mixture> 0 <Weight> 0.299691
<Mean>
770.103333 14.651583 -1.188131 -8.749472 -1.244730 0.109827 0.625718 -0.086931 -0.221766 
<Inverted_Deviation>
0.010984 0.025567 0.070711 0.024052 0.070711 0.070711 0.070711 0.070711 0.070711 
<LogVarVal> 32.951584
<Mixture> 1 <Weight> 0.678713
<Mean>
995.963867 2.172371 -1.073156 9.989325 -0.911644 0.317070 -6.714185 -0.014020 -0.004176 
<Inverted_Deviation>
0.010945 0.048180 0.070711 0.023808 0.070711 0.070711 0.070711 0.070711 0.070711 
<LogVarVal> 32.331608
<Mixture> 2 <Weight> 0.021595
<Mean>
490.078186 101.646133 -4.714293 60.643837 -23.130081 -5.652593 7.889294 -14.559405 3.178684 
<Inverted_Deviation>
0.006741 0.012502 0.018760 0.007787 0.014288 0.023828 0.020114 0.023124 0.034204 
<LogVarVal> 42.397865
<State> 4
<NumMixes> 3
<Mixture> 0 <Weight> 0.272039
<Mean>
305.136017 -3.340754 5.741003 10.719151 7.656702 0.698684 45.917309 0.979023 -1.136592 
<Inverted_Deviation>
0.007108 0.014783 0.058269 0.005044 0.026063 0.064566 0.021506 0.046335 0.070711 
<LogVarVal> 38.392246
<Mixture> 1 <Weight> 0.368848
<Mean>
590.188904 -5.576481 1.760889 78.552330 -4.295584 -1.256774 -3.240827 0.263460 0.285012 
<Inverted_Deviation>
0.008662 0.012680 0.066019 0.005894 0.025642 0.070711 0.020165 0.053053 0.070711 
<LogVarVal> 37.921654
<Mixture> 2 <Weight> 0.359113
<Mean>
859.969727 -5.002119 -4.532084 58.210705 5.734070 -0.759625 -14.103627 -0.653545 0.154304 
<Inverted_Deviation>
0.008684 0.017195 0.057580 0.010921 0.029961 0.070711 0.038000 0.070711 0.070711 
<LogVarVal> 36.057880
<State> 5
<NumMixes> 3
<Mixture> 0 <Weight> 0.320082
<Mean>
1348.514526 -54.118958 -22.820076 6.299255 6.308891 -2.065663 -1.359031 0.850248 0.824837 
<Inverted_Deviation>
0.004217 0.005904 0.010962 0.013137 0.018330 0.024315 0.049962 0.057600 0.061577 
<LogVarVal> 40.951736
<Mixture> 1 <Weight> 0.404387
<Mean>
125.435989 36.298977 37.364594 -11.604990 -16.680775 -0.916122 3.125421 -0.023356 -0.591029 
<Inverted_Deviation>
0.005573 0.005127 0.015242 0.020507 0.029784 0.043442 0.070711 0.070711 0.070711 
<LogVarVal> 38.282688
<Mixture> 2 <Weight> 0.275531
<Mean>
704.485046 33.129078 -16.901165 -38.759281 9.192464 6.129519 -1.137417 -1.542370 0.536557 
<Inverted_Deviation>
0.004321 0.002860 0.008722 0.011171 0.015577 0.020697 0.037070 0.043136 0.056326 
<LogVarVal> 43.043304
<TransP>
-0.108348 -2.276093 -10000000000.000000 -10000000000.000000 -10000000000.000000 -10000000000.000000 
-10000000000.000000 -0.094544 -2.405590 -10000000000.000000 -10000000000.000000 -10000000000.000000 
-10000000000.000000 -10000000000.000000 -0.065703 -2.755283 -10000000000.000000 -10000000000.000000 
-10000000000.000000 -10000000000.000000 -10000000000.000000 -0.069812 -2.696656 -10000000000.000000 
-10000000000.000000 -10000000000.000000 -10000000000.000000 -10000000000.000000 -0.086372 -2.491962 
-10000000000.000000 -10000000000.000000 -10000000000.000000 -10000000000.000000 -10000000000.000000 0.000000 
<EndEmbeddedHMM>
<BeginEmbeddedHMM>
<NumStates> 6
<State> 0
<NumMixes> 3
<Mixture> 0 <Weight> 0.221534
<Mean>
472.715790 -46.387791 94.642433 -52.415356 12.124606 -4.385848 3.452201 -0.141207 -1.740461 
<Inverted_Deviation>
0.003279 0.003040 0.008678 0.015151 0.016043 0.026129 0.036954 0.035754 0.051122 
<LogVarVal> 42.983875
<Mixture> 1 <Weight> 0.446940
<Mean>
1574.295898 26.227913 -29.534754 -8.678271 -12.952040 -4.943875 -6.533259 -1.615606 0.215169 
<Inverted_Deviation>
0.004128 0.005866 0.013769 0.011830 0.021628 0.035111 0.052388 0.059360 0.070711 
<LogVarVal> 40.107533
<Mixture> 2 <Weight> 0.331526
<Mean>
1103.802246 -111.630676 -26.655489 -46.779266 -3.450955 9.372585 -4.429924 1.701072 1.304586 
<Inverted_Deviation>
0.004617 0.002471 0.006100 0.011004 0.016177 0.019446 0.030690 0.041381 0.044825 
<LogVarVal> 43.979137
<State> 1
<NumMixes> 3
<Mixture> 0 <Weight> 0.364234
<Mean>
604.970947 9.011614 -5.150279 -76.596451 -0.963018 0.256954 3.342671 0.270425 1.390209 
<Inverted_Deviation>
0.006533 0.008957 0.021610 0.006170 0.012656 0.028075 0.015224 0.023797 0.044707 
<LogVarVal> 42.793354
<Mixture> 1 <Weight> 0.274453
<Mean>
1143.662476 74.523842 4.613247 -2.186272 10.381948 -0.278953 -4.722561 0.520979 0.302611 
<Inverted_Deviation>
0.005741 0.017946 0.052254 0.009454 0.040480 0.070711 0.018900 0.036921 0.068726 
<LogVarVal> 37.746017
<Mixture> 2 <Weight> 0.361314
<Mean>
241.592316 -0.273756 10.928444 -18.711504 0.857486 0.068129 35.142708 -0.379286 -1.856536 
<Inverted_Deviation>
0.005365 0.008077 0.021939 0.005743 0.014314 0.026639 0.015496 0.021390 0.038958 
<LogVarVal> 43.306316
<State> 2
<NumMixes> 3
<Mixture> 0 <Weight> 0.619138
<Mean>
952.188721 -3.716874 -0.138351 -14.146070 1.738095 -0.235840 -0.989927 0.201246 -0.135441 
<Inverted_Deviation>
0.011800 0.022787 0.070711 0.028089 0.062181 0.070711 0.070711 0.070711 0.070711 
<LogVarVal> 32.968365
<Mixture> 1 <Weight> 0.322560
<Mean>
725.426697 -13.483450 2.506757 -26.960457 0.215810 0.319343 2.189685 0.538842 -0.313135 
<Inverted_Deviation>
0.011881 0.029159 0.070711 0.029574 0.070433 0.070711 0.070711 0.070711 0.070711 
<LogVarVal> 32.538857
<Mixture> 2 <Weight> 0.058302
<Mean>
1222.256226 -14.537655 -9.619831 -33.339710 -18.998228 3.436964 -13.032422 0.862588 1.412195 
<Inverted_Deviation>
0.006941 0.008878 0.034241 0.009552 0.017773 0.038950 0.033324 0.032626 0.053679 
<LogVarVal> 39.895615
<State> 3
<NumMixes> 3
<Mixture> 0 <Weight> 0.840982
<Mean>
804.446289 8.843566 1.120449 -28.116158 0.906378 0.267119 -3.224986 -0.260350 -0.083169 
<Inverted_Deviation>
0.008225 0.026400 0.070711 0.027977 0.070711 0.070711 0.058108 0.070711 0.070711 
<LogVarVal> 33.253902
<Mixture> 1 <Weight> 0.004803
<Mean>
1016.509216 -18.585016 -23.346584 -275.757965 -55.360981 19.771591 -143.202072 56.637562 17.391138 
<Inverted_Deviation>
0.015449 0.009209 0.026793 0.008703 0.010811 0.018238 0.010790 0.010905 0.023094 
<LogVarVal> 43.719921
<Mixture> 2 <Weight> 0.154216
<Mean>
1058.471558 15.914085 -4.182531 -9.606208 -0.237196 -0.141845 -4.521391 -1.380195 0.357878 
<Inverted_Deviation>
0.012018 0.026610 0.070711 0.024083 0.062979 0.070711 0.050776 0.070711 0.070711 
<LogVarVal> 33.267262
<State> 4
<NumMixes> 3
<Mixture> 0 <Weight> 0.128340
<Mean>
256.066742 -0.607023 11.644814 -42.343590 -5.906556 3.490227 24.770763 -1.280713 -2.009632 
<Inverted_Deviation>
0.005351 0.007731 0.018789 0.006129 0.015829 0.028117 0.019403 0.026915 0.043243 
<LogVarVal> 42.729244
<Mixture> 1 <Weight> 0.204553
<Mean>
609.800842 -4.581060 -5.482122 -43.715973 1.624652 -2.313806 -7.856997 0.471605 1.208163 
<Inverted_Deviation>
0.007694 0.010313 0.023784 0.008410 0.017961 0.032778 0.021775 0.036338 0.056106 
<LogVarVal> 40.569988
<Mixture> 2 <Weight> 0.667107
<Mean>
955.214417 -7.828904 -0.512063 -6.651294 -0.304714 -0.378924 -0.990674 0.126076 -0.037006 
<Inverted_Deviation>
0.009835 0.036684 0.070711 0.040796 0.070711 0.070711 0.070711 0.070711 0.070711 
<LogVarVal> 32.172653
<State> 5
<NumMixes> 3
<Mixture> 0 <Weight> 0.432398
<Mean>
260.029999 65.076340 59.466118 -32.506210 3.261440 0.851042 2.205349 0.164811 -0.521348 
<Inverted_Deviation>
0.003469 0.003218 0.007592 0.017786 0.022170 0.024788 0.070711 0.070711 0.070711 
<LogVarVal> 40.918270
<Mixture> 1 <Weight> 0.448980
<Mean>
859.828613 45.308575 -32.085892 -41.055637 3.077547 1.055271 -0.939414 -1.478719 0.495334 
<Inverted_Deviation>
0.004579 0.003679 0.006927 0.014744 0.018194 0.024332 0.062899 0.062505 0.065591 
<LogVarVal> 41.317657
<Mixture> 2 <Weight> 0.118622
<Mean>
1391.701660 -41.482513 -7.978505 -24.774572 3.537075 -1.825700 -8.949454 2.186778 -0.581557 
<Inverted_Deviation>
0.004864 0.006154 0.006989 0.011403 0.015692 0.022225 0.038673 0.044604 0.068025 
<LogVarVal> 42.016617
<TransP>
-0.111317 -2.250518 -10000000000.000000 -10000000000.000000 -10000000000.000000 -10000000000.000000 
-10000000000.000000 -0.104550 -2.309911 -10000000000.000000 -10000000000.000000 -10000000000.000000 
-10000000000.000000 -10000000000.000000 -0.090127 -2.451259 -10000000000.000000 -10000000000.000000 
-10000000000.000000 -10000000000.000000 -10000000000.000000 -0.075340 -2.623176 -10000000000.000000 
-10000000000.000000 -10000000000.000000 -10000000000.000000 -10000000000.000000 -0.045908 -3.103993 
-10000000000.000000 -10000000000.000000 -10000000000.000000 -10000000000.000000 -10000000000.000000 0.000000 
<EndEmbeddedHMM>
<BeginEmbeddedHMM>
<NumStates> 6
<State> 0
<NumMixes> 3
<Mixture> 0 <Weight> 0.454394
<Mean>
1354.828979 14.269593 -25.594152 12.119096 0.099934 -1.594027 -1.234929 -0.550723 0.526830 
<Inverted_Deviation>
0.007041 0.006278 0.013241 0.019491 0.025794 0.037289 0.046580 0.047155 0.056690 
<LogVarVal> 39.377968
<Mixture> 1 <Weight> 0.147386
<Mean>
648.680298 4.434930 -1.493115 1.847026 1.297970 0.190467 0.359885 0.390124 -0.006677 
<Inverted_Deviation>
0.006399 0.016902 0.028957 0.033654 0.054939 0.067940 0.070711 0.070711 0.070711 
<LogVarVal> 34.754963
<Mixture> 2 <Weight> 0.398220
<Mean>
1096.858643 11.552919 23.953547 -1.724690 -4.209758 1.480735 2.300203 0.068169 -0.803247 
<Inverted_Deviation>
0.008421 0.005837 0.011570 0.015827 0.021064 0.029805 0.031135 0.033176 0.044548 
<LogVarVal> 41.037075
<State> 1
<NumMixes> 3
<Mixture> 0 <Weight> 0.365729
<Mean>
894.613831 12.287661 0.475874 8.038122 -0.289706 -0.165488 -0.399309 0.003027 0.093302 
<Inverted_Deviation>
0.016696 0.042722 0.070711 0.047554 0.070711 0.070711 0.070711 0.070711 0.070711 
<LogVarVal> 31.337725
<Mixture> 1 <Weight> 0.451898
<Mean>
725.002563 6.870201 0.145624 5.419407 0.617795 -0.156345 -0.648549 0.073364 -0.007504 
<Inverted_Deviation>
0.012429 0.039253 0.070711 0.033504 0.070711 0.070711 0.070711 0.070711 0.070711 
<LogVarVal> 32.067783
<Mixture> 2 <Weight> 0.182373
<Mean>
1059.213257 22.167215 1.572591 8.733696 -0.494001 0.246692 -0.952190 0.442194 0.067634 
<Inverted_Deviation>
0.010126 0.035091 0.070711 0.045055 0.070711 0.070711 0.070711 0.070711 0.070711 
<LogVarVal> 32.088524
<State> 2
<NumMixes> 3
<Mixture> 0 <Weight> 0.302576
<Mean>
684.586060 28.674433 1.299489 76.476837 0.275925 -2.623495 -8.356307 -5.005080 0.330928 
<Inverted_Deviation>
0.006882 0.012205 0.029691 0.006051 0.017808 0.039508 0.019400 0.027499 0.058866 
<LogVarVal> 40.788357
<Mixture> 1 <Weight> 0.521780
<Mean>
378.918732 6.096038 3.616057 -21.515551 2.859449 0.742713 11.187003 0.344725 -0.139905 
<Inverted_Deviation>
0.007208 0.017168 0.050655 0.006523 0.024478 0.070711 0.018407 0.047665 0.070711 
<LogVarVal> 38.210682
<Mixture> 2 <Weight> 0.175644
<Mean>
1065.564453 -11.335062 -7.114857 19.981918 -21.895927 1.407423 -24.940992 4.262818 0.590181 
<Inverted_Deviation>
0.005331 0.008397 0.021972 0.005865 0.011451 0.023022 0.015790 0.021305 0.031237 
<LogVarVal> 43.826530
<State> 3
<NumMixes> 3
<Mixture> 0 <Weight> 0.140714
<Mean>
359.345520 -12.995065 9.341722 70.714828 -6.836363 -2.340018 54.800404 1.334416 -1.784741 
<Inverted_Deviation>
0.006792 0.009159 0.039684 0.005911 0.019551 0.051429 0.011965 0.023589 0.052908 
<LogVarVal> 41.208191
<Mixture> 1 <Weight> 0.236429
<Mean>
868.839050 -17.633638 -2.922498 41.030220 8.424914 1.877246 -9.493569 0.386891 0.470019 
<Inverted_Deviation>
0.007584 0.017511 0.061416 0.009267 0.028436 0.070711 0.037816 0.068907 0.070711 
<LogVarVal> 36.357731
<Mixture> 2 <Weight> 0.622857
<Mean>
618.821411 -13.764337 -0.170859 11.448935 0.847088 0.209057 -7.966369 0.667156 0.175986 
<Inverted_Deviation>
0.011230 0.020368 0.070711 0.009478 0.035213 0.070711 0.033453 0.061515 0.070711 
<LogVarVal> 35.672897
<State> 4
<NumMixes> 3
<Mixture> 0 <Weight> 0.533979
<Mean>
819.064270 -4.514681 1.014989 6.398031 -0.358615 -0.037950 -0.225229 -0.214634 -0.116353 
<Inverted_Deviation>
0.012788 0.040413 0.070711 0.044478 0.070711 0.070711 0.070711 0.070711 0.070711 
<LogVarVal> 31.726851
<Mixture> 1 <Weight> 0.039437
<Mean>
1205.231323 -21.490105 -4.515497 37.848953 8.224348 -0.614747 -31.722118 1.222746 1.080557 
<Inverted_Deviation>
0.007040 0.012724 0.034889 0.005550 0.012989 0.030501 0.008766 0.017437 0.036968 
<LogVarVal> 42.938625
<Mixture> 2 <Weight> 0.426584
<Mean>
975.203369 -6.075612 0.577416 3.604836 -0.679459 0.000277 -1.233697 -0.020843 -0.027737 
<Inverted_Deviation>
0.012747 0.029873 0.070711 0.026799 0.055536 0.070711 0.059677 0.070711 0.070711 
<LogVarVal> 32.950062
<State> 5
<NumMixes> 3
<Mixture> 0 <Weight> 0.396959
<Mean>
1502.527588 -35.063553 -4.494919 -0.796926 -1.029864 0.150343 -3.565513 -0.157136 0.639693 
<Inverted_Deviation>
0.004185 0.009738 0.015630 0.016429 0.030502 0.042339 0.032488 0.062313 0.070711 
<LogVarVal> 39.030239
<Mixture> 1 <Weight> 0.500563
<Mean>
1080.331665 -41.519077 -5.825760 -10.561723 -0.146260 1.426218 -1.132946 1.034153 0.794443 
<Inverted_Deviation>
0.005245 0.006816 0.011174 0.009511 0.016751 0.024266 0.023083 0.035370 0.035084 
<LogVarVal> 42.808140
<Mixture> 2 <Weight> 0.102477
<Mean>
337.576019 64.339264 30.452795 32.899395 15.763097 -4.085480 57.665535 -9.453590 -6.163699 
<Inverted_Deviation>
0.002895 0.004461 0.008984 0.002918 0.008544 0.011507 0.007879 0.014708 0.019377 
<LogVarVal> 49.191437
<TransP>
-0.158796 -1.918481 -10000000000.000000 -10000000000.000000 -10000000000.000000 -10000000000.000000 
-10000000000.000000 -0.053335 -2.957708 -10000000000.000000 -10000000000.000000 -10000000000.000000 
-10000000000.000000 -10000000000.000000 -0.131994 -2.090273 -10000000000.000000 -10000000000.000000 
-10000000000.000000 -10000000000.000000 -10000000000.000000 -0.099031 -2.361426 -10000000000.000000 
-10000000000.000000 -10000000000.000000 -10000000000.000000 -10000000000.000000 -0.047594 -3.068758 
-10000000000.000000 -10000000000.000000 -10000000000.000000 -10000000000.000000 -10000000000.000000 -0.000000 
<EndEmbeddedHMM>
<BeginEmbeddedHMM>
<NumStates> 3
<State> 0
<NumMixes> 3
<Mixture> 0 <Weight> 0.270241
<Mean>
869.160889 77.433479 6.290325 -11.044065 -12.480631 1.757515 -3.113687 0.035314 0.195020 
<Inverted_Deviation>
0.008593 0.011692 0.028535 0.011103 0.025362 0.035674 0.026889 0.044150 0.050210 
<LogVarVal> 39.149677
<Mixture> 1 <Weight> 0.052516
<Mean>
528.223999 37.044113 17.872643 51.723354 8.142647 -9.036953 16.916536 -6.064199 -3.316581 
<Inverted_Deviation>
0.003775 0.005986 0.012409 0.005480 0.011743 0.026699 0.011582 0.015601 0.029853 
<LogVarVal> 45.642815
<Mixture> 2 <Weight> 0.677243
<Mean>
1194.830322 21.309639 -5.938951 -4.761155 1.866223 0.312454 -0.425824 0.392587 0.173075 
<Inverted_Deviation>
0.006819 0.016163 0.049141 0.027839 0.043956 0.070711 0.051207 0.070711 0.070711 
<LogVarVal> 34.902687
<State> 1
<NumMixes> 3
<Mixture> 0 <Weight> 0.412597
<Mean>
651.184509 0.435894 -0.150047 10.715364 0.477950 -0.150761 -2.339584 -0.029526 0.195092 
<Inverted_Deviation>
0.009853 0.029007 0.070711 0.027624 0.070711 0.070711 0.070711 0.070711 0.070711 
<LogVarVal> 32.795452
<Mixture> 1 <Weight> 0.185853
<Mean>
242.270432 0.355571 2.076461 -5.751980 -1.307876 0.444442 19.306376 -0.453564 -0.185220 
<Inverted_Deviation>
0.010476 0.032068 0.070711 0.008500 0.045173 0.070711 0.022726 0.070711 0.070711 
<LogVarVal> 35.395695
<Mixture> 2 <Weight> 0.401550
<Mean>
442.379517 -0.261439 0.542207 11.449448 0.137040 -0.257770 -3.610255 0.094275 -0.025519 
<Inverted_Deviation>
0.012615 0.027605 0.070711 0.012029 0.056829 0.070711 0.042674 0.070711 0.070711 
<LogVarVal> 34.152859
<State> 2
<NumMixes> 3
<Mixture> 0 <Weight> 0.428997
<Mean>
1439.085938 -42.768002 -7.224972 -9.675841 -1.232252 -1.651540 -9.492411 0.020032 0.604895 
<Inverted_Deviation>
0.002704 0.011658 0.024559 0.009730 0.031667 0.051496 0.023593 0.070711 0.070711 
<LogVarVal> 39.319252
<Mixture> 1 <Weight> 0.500497
<Mean>
942.282593 -52.373169 3.523113 7.799199 3.751638 2.329564 0.832361 1.182411 -0.718302 
<Inverted_Deviation>
0.005671 0.008668 0.021190 0.007823 0.019041 0.031148 0.014497 0.038578 0.055929 
<LogVarVal> 41.579453
<Mixture> 2 <Weight> 0.070506
<Mean>
411.637238 3.774051 6.445796 50.993813 0.721830 -3.524194 21.334663 0.507371 -0.401315 
<Inverted_Deviation>
0.003090 0.010111 0.032261 0.002946 0.013450 0.025045 0.009320 0.020316 0.028757 
<LogVarVal> 44.903076
<TransP>
-0.112191 -2.243119 -10000000000.000000 
-10000000000.000000 -0.018977 -3.973981 
-10000000000.000000 -10000000000.000000 0.000000 
<EndEmbeddedHMM>
