<NumSuperStates> 5
<NumStates> 3 6 6 6 3 
<NumMixtures> 3 3 3 3 3 3 3 3 3 3 3 3 3 3 3 3 3 3 3 3 3 3 3 3 
<VecSize> 9
<BeginExternalHMM>
<NumStates> 5
<TransP>
-0.058708 -2.864396 -10000000000.000000 -10000000000.000000 -10000000000.000000 
-10000000000.000000 -0.096730 -2.383811 -10000000000.000000 -10000000000.000000 
-10000000000.000000 -10000000000.000000 -0.095310 -2.397895 -10000000000.000000 
-10000000000.000000 -10000000000.000000 -10000000000.000000 -0.035767 -3.348554 
-10000000000.000000 -10000000000.000000 -10000000000.000000 -10000000000.000000 0.000000 
<EndExternalHMM>
<BeginEmbeddedHMM>
<NumStates> 3
<State> 0
<NumMixes> 3
<Mixture> 0 <Weight> 0.195643
<Mean>
2632.219482 112.399467 -32.501778 1.974188 -15.179183 3.920230 -6.488844 2.051809 0.243050 
<Inverted_Deviation>
0.003024 0.005154 0.013129 0.010983 0.015180 0.028078 0.026659 0.029570 0.039669 
<LogVarVal> 43.198002
<Mixture> 1 <Weight> 0.558159
<Mean>
803.922485 -11.505706 13.929315 -28.358978 15.532195 0.947682 4.268390 0.838391 -0.265198 
<Inverted_Deviation>
0.003388 0.006749 0.026532 0.008760 0.023711 0.048865 0.028433 0.042478 0.070711 
<LogVarVal> 40.332596
<Mixture> 2 <Weight> 0.246198
<Mean>
1582.897949 75.963287 -2.885476 -20.527027 -14.240508 -3.966237 -8.688213 -2.088449 0.727204 
<Inverted_Deviation>
0.002896 0.002639 0.009933 0.004990 0.013650 0.019644 0.015336 0.020791 0.026784 
<LogVarVal> 46.739796
<State> 1
<NumMixes> 3
<Mixture> 0 <Weight> 0.360779
<Mean>
851.430603 21.090652 0.003354 -27.730038 0.018013 -0.169954 -1.380441 0.043189 -0.038162 
<Inverted_Deviation>
0.007097 0.070711 0.070711 0.032747 0.070711 0.070711 0.070711 0.070711 0.070711 
<LogVarVal> 32.062389
<Mixture> 1 <Weight> 0.391556
<Mean>
1193.176880 19.570223 0.110815 -15.058491 0.185589 -0.065058 -1.403016 -0.197455 0.010289 
<Inverted_Deviation>
0.007231 0.049279 0.070711 0.028335 0.070711 0.070711 0.070711 0.070711 0.070711 
<LogVarVal> 32.549530
<Mixture> 2 <Weight> 0.247665
<Mean>
1613.436157 25.917227 -1.999766 -11.522696 -3.370664 -0.621103 -3.555190 -0.488266 -0.131568 
<Inverted_Deviation>
0.004737 0.030099 0.070711 0.025988 0.070711 0.070711 0.070711 0.070711 0.070711 
<LogVarVal> 33.552036
<State> 2
<NumMixes> 3
<Mixture> 0 <Weight> 0.456287
<Mean>
539.766663 23.707905 -0.378565 -29.348822 -0.780254 0.458624 0.049577 -0.118830 -0.180887 
<Inverted_Deviation>
0.008436 0.025367 0.070711 0.029306 0.068782 0.070711 0.070711 0.070711 0.070711 
<LogVarVal> 33.053406
<Mixture> 1 <Weight> 0.024431
<Mean>
783.805542 -51.759686 13.629814 33.905346 -7.733489 -6.115096 -0.164658 3.618020 -1.480976 
<Inverted_Deviation>
0.006544 0.004844 0.016704 0.009357 0.023133 0.026012 0.044433 0.054715 0.056644 
<LogVarVal> 40.580265
<Mixture> 2 <Weight> 0.519281
<Mean>
226.807098 12.642997 2.825273 -11.113227 -4.248825 0.585467 1.603258 -0.502365 0.228920 
<Inverted_Deviation>
0.009413 0.027136 0.070711 0.033175 0.066147 0.070711 0.070711 0.070711 0.070711 
<LogVarVal> 32.791458
<TransP>
-0.047989 -3.060682 -10000000000.000000 
-10000000000.000000 -0.030447 -3.506953 
-10000000000.000000 -10000000000.000000 0.000000 
<EndEmbeddedHMM>
<BeginEmbeddedHMM>
<NumStates> 6
<State> 0
<NumMixes> 3
<Mixture> 0 <Weight> 0.272927
<Mean>
1859.450928 161.341782 -52.052753 -22.935247 -29.269451 -2.547911 -1.910774 -5.335732 4.554911 
<Inverted_Deviation>
0.003234 0.001756 0.004889 0.008001 0.008125 0.010533 0.010883 0.013206 0.016691 
<LogVarVal> 49.686092
<Mixture> 1 <Weight> 0.485448
<Mean>
1088.147705 -37.688400 55.060314 -24.120016 10.508039 3.537008 0.198190 2.327421 -1.677786 
<Inverted_Deviation>
0.003295 0.003139 0.008749 0.013858 0.013565 0.016849 0.031996 0.030092 0.035154 
<LogVarVal> 44.325600
<Mixture> 2 <Weight> 0.241625
<Mean>
2810.943359 131.458771 -57.405308 -15.009257 3.181329 -0.706493 -0.897203 0.337538 -0.086158 
<Inverted_Deviation>
0.003836 0.004445 0.009137 0.023781 0.028367 0.039011 0.040176 0.035343 0.046513 
<LogVarVal> 40.996502
<State> 1
<NumMixes> 3
<Mixture> 0 <Weight> 0.324487
<Mean>
1447.947998 97.685799 6.545552 88.059128 10.232921 -0.516804 11.431103 2.092461 -0.802000 
<Inverted_Deviation>
0.005946 0.014227 0.048932 0.006648 0.017526 0.039502 0.007112 0.020578 0.039921 
<LogVarVal> 41.885651
<Mixture> 1 <Weight> 0.534379
<Mean>
1885.561523 88.451881 -0.780598 30.204506 -10.525992 -3.579129 -5.357190 1.526197 -1.358656 
<Inverted_Deviation>
0.005424 0.015091 0.034922 0.006595 0.015108 0.033296 0.007855 0.014371 0.035408 
<LogVarVal> 42.962730
<Mixture> 2 <Weight> 0.141134
<Mean>
1104.455200 24.070171 6.648799 32.688732 6.984498 -1.102990 -23.147961 -4.631381 0.098621 
<Inverted_Deviation>
0.006726 0.012533 0.047689 0.008193 0.019101 0.035820 0.006827 0.017374 0.034270 
<LogVarVal> 42.080479
<State> 2
<NumMixes> 3
<Mixture> 0 <Weight> 0.371676
<Mean>
1471.667725 37.662498 -1.563092 12.542586 9.916585 0.306853 -15.839010 -0.843792 -0.127700 
<Inverted_Deviation>
0.005705 0.015473 0.070711 0.006855 0.046758 0.070711 0.038238 0.070711 0.070711 
<LogVarVal> 36.392540
<Mixture> 1 <Weight> 0.164229
<Mean>
872.437317 3.567015 6.235423 20.074984 -21.385759 -0.212489 43.263809 -0.115102 -1.211051 
<Inverted_Deviation>
0.007707 0.016347 0.070711 0.007639 0.045514 0.070711 0.024671 0.058186 0.070711 
<LogVarVal> 36.588596
<Mixture> 2 <Weight> 0.464096
<Mean>
1099.268555 10.049881 2.604020 53.316010 5.532868 -0.269085 3.828662 2.515230 0.983268 
<Inverted_Deviation>
0.009427 0.014163 0.066873 0.006547 0.029634 0.063878 0.013612 0.032657 0.063329 
<LogVarVal> 38.553860
<State> 3
<NumMixes> 3
<Mixture> 0 <Weight> 0.537524
<Mean>
1205.430908 11.681091 -1.594811 10.472458 -1.224565 0.346541 -3.698443 -0.079972 -0.113967 
<Inverted_Deviation>
0.009354 0.027045 0.070711 0.025845 0.070711 0.070711 0.070711 0.070711 0.070711 
<LogVarVal> 32.984062
<Mixture> 1 <Weight> 0.126095
<Mean>
789.911377 26.176764 2.082958 29.700733 7.776656 -2.073136 0.752002 -7.151923 0.158311 
<Inverted_Deviation>
0.018162 0.027461 0.070711 0.012871 0.034206 0.070711 0.022568 0.036126 0.070711 
<LogVarVal> 35.542236
<Mixture> 2 <Weight> 0.336381
<Mean>
963.308044 28.811794 0.877383 13.048247 -4.895028 0.164439 -3.029215 -0.627159 0.041268 
<Inverted_Deviation>
0.011331 0.025232 0.070711 0.012394 0.064036 0.070711 0.042615 0.070711 0.070711 
<LogVarVal> 34.202175
<State> 4
<NumMixes> 3
<Mixture> 0 <Weight> 0.338689
<Mean>
510.747345 2.810080 2.611554 -0.920838 -0.370526 0.691037 13.121704 0.139935 -0.255405 
<Inverted_Deviation>
0.012199 0.035123 0.070711 0.012076 0.053338 0.070711 0.029790 0.070711 0.070711 
<LogVarVal> 34.364441
<Mixture> 1 <Weight> 0.566218
<Mean>
673.084351 10.687300 0.937729 12.672613 4.610509 -0.371513 -5.590134 -1.175031 -0.371925 
<Inverted_Deviation>
0.014382 0.024572 0.070711 0.010628 0.044434 0.070711 0.015142 0.057520 0.070711 
<LogVarVal> 35.750599
<Mixture> 2 <Weight> 0.095093
<Mean>
854.673889 1.915802 -5.451457 -62.343628 -12.388629 2.459966 -24.690643 10.088736 0.877580 
<Inverted_Deviation>
0.011231 0.015213 0.035428 0.007816 0.020389 0.052200 0.009001 0.028536 0.070711 
<LogVarVal> 39.779331
<State> 5
<NumMixes> 3
<Mixture> 0 <Weight> 0.032205
<Mean>
892.572510 -2.976989 -13.492399 17.661274 15.668818 -2.861354 -2.712018 3.185109 0.482987 
<Inverted_Deviation>
0.011280 0.011327 0.053892 0.017698 0.033838 0.065967 0.068969 0.070711 0.070711 
<LogVarVal> 35.148846
<Mixture> 1 <Weight> 0.535921
<Mean>
281.647583 41.644753 8.616104 -17.064421 -7.635231 -0.303951 2.917599 0.148262 -0.223096 
<Inverted_Deviation>
0.008962 0.015238 0.066273 0.027252 0.061979 0.070711 0.070711 0.070711 0.070711 
<LogVarVal> 33.744190
<Mixture> 2 <Weight> 0.431874
<Mean>
627.953857 42.715786 -11.530047 -13.658142 9.860905 0.614785 -3.390236 0.966277 0.838236 
<Inverted_Deviation>
0.009261 0.010383 0.046064 0.016672 0.027443 0.052284 0.040704 0.032932 0.051964 
<LogVarVal> 37.691273
<TransP>
-0.080592 -2.558381 -10000000000.000000 -10000000000.000000 -10000000000.000000 -10000000000.000000 
-10000000000.000000 -0.186431 -1.771460 -10000000000.000000 -10000000000.000000 -10000000000.000000 
-10000000000.000000 -10000000000.000000 -0.098440 -2.367124 -10000000000.000000 -10000000000.000000 
-10000000000.000000 -10000000000.000000 -10000000000.000000 -0.055211 -2.924076 -10000000000.000000 
-10000000000.000000 -10000000000.000000 -10000000000.000000 -10000000000.000000 -0.063179 -2.793208 
-10000000000.000000 -10000000000.000000 -10000000000.000000 -10000000000.000000 -10000000000.000000 0.000000 
<EndEmbeddedHMM>
<BeginEmbeddedHMM>
<NumStates> 6
<State> 0
<NumMixes> 3
<Mixture> 0 <Weight> 0.316224
<Mean>
1994.935913 131.953552 -10.774899 -68.723862 -7.842663 6.045938 -22.895094 -2.500234 1.315824 
<Inverted_Deviation>
0.003382 0.003021 0.006959 0.005443 0.008298 0.010652 0.010255 0.012031 0.012644 
<LogVarVal> 49.528408
<Mixture> 1 <Weight> 0.271311
<Mean>
2854.286621 80.510811 -32.921185 2.858311 23.152813 -5.512593 0.216337 1.070666 0.380104 
<Inverted_Deviation>
0.004285 0.005599 0.013556 0.009801 0.019215 0.029769 0.020278 0.035076 0.037236 
<LogVarVal> 42.720486
<Mixture> 2 <Weight> 0.412466
<Mean>
1299.331421 16.514370 26.862684 -46.298027 -3.295325 -0.126479 18.698318 -1.052451 -1.170763 
<Inverted_Deviation>
0.002685 0.003847 0.006430 0.004756 0.007090 0.009330 0.007003 0.010018 0.012096 
<LogVarVal> 50.630138
<State> 1
<NumMixes> 3
<Mixture> 0 <Weight> 0.026273
<Mean>
1121.654785 89.766251 7.072691 478.336090 3.779098 -16.250809 -24.109158 -76.333969 6.220487 
<Inverted_Deviation>
0.003205 0.014702 0.039922 0.005531 0.008303 0.036822 0.002917 0.009993 0.033526 
<LogVarVal> 45.463509
<Mixture> 1 <Weight> 0.623056
<Mean>
1612.312134 20.378906 1.276807 -17.130262 0.125202 -0.088289 -2.786283 2.129114 -0.059092 
<Inverted_Deviation>
0.004330 0.020121 0.066384 0.011203 0.031787 0.070711 0.018717 0.050958 0.070711 
<LogVarVal> 37.405426
<Mixture> 2 <Weight> 0.350670
<Mean>
1073.877441 -20.240305 4.348608 -42.158875 1.255658 0.152471 4.710962 2.723952 -0.114351 
<Inverted_Deviation>
0.003407 0.015211 0.036522 0.010368 0.024787 0.043196 0.018721 0.033012 0.052355 
<LogVarVal> 40.075874
<State> 2
<NumMixes> 3
<Mixture> 0 <Weight> 0.472556
<Mean>
1234.023560 18.405125 -7.271272 -58.653412 -5.806234 2.000324 -7.369619 -0.738832 2.515118 
<Inverted_Deviation>
0.007818 0.008008 0.011363 0.005739 0.011221 0.015600 0.009494 0.013868 0.018176 
<LogVarVal> 46.061195
<Mixture> 1 <Weight> 0.301029
<Mean>
911.346802 18.910501 8.194345 -8.110658 11.996482 -1.977726 40.524830 8.699182 -3.680653 
<Inverted_Deviation>
0.005002 0.010404 0.016185 0.004574 0.010128 0.017897 0.004906 0.012925 0.019945 
<LogVarVal> 46.722225
<Mixture> 2 <Weight> 0.226415
<Mean>
1524.896851 20.395159 -8.318831 -40.418480 -8.306259 1.556275 -18.347715 -0.337860 -1.705485 
<Inverted_Deviation>
0.007524 0.011768 0.015758 0.010657 0.015149 0.017487 0.013307 0.017804 0.020466 
<LogVarVal> 43.648193
<State> 3
<NumMixes> 3
<Mixture> 0 <Weight> 0.177978
<Mean>
621.362915 21.844986 8.241685 19.545776 0.407821 2.154921 24.878429 3.202957 -0.775620 
<Inverted_Deviation>
0.006598 0.015039 0.030409 0.006365 0.026794 0.053825 0.010340 0.040182 0.070711 
<LogVarVal> 39.896236
<Mixture> 1 <Weight> 0.272900
<Mean>
1164.141846 45.997139 -3.319694 4.304460 -0.953759 -0.763541 0.537336 -0.339056 -0.123423 
<Inverted_Deviation>
0.006610 0.014939 0.056061 0.020783 0.044242 0.064701 0.034976 0.070711 0.070711 
<LogVarVal> 35.636715
<Mixture> 2 <Weight> 0.549122
<Mean>
916.344238 16.242525 -0.878747 -10.887078 0.234566 -0.521553 -2.339851 -1.773304 0.274135 
<Inverted_Deviation>
0.009986 0.011811 0.029097 0.011924 0.024546 0.037564 0.025192 0.038919 0.056638 
<LogVarVal> 38.950260
<State> 4
<NumMixes> 3
<Mixture> 0 <Weight> 0.121806
<Mean>
934.886353 1.729861 2.449695 6.078389 -0.692359 0.175667 -18.789780 0.322669 -0.129248 
<Inverted_Deviation>
0.014103 0.025551 0.070711 0.029388 0.070711 0.070711 0.027585 0.060312 0.070711 
<LogVarVal> 33.602226
<Mixture> 1 <Weight> 0.460392
<Mean>
757.899475 2.643345 0.144730 -18.727129 1.706445 -0.284599 -3.292834 0.426488 -0.034493 
<Inverted_Deviation>
0.012341 0.025266 0.041604 0.023423 0.050305 0.070711 0.054031 0.070711 0.070711 
<LogVarVal> 34.013355
<Mixture> 2 <Weight> 0.417802
<Mean>
538.454163 2.386397 2.152168 -13.507113 -1.611596 -0.152532 6.907377 -0.022667 -0.078872 
<Inverted_Deviation>
0.007123 0.016113 0.029766 0.012927 0.032444 0.061811 0.034732 0.051763 0.070711 
<LogVarVal> 37.268921
<State> 5
<NumMixes> 3
<Mixture> 0 <Weight> 0.464332
<Mean>
410.696747 62.625347 34.665413 -9.451301 -7.428902 1.005543 8.521261 -0.409092 -3.045175 
<Inverted_Deviation>
0.008213 0.007158 0.012146 0.013506 0.015373 0.017830 0.016551 0.018539 0.019710 
<LogVarVal> 43.826103
<Mixture> 1 <Weight> 0.396887
<Mean>
603.646484 58.640671 -41.739517 -12.994779 4.662051 4.031674 -5.388986 -3.854112 4.830390 
<Inverted_Deviation>
0.011639 0.006852 0.010417 0.008552 0.012411 0.014346 0.015979 0.015026 0.015654 
<LogVarVal> 45.038593
<Mixture> 2 <Weight> 0.138781
<Mean>
827.601379 33.477726 -41.989738 -32.458443 18.430878 -10.417637 -18.154158 8.330251 -0.494529 
<Inverted_Deviation>
0.009275 0.008814 0.010183 0.010592 0.016093 0.021513 0.015303 0.018157 0.023073 
<LogVarVal> 43.623825
<TransP>
-0.067782 -2.725152 -10000000000.000000 -10000000000.000000 -10000000000.000000 -10000000000.000000 
-10000000000.000000 -0.079775 -2.568172 -10000000000.000000 -10000000000.000000 -10000000000.000000 
-10000000000.000000 -10000000000.000000 -0.130840 -2.098490 -10000000000.000000 -10000000000.000000 
-10000000000.000000 -10000000000.000000 -10000000000.000000 -0.070282 -2.690176 -10000000000.000000 
-10000000000.000000 -10000000000.000000 -10000000000.000000 -10000000000.000000 -0.062836 -2.798475 
-10000000000.000000 -10000000000.000000 -10000000000.000000 -10000000000.000000 -10000000000.000000 0.000000 
<EndEmbeddedHMM>
<BeginEmbeddedHMM>
<NumStates> 6
<State> 0
<NumMixes> 3
<Mixture> 0 <Weight> 0.732435
<Mean>
2448.979004 -11.381472 -8.339056 13.337374 2.266278 1.626742 -5.069493 -0.891343 -0.523937 
<Inverted_Deviation>
0.004903 0.007942 0.009521 0.011682 0.015691 0.018384 0.024384 0.026784 0.025293 
<LogVarVal> 43.570889
<Mixture> 1 <Weight> 0.120161
<Mean>
1851.479248 -116.748329 -29.209816 220.882111 27.228607 -16.525343 -14.131592 4.580721 7.089386 
<Inverted_Deviation>
0.003096 0.002664 0.005330 0.004022 0.006424 0.008204 0.011984 0.011860 0.012929 
<LogVarVal> 50.665318
<Mixture> 2 <Weight> 0.147405
<Mean>
933.806946 -29.835732 32.024590 101.266685 -8.824096 3.802483 25.863667 1.087444 -2.624575 
<Inverted_Deviation>
0.003231 0.003768 0.007347 0.004912 0.009873 0.014117 0.016733 0.018285 0.023315 
<LogVarVal> 47.425930
<State> 1
<NumMixes> 3
<Mixture> 0 <Weight> 0.387181
<Mean>
2242.610352 70.802811 1.484907 -4.814826 0.947182 0.183750 -1.615549 0.147503 -0.069333 
<Inverted_Deviation>
0.003847 0.020045 0.054793 0.032030 0.065867 0.070711 0.070711 0.070711 0.070711 
<LogVarVal> 34.283497
<Mixture> 1 <Weight> 0.214635
<Mean>
1462.098145 29.536388 3.921615 -6.797529 1.521886 -0.671127 1.628969 -0.579267 0.032855 
<Inverted_Deviation>
0.007143 0.015533 0.058564 0.020001 0.047475 0.070711 0.056741 0.070711 0.070711 
<LogVarVal> 34.871643
<Mixture> 2 <Weight> 0.398184
<Mean>
1760.366943 48.048576 -0.907253 -12.889083 -0.988134 0.101404 -0.774206 -0.196497 -0.042492 
<Inverted_Deviation>
0.006603 0.012089 0.043284 0.017380 0.034629 0.070609 0.059011 0.070711 0.070711 
<LogVarVal> 35.921394
<State> 2
<NumMixes> 3
<Mixture> 0 <Weight> 0.390750
<Mean>
1268.299927 76.669884 2.571723 30.331331 15.252817 -2.372839 -9.264811 -2.861418 -0.712510 
<Inverted_Deviation>
0.006453 0.006487 0.014468 0.003843 0.011308 0.021691 0.011018 0.017163 0.028230 
<LogVarVal> 45.483318
<Mixture> 1 <Weight> 0.268740
<Mean>
890.229797 23.241882 11.558329 -45.070278 6.617136 1.753096 59.093025 3.154620 -3.202261 
<Inverted_Deviation>
0.004434 0.007123 0.015312 0.003916 0.009419 0.019081 0.008780 0.016107 0.029537 
<LogVarVal> 46.246010
<Mixture> 2 <Weight> 0.340510
<Mean>
1652.393188 16.198099 -17.155172 43.171406 -32.329861 0.646396 -31.642767 0.466371 3.040426 
<Inverted_Deviation>
0.005170 0.006131 0.011344 0.005353 0.010868 0.018042 0.013614 0.018968 0.027684 
<LogVarVal> 45.605305
<State> 3
<NumMixes> 3
<Mixture> 0 <Weight> 0.338290
<Mean>
794.376770 16.747841 1.859934 14.528610 2.601334 0.088131 -3.158180 0.094927 0.590985 
<Inverted_Deviation>
0.008251 0.015235 0.054046 0.009798 0.029807 0.070711 0.028341 0.051438 0.070711 
<LogVarVal> 37.018562
<Mixture> 1 <Weight> 0.276509
<Mean>
499.838562 1.049515 4.053885 9.320256 -4.298772 -0.001657 12.860784 -0.158267 -0.522156 
<Inverted_Deviation>
0.007141 0.019869 0.070711 0.009825 0.037609 0.070711 0.020563 0.056425 0.070711 
<LogVarVal> 36.621792
<Mixture> 2 <Weight> 0.385201
<Mean>
1099.898560 33.518456 1.780532 9.671049 3.080692 0.403582 -2.691865 0.522580 0.085548 
<Inverted_Deviation>
0.005369 0.013660 0.046752 0.016951 0.051718 0.070711 0.051950 0.070711 0.070711 
<LogVarVal> 35.678974
<State> 4
<NumMixes> 3
<Mixture> 0 <Weight> 0.116950
<Mean>
579.254639 -4.879161 0.156596 6.978623 0.367465 -0.014214 -0.276101 0.067023 0.008636 
<Inverted_Deviation>
0.011085 0.057038 0.070711 0.059195 0.070711 0.070711 0.070711 0.070711 0.070711 
<LogVarVal> 31.239395
<Mixture> 1 <Weight> 0.081992
<Mean>
1120.459106 -9.764193 -1.937942 1.509009 -0.301429 0.335917 -0.654666 0.215470 -0.004031 
<Inverted_Deviation>
0.010090 0.037665 0.070711 0.059002 0.070711 0.070711 0.070711 0.070711 0.070711 
<LogVarVal> 31.751652
<Mixture> 2 <Weight> 0.801058
<Mean>
835.629822 -3.586915 0.104079 4.940079 -0.071061 -0.051074 -0.287012 -0.031647 -0.046288 
<Inverted_Deviation>
0.011590 0.046571 0.070711 0.058255 0.070711 0.070711 0.070711 0.070711 0.070711 
<LogVarVal> 31.413553
<State> 5
<NumMixes> 3
<Mixture> 0 <Weight> 0.169492
<Mean>
1687.819336 -241.098923 -63.133617 -34.432331 36.283466 8.004537 -64.373642 5.671948 23.434519 
<Inverted_Deviation>
0.002392 0.002391 0.003558 0.003085 0.005357 0.006255 0.007784 0.007993 0.008007 
<LogVarVal> 53.458687
<Mixture> 1 <Weight> 0.472458
<Mean>
651.286743 175.041794 9.865454 9.286573 -2.162120 2.779928 8.279537 -7.305289 1.627143 
<Inverted_Deviation>
0.005904 0.005929 0.006595 0.010680 0.012922 0.020362 0.020952 0.021735 0.028351 
<LogVarVal> 44.472595
<Mixture> 2 <Weight> 0.358051
<Mean>
963.355774 -12.949031 -12.356905 2.765055 3.179673 -14.755962 7.265616 11.297963 -13.360135 
<Inverted_Deviation>
0.005639 0.003952 0.006034 0.003482 0.005607 0.008775 0.010103 0.009723 0.012763 
<LogVarVal> 50.142483
<TransP>
-0.112171 -2.243294 -10000000000.000000 -10000000000.000000 -10000000000.000000 -10000000000.000000 
-10000000000.000000 -0.066800 -2.739269 -10000000000.000000 -10000000000.000000 -10000000000.000000 
-10000000000.000000 -10000000000.000000 -0.159615 -1.913738 -10000000000.000000 -10000000000.000000 
-10000000000.000000 -10000000000.000000 -10000000000.000000 -0.067742 -2.725731 -10000000000.000000 
-10000000000.000000 -10000000000.000000 -10000000000.000000 -10000000000.000000 -0.043480 -3.157115 
-10000000000.000000 -10000000000.000000 -10000000000.000000 -10000000000.000000 -10000000000.000000 0.000000 
<EndEmbeddedHMM>
<BeginEmbeddedHMM>
<NumStates> 3
<State> 0
<NumMixes> 3
<Mixture> 0 <Weight> 0.083333
<Mean>
2005.966675 -95.248985 -101.282883 124.783119 122.891739 81.514915 -33.233990 -31.938774 -7.027769 
<Inverted_Deviation>
0.004757 0.005037 0.009625 0.010135 0.008468 0.011004 0.031270 0.020123 0.015303 
<LogVarVal> 45.857079
<Mixture> 1 <Weight> 0.789029
<Mean>
657.832764 11.881019 18.467707 35.808617 -10.039094 9.036819 6.175448 -4.847378 1.382950 
<Inverted_Deviation>
0.004752 0.007446 0.017214 0.015024 0.014403 0.022179 0.035959 0.034606 0.041957 
<LogVarVal> 41.569710
<Mixture> 2 <Weight> 0.127637
<Mean>
1408.635742 -530.657959 -19.141052 220.022400 -3.887027 -104.345680 5.320181 49.783028 -5.279871 
<Inverted_Deviation>
0.002642 0.006930 0.004004 0.009368 0.004968 0.006765 0.018425 0.023389 0.008897 
<LogVarVal> 49.022678
<State> 1
<NumMixes> 3
<Mixture> 0 <Weight> 0.632865
<Mean>
633.034973 5.525957 0.768970 3.331067 -0.280504 0.420082 -0.354973 0.268753 -0.093079 
<Inverted_Deviation>
0.013066 0.041277 0.070711 0.023398 0.070711 0.070711 0.070711 0.070711 0.070711 
<LogVarVal> 32.326550
<Mixture> 1 <Weight> 0.110112
<Mean>
1074.532715 75.933167 1.854988 34.926510 7.274921 -2.037918 3.796791 -0.745452 0.122148 
<Inverted_Deviation>
0.004816 0.013086 0.056479 0.010430 0.043425 0.070711 0.038370 0.070711 0.070711 
<LogVarVal> 36.604946
<Mixture> 2 <Weight> 0.257022
<Mean>
1683.670044 48.190964 -2.053189 7.384809 -3.296139 0.160149 -4.114387 -0.097137 0.001090 
<Inverted_Deviation>
0.003193 0.016030 0.050206 0.013697 0.035264 0.070711 0.049706 0.070711 0.070711 
<LogVarVal> 36.607655
<State> 2
<NumMixes> 3
<Mixture> 0 <Weight> 0.942559
<Mean>
302.402252 61.280167 5.770306 36.274860 -2.196830 3.447014 7.771461 -6.122120 3.695949 
<Inverted_Deviation>
0.004463 0.008029 0.013402 0.015224 0.016241 0.018056 0.033306 0.028645 0.034856 
<LogVarVal> 42.330906
<Mixture> 1 <Weight> 0.039164
<Mean>
707.727844 -276.062927 85.363007 323.883636 -176.479462 -12.398443 90.039932 9.494876 -75.663246 
<Inverted_Deviation>
0.002701 0.004868 0.005509 0.003969 0.004065 0.005216 0.009149 0.005548 0.007841 
<LogVarVal> 52.619156
<Mixture> 2 <Weight> 0.018277
<Mean>
1917.880981 -207.424377 -9.768430 140.690109 86.346230 -13.218755 -67.467010 23.138439 14.967930 
<Inverted_Deviation>
0.001966 0.003068 0.003581 0.002653 0.005425 0.004444 0.010645 0.008080 0.006956 
<LogVarVal> 53.696541
<TransP>
-0.073297 -2.649662 -10000000000.000000 
-10000000000.000000 -0.019000 -3.972823 
-10000000000.000000 -10000000000.000000 0.000000 
<EndEmbeddedHMM>
