<NumSuperStates> 5
<NumStates> 3 6 6 6 3 
<NumMixtures> 3 3 3 3 3 3 3 3 3 3 3 3 3 3 3 3 3 3 3 3 3 3 3 3 
<VecSize> 9
<BeginExternalHMM>
<NumStates> 5
<TransP>
-0.080043 -2.564950 -10000000000.000000 -10000000000.000000 -10000000000.000000 
-10000000000.000000 -0.057158 -2.890372 -10000000000.000000 -10000000000.000000 
-10000000000.000000 -10000000000.000000 -0.074108 -2.639057 -10000000000.000000 
-10000000000.000000 -10000000000.000000 -10000000000.000000 -0.054067 -2.944439 
-10000000000.000000 -10000000000.000000 -10000000000.000000 -10000000000.000000 0.000000 
<EndExternalHMM>
<BeginEmbeddedHMM>
<NumStates> 3
<State> 0
<NumMixes> 3
<Mixture> 0 <Weight> 0.374558
<Mean>
1531.528320 12.396965 1.952917 -13.624535 1.949713 0.147923 -2.385654 0.421029 0.068528 
<Inverted_Deviation>
0.010313 0.020924 0.066561 0.019796 0.059214 0.070711 0.070711 0.070711 0.070711 
<LogVarVal> 33.647667
<Mixture> 1 <Weight> 0.378092
<Mean>
1743.388550 28.117762 -0.011444 -7.169123 -0.193027 -0.463881 -1.390544 -0.248526 -0.116103 
<Inverted_Deviation>
0.009783 0.017137 0.035971 0.029221 0.037298 0.054633 0.070711 0.070711 0.070711 
<LogVarVal> 34.846317
<Mixture> 2 <Weight> 0.247350
<Mean>
2015.323730 44.429565 7.295460 -8.226358 -5.625617 -0.146838 -0.462616 0.163790 0.151452 
<Inverted_Deviation>
0.008325 0.017034 0.026502 0.054057 0.070711 0.070711 0.070711 0.070711 0.070711 
<LogVarVal> 33.806381
<State> 1
<NumMixes> 3
<Mixture> 0 <Weight> 0.378049
<Mean>
1437.776855 7.265156 0.101024 -9.063117 0.587067 0.006280 -1.154090 -0.177896 -0.019529 
<Inverted_Deviation>
0.018037 0.070711 0.070711 0.056065 0.070711 0.070711 0.070711 0.070711 0.070711 
<LogVarVal> 30.591976
<Mixture> 1 <Weight> 0.402439
<Mean>
1300.208252 5.571571 0.333539 -15.013017 0.422378 0.008602 -0.677384 -0.002856 -0.005328 
<Inverted_Deviation>
0.020046 0.070711 0.070711 0.065988 0.070711 0.070711 0.070711 0.070711 0.070711 
<LogVarVal> 30.323404
<Mixture> 2 <Weight> 0.219512
<Mean>
1202.317627 6.418429 0.007549 -22.110828 1.706523 0.023915 -1.828741 0.228469 -0.014219 
<Inverted_Deviation>
0.022121 0.070711 0.070711 0.064884 0.070711 0.070711 0.070711 0.070711 0.070711 
<LogVarVal> 30.241766
<State> 2
<NumMixes> 3
<Mixture> 0 <Weight> 0.137931
<Mean>
2168.659668 -354.792114 15.800224 30.277092 19.402855 -17.685266 4.614931 1.070761 -1.322872 
<Inverted_Deviation>
0.002630 0.003085 0.005304 0.004896 0.005266 0.007152 0.009347 0.012040 0.013049 
<LogVarVal> 51.049778
<Mixture> 1 <Weight> 0.206897
<Mean>
1427.391113 -135.444901 39.759136 5.625553 -26.853436 9.665462 5.496379 -2.942936 -0.243637 
<Inverted_Deviation>
0.005058 0.006272 0.012574 0.013140 0.011311 0.015887 0.030250 0.024216 0.028871 
<LogVarVal> 43.606018
<Mixture> 2 <Weight> 0.655172
<Mean>
1034.753906 -2.750255 2.407086 -39.311256 -2.196492 0.528569 0.436068 -0.649887 0.197032 
<Inverted_Deviation>
0.007989 0.027501 0.070711 0.040320 0.070711 0.070711 0.070711 0.070711 0.070711 
<LogVarVal> 32.680313
<TransP>
-0.047025 -3.080498 -10000000000.000000 
-10000000000.000000 -0.026778 -3.633529 
-10000000000.000000 -10000000000.000000 0.000000 
<EndEmbeddedHMM>
<BeginEmbeddedHMM>
<NumStates> 6
<State> 0
<NumMixes> 3
<Mixture> 0 <Weight> 0.328638
<Mean>
2086.914063 149.783783 12.343777 17.988823 2.551878 -8.838417 -1.164457 -4.165591 -1.153954 
<Inverted_Deviation>
0.006185 0.008538 0.013518 0.019815 0.016907 0.020643 0.052975 0.048647 0.056181 
<LogVarVal> 40.025963
<Mixture> 1 <Weight> 0.464789
<Mean>
1827.257202 19.100338 21.472412 -1.656783 14.756145 -3.678960 4.085612 -2.556930 0.139815 
<Inverted_Deviation>
0.006248 0.008738 0.016971 0.015793 0.020235 0.043128 0.046772 0.066741 0.070711 
<LogVarVal> 38.653675
<Mixture> 2 <Weight> 0.206573
<Mean>
2316.846680 -45.443760 -51.402794 -35.022179 -37.416687 21.709787 -5.396653 8.851089 1.406705 
<Inverted_Deviation>
0.007339 0.003235 0.004648 0.016347 0.008780 0.008206 0.068186 0.035535 0.022491 
<LogVarVal> 44.640240
<State> 1
<NumMixes> 3
<Mixture> 0 <Weight> 0.366197
<Mean>
1622.176025 38.315792 -0.318286 1.066232 0.233370 0.182780 -1.773133 1.249713 0.205905 
<Inverted_Deviation>
0.008808 0.047168 0.070711 0.022362 0.070711 0.070711 0.056600 0.070711 0.070711 
<LogVarVal> 32.855305
<Mixture> 1 <Weight> 0.384977
<Mean>
1251.857666 7.856138 3.972635 -0.155491 -5.170529 -0.207462 9.098976 0.441920 -0.447706 
<Inverted_Deviation>
0.018098 0.031305 0.070711 0.017759 0.070711 0.070711 0.070711 0.070711 0.070711 
<LogVarVal> 32.553036
<Mixture> 2 <Weight> 0.248826
<Mean>
1424.962036 43.243111 0.523783 6.869566 0.213605 0.594919 2.542297 -0.473410 -0.014839 
<Inverted_Deviation>
0.014495 0.037077 0.070711 0.014871 0.055259 0.070711 0.042199 0.070711 0.070711 
<LogVarVal> 33.546051
<State> 2
<NumMixes> 3
<Mixture> 0 <Weight> 0.366906
<Mean>
1294.049072 -6.144129 1.011070 8.700701 1.320818 -0.245535 -1.819410 0.509562 0.180114 
<Inverted_Deviation>
0.030842 0.053882 0.070711 0.041768 0.070711 0.070711 0.070711 0.070711 0.070711 
<LogVarVal> 30.621691
<Mixture> 1 <Weight> 0.302158
<Mean>
1362.512329 -7.910379 -0.703962 6.283580 2.512246 0.300399 -1.550891 -0.021559 0.204386 
<Inverted_Deviation>
0.032491 0.036005 0.070711 0.036849 0.070711 0.070711 0.070711 0.070711 0.070711 
<LogVarVal> 31.098036
<Mixture> 2 <Weight> 0.330935
<Mean>
1431.053467 2.064505 -1.871410 5.397319 1.790206 0.313360 -1.736384 -0.200336 -0.077831 
<Inverted_Deviation>
0.032871 0.046547 0.070711 0.045666 0.070711 0.070711 0.070711 0.070711 0.070711 
<LogVarVal> 30.615101
<State> 3
<NumMixes> 3
<Mixture> 0 <Weight> 0.282723
<Mean>
1243.152588 24.842539 -0.427528 11.123487 -1.807144 -0.037869 -0.341385 0.024009 0.022100 
<Inverted_Deviation>
0.023737 0.070711 0.070711 0.054383 0.070711 0.070711 0.070711 0.070711 0.070711 
<LogVarVal> 30.347803
<Mixture> 1 <Weight> 0.397906
<Mean>
1340.653931 17.614822 -0.623061 3.619082 -1.155370 0.051508 -0.090615 -0.046562 -0.049830 
<Inverted_Deviation>
0.024465 0.070711 0.070711 0.070711 0.070711 0.070711 0.070711 0.070711 0.070711 
<LogVarVal> 30.055071
<Mixture> 2 <Weight> 0.319372
<Mean>
1152.092896 13.006507 1.630195 11.455027 -2.171772 -0.194326 -0.620688 -0.889058 0.259654 
<Inverted_Deviation>
0.031928 0.056254 0.070711 0.032434 0.070711 0.070711 0.070711 0.070711 0.070711 
<LogVarVal> 30.796963
<State> 4
<NumMixes> 3
<Mixture> 0 <Weight> 0.330097
<Mean>
1089.537842 -5.171836 2.628105 1.514764 4.039268 0.056158 9.507436 0.292163 -0.274580 
<Inverted_Deviation>
0.022261 0.043963 0.070711 0.018592 0.070711 0.070711 0.070711 0.070711 0.070711 
<LogVarVal> 31.960585
<Mixture> 1 <Weight> 0.388350
<Mean>
1217.607422 -21.306911 1.190010 8.373243 0.353679 -0.115270 -2.709667 0.439483 -0.019530 
<Inverted_Deviation>
0.020076 0.040610 0.070711 0.020623 0.070711 0.070711 0.070711 0.070711 0.070711 
<LogVarVal> 32.039505
<Mixture> 2 <Weight> 0.281553
<Mean>
1351.859253 -33.106117 1.037261 1.433792 -0.432802 -0.279559 -0.461952 -0.040575 0.135439 
<Inverted_Deviation>
0.017742 0.069039 0.070711 0.027967 0.070711 0.070711 0.070711 0.070711 0.070711 
<LogVarVal> 31.327858
<State> 5
<NumMixes> 3
<Mixture> 0 <Weight> 0.145540
<Mean>
2126.838623 -157.269882 32.388367 -25.940493 3.979632 -1.807000 0.069243 -0.346685 0.238951 
<Inverted_Deviation>
0.004940 0.010228 0.031899 0.035856 0.042027 0.070711 0.070711 0.070711 0.070711 
<LogVarVal> 35.583733
<Mixture> 1 <Weight> 0.492958
<Mean>
1532.884033 -34.101963 0.107693 -12.349463 2.323637 0.191999 -1.442873 -0.013987 0.036195 
<Inverted_Deviation>
0.010332 0.040416 0.070711 0.040667 0.070711 0.070711 0.070711 0.070711 0.070711 
<LogVarVal> 32.029652
<Mixture> 2 <Weight> 0.361502
<Mean>
1778.967529 -57.340042 5.806136 -19.177816 2.591617 -0.004362 -0.075708 -0.325115 0.056691 
<Inverted_Deviation>
0.008407 0.022787 0.067774 0.070711 0.070711 0.070711 0.070711 0.070711 0.070711 
<LogVarVal> 32.298119
<TransP>
-0.088293 -2.470920 -10000000000.000000 -10000000000.000000 -10000000000.000000 -10000000000.000000 
-10000000000.000000 -0.088293 -2.470920 -10000000000.000000 -10000000000.000000 -10000000000.000000 
-10000000000.000000 -10000000000.000000 -0.066939 -2.737249 -10000000000.000000 -10000000000.000000 
-10000000000.000000 -10000000000.000000 -10000000000.000000 -0.098982 -2.361902 -10000000000.000000 
-10000000000.000000 -10000000000.000000 -10000000000.000000 -10000000000.000000 -0.091434 -2.437504 
-10000000000.000000 -10000000000.000000 -10000000000.000000 -10000000000.000000 -10000000000.000000 0.000000 
<EndEmbeddedHMM>
<BeginEmbeddedHMM>
<NumStates> 6
<State> 0
<NumMixes> 3
<Mixture> 0 <Weight> 0.589041
<Mean>
1862.575439 56.053398 9.474327 6.645758 5.297458 0.397591 -0.148251 0.277623 0.415973 
<Inverted_Deviation>
0.006106 0.020426 0.050955 0.031301 0.050051 0.070711 0.070711 0.070711 0.070711 
<LogVarVal> 34.173004
<Mixture> 1 <Weight> 0.239726
<Mean>
2463.823730 231.714935 -22.864717 26.807413 -15.167289 -22.586979 -4.051461 -4.955642 -1.514841 
<Inverted_Deviation>
0.003765 0.008539 0.006706 0.015876 0.013702 0.018328 0.070711 0.066123 0.053959 
<LogVarVal> 41.218700
<Mixture> 2 <Weight> 0.171233
<Mean>
2468.456543 -269.020966 -36.592777 -42.746204 -9.233091 39.018570 -3.482879 7.421914 1.363921 
<Inverted_Deviation>
0.005038 0.007147 0.003709 0.021595 0.010852 0.012886 0.069602 0.070711 0.043384 
<LogVarVal> 42.142326
<State> 1
<NumMixes> 3
<Mixture> 0 <Weight> 0.210884
<Mean>
1469.129028 28.170713 1.963513 -10.364986 2.404989 0.418596 -1.883614 0.340254 -0.198056 
<Inverted_Deviation>
0.017371 0.070711 0.070711 0.037043 0.070711 0.070711 0.070711 0.070711 0.070711 
<LogVarVal> 31.044043
<Mixture> 1 <Weight> 0.612245
<Mean>
1622.391724 26.148155 -0.275192 1.560388 1.059851 -0.337588 -0.400487 0.034767 -0.027612 
<Inverted_Deviation>
0.012006 0.070711 0.070711 0.070711 0.070711 0.070711 0.070711 0.070711 0.070711 
<LogVarVal> 30.766870
<Mixture> 2 <Weight> 0.176871
<Mean>
1321.349365 18.598677 1.612568 -15.831901 1.797917 -0.519586 -1.730910 -1.497110 0.321363 
<Inverted_Deviation>
0.016788 0.070139 0.070711 0.030403 0.070711 0.070711 0.061167 0.070711 0.070711 
<LogVarVal> 31.428827
<State> 2
<NumMixes> 3
<Mixture> 0 <Weight> 0.091346
<Mean>
1283.833496 -17.294203 3.113397 -25.179897 1.203608 1.261125 4.385652 1.372360 -0.531666 
<Inverted_Deviation>
0.020420 0.053974 0.070711 0.055109 0.070711 0.070711 0.070711 0.070711 0.070711 
<LogVarVal> 30.755171
<Mixture> 1 <Weight> 0.596154
<Mean>
1466.478394 2.983334 -2.012631 -2.078552 -2.103110 0.284489 -1.083557 0.196523 0.085750 
<Inverted_Deviation>
0.031662 0.042430 0.070711 0.060392 0.070711 0.070711 0.070711 0.070711 0.070711 
<LogVarVal> 30.465660
<Mixture> 2 <Weight> 0.312500
<Mean>
1409.353882 1.595583 1.079169 -7.281562 -1.912224 -0.486697 -1.517130 -0.342741 -0.056318 
<Inverted_Deviation>
0.035389 0.032246 0.070711 0.038017 0.070711 0.070711 0.070711 0.070711 0.070711 
<LogVarVal> 31.091707
<State> 3
<NumMixes> 3
<Mixture> 0 <Weight> 0.250000
<Mean>
1180.037842 8.586259 0.256922 3.810939 1.436163 -0.182352 -0.729832 -0.652215 0.070726 
<Inverted_Deviation>
0.032347 0.070711 0.070711 0.032755 0.070711 0.070711 0.070711 0.070711 0.070711 
<LogVarVal> 30.545340
<Mixture> 1 <Weight> 0.549020
<Mean>
1243.769531 6.578777 1.083532 4.133157 1.670813 0.098499 -1.433921 0.242616 -0.050455 
<Inverted_Deviation>
0.033884 0.065946 0.070711 0.054749 0.070711 0.070711 0.070711 0.070711 0.070711 
<LogVarVal> 30.054979
<Mixture> 2 <Weight> 0.200980
<Mean>
1344.630005 29.857990 0.867163 14.473944 1.187151 -0.457044 -0.902432 -0.053555 -0.088249 
<Inverted_Deviation>
0.022382 0.070711 0.070711 0.059292 0.070711 0.070711 0.070711 0.070711 0.070711 
<LogVarVal> 30.320190
<State> 4
<NumMixes> 3
<Mixture> 0 <Weight> 0.346667
<Mean>
1442.910400 -36.571465 0.897937 -8.814894 0.268391 0.409241 -1.419788 -0.191670 0.232551 
<Inverted_Deviation>
0.014647 0.070711 0.070711 0.037156 0.070711 0.070711 0.070711 0.070711 0.070711 
<LogVarVal> 31.211508
<Mixture> 1 <Weight> 0.280000
<Mean>
1154.263794 -11.219110 3.150088 -16.976805 -0.305835 0.388893 0.681856 0.392484 0.095342 
<Inverted_Deviation>
0.021647 0.041561 0.070711 0.023140 0.064693 0.070711 0.051416 0.070711 0.070711 
<LogVarVal> 32.233524
<Mixture> 2 <Weight> 0.373333
<Mean>
1292.843750 -27.235044 0.973532 -7.076200 0.167249 -0.226027 -1.398003 -0.307975 -0.192783 
<Inverted_Deviation>
0.018258 0.059956 0.070711 0.037397 0.070711 0.070711 0.070711 0.070711 0.070711 
<LogVarVal> 31.149689
<State> 5
<NumMixes> 3
<Mixture> 0 <Weight> 0.227545
<Mean>
2350.721191 -161.797607 35.921722 -1.796628 -2.481818 1.086095 -0.762275 0.027493 -0.025471 
<Inverted_Deviation>
0.004982 0.009519 0.020688 0.051122 0.070711 0.070711 0.070711 0.070711 0.070711 
<LogVarVal> 35.205219
<Mixture> 1 <Weight> 0.449102
<Mean>
1660.004272 -47.289684 1.165366 -2.799474 -1.409904 -0.225100 -0.112964 0.218113 -0.039910 
<Inverted_Deviation>
0.008344 0.068079 0.070711 0.051441 0.070711 0.070711 0.070711 0.070711 0.070711 
<LogVarVal> 31.486860
<Mixture> 2 <Weight> 0.323353
<Mean>
1969.140503 -71.875549 3.053396 -2.055678 0.632442 0.125897 -0.758468 0.080946 -0.020213 
<Inverted_Deviation>
0.007499 0.059757 0.070711 0.062829 0.070711 0.070711 0.070711 0.070711 0.070711 
<LogVarVal> 31.523994
<TransP>
-0.100805 -2.344549 -10000000000.000000 -10000000000.000000 -10000000000.000000 -10000000000.000000 
-10000000000.000000 -0.100083 -2.351375 -10000000000.000000 -10000000000.000000 -10000000000.000000 
-10000000000.000000 -10000000000.000000 -0.069680 -2.698481 -10000000000.000000 -10000000000.000000 
-10000000000.000000 -10000000000.000000 -10000000000.000000 -0.071096 -2.679063 -10000000000.000000 
-10000000000.000000 -10000000000.000000 -10000000000.000000 -10000000000.000000 -0.097980 -2.371578 
-10000000000.000000 -10000000000.000000 -10000000000.000000 -10000000000.000000 -10000000000.000000 0.000000 
<EndEmbeddedHMM>
<BeginEmbeddedHMM>
<NumStates> 6
<State> 0
<NumMixes> 3
<Mixture> 0 <Weight> 0.140271
<Mean>
2139.720703 209.467926 32.905453 14.344901 6.649806 6.471746 2.824973 1.029161 -0.938530 
<Inverted_Deviation>
0.005662 0.009678 0.012618 0.022770 0.032906 0.030021 0.070711 0.070711 0.070711 
<LogVarVal> 37.985489
<Mixture> 1 <Weight> 0.126697
<Mean>
2320.491211 3.986451 -107.712303 -2.213858 -9.408712 -13.809563 1.611668 -0.442048 0.683868 
<Inverted_Deviation>
0.008741 0.007647 0.006246 0.026689 0.023386 0.045095 0.070711 0.070711 0.070711 
<LogVarVal> 38.265842
<Mixture> 2 <Weight> 0.733032
<Mean>
1735.360718 34.533127 3.710788 4.749332 -0.395077 -0.147646 -0.152745 0.076527 0.025416 
<Inverted_Deviation>
0.008330 0.026394 0.068718 0.070711 0.070711 0.070711 0.070711 0.070711 0.070711 
<LogVarVal> 32.146481
<State> 1
<NumMixes> 3
<Mixture> 0 <Weight> 0.204167
<Mean>
1435.690552 34.075882 -0.132127 16.043772 -1.552805 -0.424561 -0.538520 -0.172298 0.335465 
<Inverted_Deviation>
0.024381 0.070711 0.070711 0.070711 0.070711 0.070711 0.070711 0.070711 0.070711 
<LogVarVal> 30.058502
<Mixture> 1 <Weight> 0.541667
<Mean>
1345.479736 11.269220 1.449585 5.352230 1.309103 -0.039706 -0.278827 -0.101030 -0.093421 
<Inverted_Deviation>
0.022414 0.045372 0.070711 0.062430 0.070711 0.070711 0.070711 0.070711 0.070711 
<LogVarVal> 30.710875
<Mixture> 2 <Weight> 0.254167
<Mean>
1543.179932 29.856155 0.409956 8.788708 -1.387864 0.152445 -0.661037 0.099165 -0.140975 
<Inverted_Deviation>
0.021637 0.070711 0.070711 0.070711 0.070711 0.070711 0.070711 0.070711 0.070711 
<LogVarVal> 30.177902
<State> 2
<NumMixes> 3
<Mixture> 0 <Weight> 0.147727
<Mean>
1414.519165 4.347191 -8.929955 45.031384 -12.709430 0.913555 -11.259677 -0.133806 0.712864 
<Inverted_Deviation>
0.011540 0.013410 0.032654 0.016415 0.026050 0.058239 0.069380 0.070711 0.070711 
<LogVarVal> 35.913754
<Mixture> 1 <Weight> 0.340909
<Mean>
1016.447205 35.232132 3.385772 26.341040 2.693738 -1.137972 5.361759 -1.918260 -1.190372 
<Inverted_Deviation>
0.015426 0.018216 0.049293 0.013396 0.035546 0.070711 0.035898 0.063223 0.070711 
<LogVarVal> 35.374592
<Mixture> 2 <Weight> 0.511364
<Mean>
1193.329468 34.750721 -1.880845 24.112507 -2.300848 0.098005 -3.167773 0.847107 0.554285 
<Inverted_Deviation>
0.013410 0.024080 0.070711 0.015260 0.038714 0.070711 0.057559 0.070711 0.070711 
<LogVarVal> 34.075100
<State> 3
<NumMixes> 3
<Mixture> 0 <Weight> 0.536913
<Mean>
845.118774 0.053099 2.213015 18.816679 -0.002619 0.159247 2.418257 -0.154553 -0.045330 
<Inverted_Deviation>
0.012635 0.034463 0.070711 0.021387 0.066523 0.070711 0.056115 0.070711 0.070711 
<LogVarVal> 32.922619
<Mixture> 1 <Weight> 0.093960
<Mean>
1096.845215 3.436193 -0.897319 43.804447 5.321796 0.994323 -4.660028 -0.403189 0.117317 
<Inverted_Deviation>
0.019323 0.032187 0.069720 0.029308 0.066978 0.070711 0.070711 0.070711 0.070711 
<LogVarVal> 32.027134
<Mixture> 2 <Weight> 0.369128
<Mean>
943.452820 -6.549327 0.177560 18.436323 1.031379 0.032561 -1.766457 0.953437 0.130556 
<Inverted_Deviation>
0.029134 0.029755 0.070711 0.025412 0.070711 0.070711 0.070711 0.070711 0.070711 
<LogVarVal> 31.769375
<State> 4
<NumMixes> 3
<Mixture> 0 <Weight> 0.196078
<Mean>
1350.793213 -32.134834 1.028940 18.922897 -0.740456 0.215266 -0.270622 -0.159047 0.030714 
<Inverted_Deviation>
0.016932 0.070711 0.070711 0.070711 0.070711 0.070711 0.070711 0.070711 0.070711 
<LogVarVal> 30.423136
<Mixture> 1 <Weight> 0.341176
<Mean>
1210.373535 -26.579321 0.476545 15.497404 0.904708 -0.248500 -0.096713 0.218481 0.099827 
<Inverted_Deviation>
0.017504 0.070711 0.070711 0.070711 0.070711 0.070711 0.070711 0.070711 0.070711 
<LogVarVal> 30.389874
<Mixture> 2 <Weight> 0.462745
<Mean>
1058.261108 -19.034079 0.920379 12.708613 -0.585608 -0.059361 0.338810 -0.256183 -0.108426 
<Inverted_Deviation>
0.016270 0.070711 0.070711 0.070711 0.070711 0.070711 0.070711 0.070711 0.070711 
<LogVarVal> 30.462999
<State> 5
<NumMixes> 3
<Mixture> 0 <Weight> 0.218274
<Mean>
2675.763672 -247.501389 -48.535439 -38.823952 -5.638262 7.928523 -0.665923 1.848158 -0.154978 
<Inverted_Deviation>
0.003023 0.004617 0.007470 0.008879 0.015271 0.020580 0.022771 0.032994 0.055109 
<LogVarVal> 44.109043
<Mixture> 1 <Weight> 0.517766
<Mean>
1553.501709 -60.228439 3.236946 9.638068 2.305725 -0.275071 0.462331 -0.195260 0.032832 
<Inverted_Deviation>
0.006075 0.033227 0.070711 0.044281 0.070711 0.070711 0.070711 0.070711 0.070711 
<LogVarVal> 32.671425
<Mixture> 2 <Weight> 0.263959
<Mean>
1976.811035 -155.511307 36.100002 -6.446830 12.366360 -4.496633 1.812251 -1.028752 -0.000648 
<Inverted_Deviation>
0.004599 0.008619 0.016494 0.019506 0.033493 0.062066 0.070711 0.070711 0.070711 
<LogVarVal> 37.452129
<TransP>
-0.089895 -2.453724 -10000000000.000000 -10000000000.000000 -10000000000.000000 -10000000000.000000 
-10000000000.000000 -0.082476 -2.536200 -10000000000.000000 -10000000000.000000 -10000000000.000000 
-10000000000.000000 -10000000000.000000 -0.114238 -2.226045 -10000000000.000000 -10000000000.000000 
-10000000000.000000 -10000000000.000000 -10000000000.000000 -0.065882 -2.752655 -10000000000.000000 
-10000000000.000000 -10000000000.000000 -10000000000.000000 -10000000000.000000 -0.077432 -2.596824 
-10000000000.000000 -10000000000.000000 -10000000000.000000 -10000000000.000000 -10000000000.000000 0.000000 
<EndEmbeddedHMM>
<BeginEmbeddedHMM>
<NumStates> 3
<State> 0
<NumMixes> 3
<Mixture> 0 <Weight> 0.515790
<Mean>
1157.451294 16.639484 5.448678 27.921211 -6.067606 0.338017 -1.493530 0.653069 -0.507132 
<Inverted_Deviation>
0.005213 0.012233 0.033206 0.018546 0.039883 0.060498 0.058001 0.070711 0.070711 
<LogVarVal> 36.376614
<Mixture> 1 <Weight> 0.047368
<Mean>
2262.926025 159.453873 -5.189635 84.628273 33.914448 2.148538 -59.012531 -29.966713 -0.802718 
<Inverted_Deviation>
0.003777 0.013877 0.028257 0.004574 0.010445 0.034949 0.008374 0.021327 0.054605 
<LogVarVal> 43.415062
<Mixture> 2 <Weight> 0.436842
<Mean>
1601.036133 20.221127 -5.098981 42.219864 12.013101 0.347314 2.013226 2.428043 0.633526 
<Inverted_Deviation>
0.005781 0.009397 0.020689 0.009274 0.019670 0.035288 0.034280 0.056903 0.070711 
<LogVarVal> 39.692291
<State> 1
<NumMixes> 3
<Mixture> 0 <Weight> 0.050542
<Mean>
1069.708374 56.402367 -3.199096 116.933456 -10.904179 -5.602904 -4.516880 -9.753138 1.663915 
<Inverted_Deviation>
0.010059 0.041122 0.070711 0.040359 0.039908 0.070711 0.049236 0.070711 0.070711 
<LogVarVal> 32.980713
<Mixture> 1 <Weight> 0.306859
<Mean>
828.225769 16.398502 1.355257 5.748376 7.077900 0.747046 3.266777 0.954439 -0.143606 
<Inverted_Deviation>
0.011396 0.031582 0.070711 0.012766 0.049860 0.070711 0.032358 0.070711 0.070711 
<LogVarVal> 34.468018
<Mixture> 2 <Weight> 0.642599
<Mean>
652.071533 0.725764 0.850808 8.332558 -0.639951 -0.035924 1.810178 0.006173 -0.049482 
<Inverted_Deviation>
0.015251 0.047202 0.070711 0.020220 0.070711 0.070711 0.059356 0.070711 0.070711 
<LogVarVal> 32.358795
<State> 2
<NumMixes> 3
<Mixture> 0 <Weight> 0.594737
<Mean>
1016.395203 -41.353558 1.613418 16.557302 -0.469442 0.013020 -0.761853 0.402583 -0.022288 
<Inverted_Deviation>
0.004128 0.055516 0.070711 0.055659 0.070711 0.070711 0.070711 0.070711 0.070711 
<LogVarVal> 32.315739
<Mixture> 1 <Weight> 0.205263
<Mean>
1699.190186 -179.951019 35.372074 11.098064 6.197291 -6.606063 -10.162429 5.942495 -0.366918 
<Inverted_Deviation>
0.002709 0.006240 0.012724 0.012792 0.016509 0.026637 0.018817 0.022434 0.032623 
<LogVarVal> 43.784595
<Mixture> 2 <Weight> 0.200000
<Mean>
2875.442871 -158.471481 -42.856823 8.257928 -6.417502 6.109629 -27.357567 -2.377195 0.791408 
<Inverted_Deviation>
0.003113 0.003677 0.008973 0.007005 0.020706 0.018796 0.009088 0.060184 0.063386 
<LogVarVal> 44.324738
<TransP>
-0.048527 -3.049799 -10000000000.000000 
-10000000000.000000 -0.033031 -3.426793 
-10000000000.000000 -10000000000.000000 0.000000 
<EndEmbeddedHMM>
