<NumSuperStates> 5
<NumStates> 3 6 6 6 3 
<NumMixtures> 3 3 3 3 3 3 3 3 3 3 3 3 3 3 3 3 3 3 3 3 3 3 3 3 
<VecSize> 9
<BeginExternalHMM>
<NumStates> 5
<TransP>
-0.087011 -2.484907 -10000000000.000000 -10000000000.000000 -10000000000.000000 
-10000000000.000000 -0.063179 -2.793208 -10000000000.000000 -10000000000.000000 
-10000000000.000000 -10000000000.000000 -0.065958 -2.751535 -10000000000.000000 
-10000000000.000000 -10000000000.000000 -10000000000.000000 -0.065958 -2.751535 
-10000000000.000000 -10000000000.000000 -10000000000.000000 -10000000000.000000 0.000000 
<EndExternalHMM>
<BeginEmbeddedHMM>
<NumStates> 3
<State> 0
<NumMixes> 3
<Mixture> 0 <Weight> 0.152344
<Mean>
2656.181152 107.744339 -56.697685 -14.002584 14.047004 -3.937737 0.075325 -1.105442 2.036406 
<Inverted_Deviation>
0.003705 0.003461 0.007670 0.010182 0.010801 0.022088 0.038223 0.037712 0.039074 
<LogVarVal> 43.998466
<Mixture> 1 <Weight> 0.595703
<Mean>
562.535522 -3.385613 11.517337 -42.981747 7.872898 -0.608935 2.692286 0.769094 0.164791 
<Inverted_Deviation>
0.004151 0.006653 0.018623 0.011581 0.021023 0.034295 0.046842 0.061248 0.070711 
<LogVarVal> 39.828003
<Mixture> 2 <Weight> 0.251953
<Mean>
1250.383057 148.403534 4.215756 -69.251541 -21.024794 3.829121 -9.434658 -1.110088 -1.710520 
<Inverted_Deviation>
0.002603 0.002288 0.006703 0.006683 0.015250 0.015388 0.029783 0.038135 0.043410 
<LogVarVal> 45.470860
<State> 1
<NumMixes> 3
<Mixture> 0 <Weight> 0.238449
<Mean>
554.541138 14.567294 -0.860487 -46.676121 -0.418730 0.252458 -2.741604 -0.144854 0.124633 
<Inverted_Deviation>
0.008050 0.024802 0.070711 0.022668 0.061872 0.070711 0.070711 0.070711 0.070711 
<LogVarVal> 33.485447
<Mixture> 1 <Weight> 0.037129
<Mean>
148.518524 3.366091 0.561575 -27.657495 1.668598 0.430467 1.684797 1.001941 0.206791 
<Inverted_Deviation>
0.014090 0.061651 0.070711 0.059037 0.070711 0.070711 0.070711 0.070711 0.070711 
<LogVarVal> 30.924364
<Mixture> 2 <Weight> 0.724422
<Mean>
309.889313 5.457983 0.338888 -25.212666 -0.332918 -0.124750 1.215917 0.068665 -0.024315 
<Inverted_Deviation>
0.011889 0.041787 0.070711 0.037864 0.070711 0.070711 0.070711 0.070711 0.070711 
<LogVarVal> 31.927301
<State> 2
<NumMixes> 3
<Mixture> 0 <Weight> 0.629425
<Mean>
157.640823 5.085897 1.025797 -11.182640 -0.377246 -0.100909 0.150220 -0.225749 0.034381 
<Inverted_Deviation>
0.019292 0.041819 0.070711 0.054300 0.070711 0.070711 0.070711 0.070711 0.070711 
<LogVarVal> 31.081932
<Mixture> 1 <Weight> 0.334071
<Mean>
27.394880 3.602913 0.519617 -8.562060 -0.984814 0.023234 1.110059 0.043453 -0.061126 
<Inverted_Deviation>
0.025514 0.070711 0.070711 0.070711 0.070711 0.070711 0.070711 0.070711 0.070711 
<LogVarVal> 30.013075
<Mixture> 2 <Weight> 0.036504
<Mean>
280.489929 6.945720 5.512234 -2.304904 0.218544 0.216841 -5.261940 -0.234467 0.124208 
<Inverted_Deviation>
0.020948 0.010732 0.029545 0.024984 0.031854 0.059813 0.048352 0.061059 0.070711 
<LogVarVal> 35.500328
<TransP>
-0.072907 -2.654806 -10000000000.000000 
-10000000000.000000 -0.030153 -3.516508 
-10000000000.000000 -10000000000.000000 0.000000 
<EndEmbeddedHMM>
<BeginEmbeddedHMM>
<NumStates> 6
<State> 0
<NumMixes> 3
<Mixture> 0 <Weight> 0.262467
<Mean>
2683.099121 29.174746 -17.382568 25.543022 16.695225 -6.266482 -34.586903 5.744814 -1.501805 
<Inverted_Deviation>
0.005284 0.008736 0.016132 0.005084 0.012993 0.032419 0.008646 0.044668 0.058665 
<LogVarVal> 43.010803
<Mixture> 1 <Weight> 0.451444
<Mean>
799.061890 -106.236191 81.631393 -56.628613 -0.258788 -2.241863 6.630935 2.405797 -0.496409 
<Inverted_Deviation>
0.002584 0.002418 0.006316 0.012356 0.011972 0.019974 0.029467 0.026747 0.036347 
<LogVarVal> 45.391651
<Mixture> 2 <Weight> 0.286089
<Mean>
1632.666748 49.059971 -67.422295 -17.530903 3.899851 12.459670 15.815342 -6.967921 2.158035 
<Inverted_Deviation>
0.002794 0.001664 0.004581 0.002543 0.006985 0.010923 0.005476 0.011091 0.017917 
<LogVarVal> 52.001671
<State> 1
<NumMixes> 3
<Mixture> 0 <Weight> 0.296474
<Mean>
1096.703613 66.535873 -3.549045 -36.842003 4.139043 -1.155142 11.258211 -1.651454 -0.102471 
<Inverted_Deviation>
0.005099 0.006953 0.018287 0.005386 0.011338 0.021083 0.009765 0.015275 0.024407 
<LogVarVal> 45.486420
<Mixture> 1 <Weight> 0.141026
<Mean>
619.396790 36.595097 22.059505 -6.068573 6.284012 2.423497 15.727358 2.828687 -0.413553 
<Inverted_Deviation>
0.005293 0.005308 0.018985 0.005614 0.013102 0.025339 0.013844 0.021915 0.034562 
<LogVarVal> 44.253761
<Mixture> 2 <Weight> 0.562500
<Mean>
1645.746582 42.117126 -14.220874 -21.584068 -5.846666 -1.129848 -5.579997 0.012812 0.240857 
<Inverted_Deviation>
0.003569 0.008208 0.024210 0.012989 0.022037 0.043833 0.027474 0.042538 0.061800 
<LogVarVal> 40.132046
<State> 2
<NumMixes> 3
<Mixture> 0 <Weight> 0.269355
<Mean>
539.162659 -14.036654 6.090686 -20.763214 -4.707239 0.200445 15.641111 0.093735 -0.431602 
<Inverted_Deviation>
0.006984 0.015130 0.052567 0.007903 0.031033 0.064485 0.021774 0.050041 0.070711 
<LogVarVal> 37.777824
<Mixture> 1 <Weight> 0.261290
<Mean>
1059.529175 32.666595 -5.560733 -36.461212 -2.984163 0.271102 -4.140390 0.328767 0.166846 
<Inverted_Deviation>
0.007475 0.012122 0.063581 0.020628 0.049062 0.070711 0.070711 0.070711 0.070711 
<LogVarVal> 34.707973
<Mixture> 2 <Weight> 0.469355
<Mean>
820.870850 9.404566 0.590830 -29.928228 -0.050227 -0.025744 -6.118773 -0.327661 0.049487 
<Inverted_Deviation>
0.010261 0.013617 0.057772 0.013950 0.049498 0.070711 0.039314 0.070711 0.070711 
<LogVarVal> 35.340176
<State> 3
<NumMixes> 3
<Mixture> 0 <Weight> 0.376437
<Mean>
697.143555 21.433998 -1.012407 -9.922747 0.161945 0.155000 -2.661402 0.267594 0.222345 
<Inverted_Deviation>
0.014896 0.022861 0.070711 0.031132 0.069260 0.070711 0.070711 0.070711 0.070711 
<LogVarVal> 32.521488
<Mixture> 1 <Weight> 0.060345
<Mean>
449.853149 22.849518 1.601396 6.490111 -2.404696 -1.092597 22.313313 -2.720689 -2.184909 
<Inverted_Deviation>
0.019049 0.020036 0.029259 0.020708 0.022678 0.035071 0.030336 0.035362 0.058981 
<LogVarVal> 37.235901
<Mixture> 2 <Weight> 0.563218
<Mean>
554.131897 10.581093 1.984052 -4.132272 0.825134 -0.262609 -1.889943 0.057222 -0.093123 
<Inverted_Deviation>
0.017961 0.024006 0.069095 0.025995 0.058830 0.070711 0.067652 0.070711 0.070711 
<LogVarVal> 32.696400
<State> 4
<NumMixes> 3
<Mixture> 0 <Weight> 0.026107
<Mean>
523.822449 156.135223 -31.875027 -8.899795 3.437170 -1.786629 -7.489635 -13.923570 5.514993 
<Inverted_Deviation>
0.007782 0.011194 0.010193 0.008466 0.009626 0.017897 0.017678 0.020665 0.030987 
<LogVarVal> 43.912586
<Mixture> 1 <Weight> 0.553916
<Mean>
458.533966 -2.534052 -1.091825 -11.296808 -0.023546 0.191861 -5.519439 0.485075 0.003420 
<Inverted_Deviation>
0.012804 0.023033 0.054940 0.016608 0.036291 0.070711 0.042156 0.070711 0.070711 
<LogVarVal> 34.709545
<Mixture> 2 <Weight> 0.419977
<Mean>
295.654938 0.685311 2.971361 -10.353242 1.122894 -0.339368 9.069297 0.415295 -0.124900 
<Inverted_Deviation>
0.012832 0.025890 0.053485 0.013550 0.049636 0.070711 0.038205 0.070711 0.070711 
<LogVarVal> 34.606010
<State> 5
<NumMixes> 3
<Mixture> 0 <Weight> 0.288000
<Mean>
410.360321 19.343046 -17.723404 -37.416702 3.695480 3.709146 5.814458 1.300456 -0.531773 
<Inverted_Deviation>
0.009154 0.006583 0.021723 0.008616 0.025968 0.070711 0.014180 0.045612 0.070711 
<LogVarVal> 39.744278
<Mixture> 1 <Weight> 0.032000
<Mean>
796.916687 -65.556450 -21.125790 -155.134094 7.917585 -3.001333 -103.361115 5.668331 4.427025 
<Inverted_Deviation>
0.006478 0.010809 0.028411 0.004666 0.040912 0.070711 0.008008 0.033591 0.061210 
<LogVarVal> 40.506119
<Mixture> 2 <Weight> 0.680000
<Mean>
157.020920 17.857660 13.192589 -7.634056 0.335643 -0.949399 2.096678 -0.744237 -0.022814 
<Inverted_Deviation>
0.009219 0.012200 0.029991 0.036563 0.056998 0.070711 0.067020 0.070711 0.070711 
<LogVarVal> 34.574646
<TransP>
-0.137664 -2.050979 -10000000000.000000 -10000000000.000000 -10000000000.000000 -10000000000.000000 
-10000000000.000000 -0.081780 -2.544330 -10000000000.000000 -10000000000.000000 -10000000000.000000 
-10000000000.000000 -10000000000.000000 -0.082330 -2.537899 -10000000000.000000 -10000000000.000000 
-10000000000.000000 -10000000000.000000 -10000000000.000000 -0.073003 -2.653529 -10000000000.000000 
-10000000000.000000 -10000000000.000000 -10000000000.000000 -10000000000.000000 -0.057225 -2.889237 
-10000000000.000000 -10000000000.000000 -10000000000.000000 -10000000000.000000 -10000000000.000000 0.000000 
<EndEmbeddedHMM>
<BeginEmbeddedHMM>
<NumStates> 6
<State> 0
<NumMixes> 3
<Mixture> 0 <Weight> 0.363914
<Mean>
2336.205811 50.590233 -35.931641 -14.958648 13.170946 -0.335752 -3.296685 -1.506913 1.185436 
<Inverted_Deviation>
0.004424 0.003815 0.008051 0.009803 0.015392 0.020030 0.018347 0.028334 0.033351 
<LogVarVal> 44.634945
<Mixture> 1 <Weight> 0.354740
<Mean>
1843.501831 -56.442680 -13.571341 -30.551434 -11.492985 -0.065162 -5.944807 -3.180686 -1.730987 
<Inverted_Deviation>
0.005218 0.002710 0.005734 0.006032 0.010065 0.016648 0.012538 0.019816 0.026991 
<LogVarVal> 47.196453
<Mixture> 2 <Weight> 0.281346
<Mean>
1366.641602 -91.007736 80.304543 -35.871716 -18.963642 -0.455455 4.738266 3.273126 0.081649 
<Inverted_Deviation>
0.003533 0.002881 0.009196 0.006305 0.010299 0.017752 0.012236 0.013862 0.019688 
<LogVarVal> 47.618431
<State> 1
<NumMixes> 3
<Mixture> 0 <Weight> 0.323587
<Mean>
2015.041504 38.544666 -5.078028 -9.825307 1.516439 0.246743 -0.979772 -0.077903 -0.084082 
<Inverted_Deviation>
0.005643 0.016253 0.053111 0.046630 0.070711 0.070711 0.070711 0.070711 0.070711 
<LogVarVal> 33.694744
<Mixture> 1 <Weight> 0.385965
<Mean>
1147.427368 17.852983 2.391325 -17.758413 -0.002305 -0.289202 -1.271251 -0.319934 0.131028 
<Inverted_Deviation>
0.006469 0.020172 0.070711 0.026081 0.065979 0.070711 0.070711 0.070711 0.070711 
<LogVarVal> 33.706188
<Mixture> 2 <Weight> 0.290448
<Mean>
1583.408203 53.144398 -0.045236 -20.927494 -1.039512 -0.086852 -0.530432 0.038317 0.134419 
<Inverted_Deviation>
0.005815 0.022222 0.070711 0.026142 0.057135 0.070711 0.070711 0.070711 0.070711 
<LogVarVal> 33.857628
<State> 2
<NumMixes> 3
<Mixture> 0 <Weight> 0.434911
<Mean>
1598.849487 6.835372 -26.139214 4.348846 -15.335752 -0.129814 -25.269306 0.590887 1.895976 
<Inverted_Deviation>
0.004696 0.005069 0.011348 0.005783 0.013166 0.019938 0.013980 0.022559 0.030765 
<LogVarVal> 45.216953
<Mixture> 1 <Weight> 0.091716
<Mean>
960.513428 28.781038 13.150092 149.200317 16.726810 -10.988771 -9.003233 -2.098441 1.476485 
<Inverted_Deviation>
0.005008 0.008380 0.028076 0.004119 0.016351 0.047438 0.014336 0.028623 0.054897 
<LogVarVal> 42.157318
<Mixture> 2 <Weight> 0.473373
<Mean>
1271.504028 20.541586 7.603142 -12.678060 10.279373 2.394490 2.938229 0.841073 -2.556535 
<Inverted_Deviation>
0.007607 0.005681 0.016927 0.008072 0.014754 0.029331 0.021823 0.031408 0.048995 
<LogVarVal> 42.145718
<State> 3
<NumMixes> 3
<Mixture> 0 <Weight> 0.189310
<Mean>
985.785217 130.275589 2.774461 -15.037455 1.148488 1.606776 -1.037691 -0.210845 0.190550 
<Inverted_Deviation>
0.006868 0.023858 0.045839 0.024034 0.070711 0.070711 0.070711 0.070711 0.070711 
<LogVarVal> 33.924500
<Mixture> 1 <Weight> 0.398664
<Mean>
698.036926 47.424187 3.616226 -12.847422 5.839275 0.855929 -6.156599 -0.420431 0.522864 
<Inverted_Deviation>
0.012175 0.014303 0.052299 0.022211 0.043565 0.070711 0.057479 0.070711 0.070711 
<LogVarVal> 34.502201
<Mixture> 2 <Weight> 0.412027
<Mean>
514.036011 10.260362 6.717383 -10.011604 -8.141078 -0.404519 3.032564 -0.294603 -0.814188 
<Inverted_Deviation>
0.012002 0.015934 0.058113 0.015925 0.040467 0.070711 0.066436 0.070711 0.070711 
<LogVarVal> 34.564762
<State> 4
<NumMixes> 3
<Mixture> 0 <Weight> 0.501033
<Mean>
531.174011 -0.069546 1.013180 -1.567483 -0.043048 -0.216321 -0.305608 0.104959 0.049172 
<Inverted_Deviation>
0.024237 0.051874 0.070711 0.062685 0.070711 0.070711 0.070711 0.070711 0.070711 
<LogVarVal> 30.494698
<Mixture> 1 <Weight> 0.140496
<Mean>
659.131226 0.804661 0.148310 -3.149462 -0.465583 -0.231429 -0.519375 0.282588 -0.014864 
<Inverted_Deviation>
0.043566 0.052592 0.070711 0.066762 0.070711 0.070711 0.070711 0.070711 0.070711 
<LogVarVal> 29.831535
<Mixture> 2 <Weight> 0.358471
<Mean>
603.744324 -2.944568 -0.543432 -3.933683 0.897044 -0.210895 -0.819845 0.128314 0.026324 
<Inverted_Deviation>
0.037650 0.052695 0.070711 0.070711 0.070711 0.070711 0.070711 0.070711 0.070711 
<LogVarVal> 29.918043
<State> 5
<NumMixes> 3
<Mixture> 0 <Weight> 0.281734
<Mean>
358.582397 25.634130 7.574631 -5.275328 4.630969 -0.541785 -1.303189 0.090031 0.335973 
<Inverted_Deviation>
0.006494 0.010397 0.017815 0.015076 0.028400 0.053017 0.036380 0.050126 0.052082 
<LogVarVal> 38.737198
<Mixture> 1 <Weight> 0.390093
<Mean>
1110.441406 -71.470940 -0.716243 0.775861 -0.161248 -1.154454 -4.373934 -0.160061 -0.365229 
<Inverted_Deviation>
0.004734 0.018665 0.037699 0.007394 0.039549 0.070711 0.009139 0.061583 0.070711 
<LogVarVal> 38.681557
<Mixture> 2 <Weight> 0.328173
<Mean>
753.791626 -81.963493 3.417203 -9.252765 -3.138759 2.583034 -0.706541 0.146950 0.253216 
<Inverted_Deviation>
0.007424 0.012467 0.020079 0.010767 0.021082 0.032539 0.017517 0.028142 0.049028 
<LogVarVal> 40.793339
<TransP>
-0.155171 -1.939813 -10000000000.000000 -10000000000.000000 -10000000000.000000 -10000000000.000000 
-10000000000.000000 -0.046891 -3.083275 -10000000000.000000 -10000000000.000000 -10000000000.000000 
-10000000000.000000 -10000000000.000000 -0.149723 -1.972898 -10000000000.000000 -10000000000.000000 
-10000000000.000000 -10000000000.000000 -10000000000.000000 -0.110571 -2.256875 -10000000000.000000 
-10000000000.000000 -10000000000.000000 -10000000000.000000 -10000000000.000000 -0.049772 -3.025084 
-10000000000.000000 -10000000000.000000 -10000000000.000000 -10000000000.000000 -10000000000.000000 0.000000 
<EndEmbeddedHMM>
<BeginEmbeddedHMM>
<NumStates> 6
<State> 0
<NumMixes> 3
<Mixture> 0 <Weight> 0.497525
<Mean>
2061.421631 -2.097505 -10.908097 35.777554 0.388475 3.191323 -14.522058 -1.901808 -0.348619 
<Inverted_Deviation>
0.004550 0.008952 0.016843 0.006354 0.010944 0.020667 0.010521 0.018979 0.029319 
<LogVarVal> 44.844765
<Mixture> 1 <Weight> 0.398515
<Mean>
1530.465332 -35.558155 -4.070951 101.407021 15.975264 -5.267339 7.271403 4.526609 4.520555 
<Inverted_Deviation>
0.004699 0.005290 0.011005 0.005809 0.009832 0.013323 0.012800 0.015672 0.020484 
<LogVarVal> 46.754116
<Mixture> 2 <Weight> 0.103960
<Mean>
1088.807617 -7.095828 51.691216 103.833694 -53.796009 1.990669 35.365242 -6.187683 -15.142186 
<Inverted_Deviation>
0.004383 0.003646 0.009452 0.005233 0.008181 0.009133 0.012160 0.015775 0.013823 
<LogVarVal> 48.451675
<State> 1
<NumMixes> 3
<Mixture> 0 <Weight> 0.509918
<Mean>
1955.341919 19.313667 -2.431290 5.643187 1.519538 0.428272 -1.584950 0.043407 0.088161 
<Inverted_Deviation>
0.007120 0.029062 0.070711 0.039286 0.070711 0.070711 0.070711 0.070711 0.070711 
<LogVarVal> 32.766277
<Mixture> 1 <Weight> 0.215869
<Mean>
1323.353271 36.779434 2.100492 -23.837664 10.278636 0.011879 2.563873 1.032156 -0.223872 
<Inverted_Deviation>
0.007551 0.015908 0.047966 0.013117 0.039597 0.070711 0.053119 0.070711 0.070711 
<LogVarVal> 35.661076
<Mixture> 2 <Weight> 0.274212
<Mean>
1635.581177 43.547077 -1.262570 -4.981477 -0.220418 -0.228366 -2.085333 -0.225786 -0.194542 
<Inverted_Deviation>
0.008066 0.021339 0.058614 0.016803 0.042247 0.070711 0.070711 0.070711 0.070711 
<LogVarVal> 34.502396
<State> 2
<NumMixes> 3
<Mixture> 0 <Weight> 0.201342
<Mean>
1490.874146 37.353771 -15.106778 49.999638 -24.354534 -1.032541 -38.523201 0.669795 3.174933 
<Inverted_Deviation>
0.005722 0.006810 0.017728 0.005911 0.011298 0.020711 0.013204 0.021255 0.035149 
<LogVarVal> 44.354439
<Mixture> 1 <Weight> 0.463087
<Mean>
1135.156616 50.528835 -1.683750 24.032934 0.649441 -2.016317 5.971375 -3.349854 -0.135805 
<Inverted_Deviation>
0.008047 0.008026 0.018010 0.004724 0.014231 0.028784 0.009943 0.018802 0.035555 
<LogVarVal> 43.892548
<Mixture> 2 <Weight> 0.335570
<Mean>
839.305420 43.403336 8.513172 -29.262928 1.953352 3.735309 41.035553 0.901366 -1.385842 
<Inverted_Deviation>
0.005199 0.009863 0.029906 0.005474 0.013260 0.035728 0.007507 0.020111 0.051150 
<LogVarVal> 43.173141
<State> 3
<NumMixes> 3
<Mixture> 0 <Weight> 0.386813
<Mean>
438.106537 -2.350667 4.957773 11.356985 -5.233187 -0.003340 17.818832 2.373903 -0.530298 
<Inverted_Deviation>
0.015733 0.023158 0.067598 0.012635 0.034729 0.070711 0.019135 0.051177 0.070711 
<LogVarVal> 35.721294
<Mixture> 1 <Weight> 0.307692
<Mean>
582.920837 36.667053 2.731592 10.605906 6.011253 -1.340185 -3.186687 -2.190080 0.002945 
<Inverted_Deviation>
0.014276 0.015494 0.047287 0.009531 0.033613 0.070711 0.023214 0.046823 0.070711 
<LogVarVal> 36.788036
<Mixture> 2 <Weight> 0.305495
<Mean>
801.943787 49.570915 -0.028099 15.335569 2.076712 0.255421 -6.990747 2.037942 0.711959 
<Inverted_Deviation>
0.009434 0.010745 0.024159 0.014608 0.030466 0.057468 0.035718 0.062259 0.070711 
<LogVarVal> 37.402714
<State> 4
<NumMixes> 3
<Mixture> 0 <Weight> 0.538084
<Mean>
526.356201 -2.291821 1.069211 1.013492 0.063721 0.207053 -0.481333 0.238003 0.023840 
<Inverted_Deviation>
0.024584 0.048857 0.070711 0.047250 0.070711 0.070711 0.070711 0.070711 0.070711 
<LogVarVal> 30.823040
<Mixture> 1 <Weight> 0.425061
<Mean>
632.398193 -5.190135 0.173053 2.393433 1.006203 -0.300272 -0.748229 -0.477386 0.074977 
<Inverted_Deviation>
0.023744 0.045039 0.070711 0.063242 0.070711 0.070711 0.070711 0.070711 0.070711 
<LogVarVal> 30.647659
<Mixture> 2 <Weight> 0.036855
<Mean>
806.705566 -118.549088 6.340223 -42.925995 12.438077 13.127817 0.983670 5.107646 -2.431036 
<Inverted_Deviation>
0.010266 0.029817 0.023576 0.059260 0.031534 0.041026 0.070711 0.070711 0.070711 
<LogVarVal> 34.413967
<State> 5
<NumMixes> 3
<Mixture> 0 <Weight> 0.389868
<Mean>
915.291687 -49.706326 -4.589463 -44.405216 1.449853 0.967414 -11.920989 0.651687 1.246558 
<Inverted_Deviation>
0.006174 0.015963 0.031052 0.004378 0.017155 0.039057 0.006225 0.022131 0.045755 
<LogVarVal> 42.562057
<Mixture> 1 <Weight> 0.248899
<Mean>
448.043457 -18.201189 9.637815 34.199497 -2.667508 -2.255476 18.070448 -0.539112 -0.624443 
<Inverted_Deviation>
0.005061 0.007432 0.017655 0.008848 0.017973 0.030299 0.021100 0.035565 0.052050 
<LogVarVal> 41.769714
<Mixture> 2 <Weight> 0.361233
<Mean>
1273.100586 -49.957237 0.675489 -9.360778 2.522922 -0.834904 -3.712516 -1.246764 -0.550091 
<Inverted_Deviation>
0.004956 0.026108 0.056492 0.007676 0.049196 0.070711 0.008956 0.070711 0.070711 
<LogVarVal> 37.522060
<TransP>
-0.123679 -2.151267 -10000000000.000000 -10000000000.000000 -10000000000.000000 -10000000000.000000 
-10000000000.000000 -0.056404 -2.903290 -10000000000.000000 -10000000000.000000 -10000000000.000000 
-10000000000.000000 -10000000000.000000 -0.111094 -2.252411 -10000000000.000000 -10000000000.000000 
-10000000000.000000 -10000000000.000000 -10000000000.000000 -0.109030 -2.270150 -10000000000.000000 
-10000000000.000000 -10000000000.000000 -10000000000.000000 -10000000000.000000 -0.059474 -2.851813 
-10000000000.000000 -10000000000.000000 -10000000000.000000 -10000000000.000000 -10000000000.000000 0.000000 
<EndEmbeddedHMM>
<BeginEmbeddedHMM>
<NumStates> 3
<State> 0
<NumMixes> 3
<Mixture> 0 <Weight> 0.287625
<Mean>
617.677612 61.247707 30.582735 23.011326 -11.431073 8.270701 5.841334 -2.392035 -0.501838 
<Inverted_Deviation>
0.003390 0.006248 0.009961 0.013002 0.014233 0.023384 0.028828 0.035362 0.041220 
<LogVarVal> 42.950764
<Mixture> 1 <Weight> 0.082497
<Mean>
897.469421 -332.325134 -31.641298 139.223816 8.448736 -41.793148 2.349992 18.337893 2.577713 
<Inverted_Deviation>
0.003488 0.006667 0.006169 0.008512 0.008303 0.011310 0.035675 0.019652 0.015026 
<LogVarVal> 46.408794
<Mixture> 2 <Weight> 0.629877
<Mean>
1380.515137 15.977637 -11.344610 21.948332 3.092781 1.424760 -3.049371 -1.229611 0.109071 
<Inverted_Deviation>
0.005072 0.007428 0.016151 0.012608 0.017426 0.029090 0.038617 0.039987 0.052276 
<LogVarVal> 40.848576
<State> 1
<NumMixes> 3
<Mixture> 0 <Weight> 0.474359
<Mean>
1297.810425 30.781496 -1.202287 4.680053 -2.001316 0.201523 -4.580751 0.425425 -0.072842 
<Inverted_Deviation>
0.005571 0.020728 0.070711 0.012812 0.043279 0.070711 0.047559 0.070711 0.070711 
<LogVarVal> 35.357571
<Mixture> 1 <Weight> 0.294872
<Mean>
904.169067 48.030281 0.552107 24.368486 2.867410 -0.182085 -1.320836 -1.699070 0.070103 
<Inverted_Deviation>
0.007259 0.022891 0.067718 0.008777 0.039855 0.070711 0.029323 0.070711 0.070711 
<LogVarVal> 35.981289
<Mixture> 2 <Weight> 0.230769
<Mean>
647.322815 26.580225 2.901891 -4.563703 0.851818 0.319471 5.292883 0.096920 -0.677681 
<Inverted_Deviation>
0.008447 0.021951 0.063497 0.012191 0.039328 0.070711 0.025018 0.070711 0.070711 
<LogVarVal> 35.779453
<State> 2
<NumMixes> 3
<Mixture> 0 <Weight> 0.421561
<Mean>
277.427582 1.823174 2.456525 5.800013 2.012477 0.179365 2.055418 -0.092069 -0.351911 
<Inverted_Deviation>
0.008766 0.020067 0.053830 0.027721 0.046531 0.070711 0.070711 0.070711 0.070711 
<LogVarVal> 33.968548
<Mixture> 1 <Weight> 0.551086
<Mean>
511.103027 4.993378 -0.954634 17.240166 -3.664282 0.177760 0.725342 -0.369928 0.451927 
<Inverted_Deviation>
0.008819 0.026202 0.070711 0.021122 0.059648 0.070711 0.070711 0.070711 0.070711 
<LogVarVal> 33.446552
<Mixture> 2 <Weight> 0.027353
<Mean>
1124.558716 -104.611946 2.765350 218.667145 -8.550510 -3.340873 -12.064755 11.946189 -1.879764 
<Inverted_Deviation>
0.002662 0.033704 0.070711 0.007356 0.016209 0.070711 0.009058 0.020381 0.061728 
<LogVarVal> 40.185024
<TransP>
-0.045618 -3.110176 -10000000000.000000 
-10000000000.000000 -0.052644 -2.970414 
-10000000000.000000 -10000000000.000000 0.000000 
<EndEmbeddedHMM>
