<NumSuperStates> 5
<NumStates> 3 6 6 6 3 
<NumMixtures> 3 3 3 3 3 3 3 3 3 3 3 3 3 3 3 3 3 3 3 3 3 3 3 3 
<VecSize> 9
<BeginExternalHMM>
<NumStates> 5
<TransP>
-0.067189 -2.733646 -10000000000.000000 -10000000000.000000 -10000000000.000000 
-10000000000.000000 -0.066940 -2.737249 -10000000000.000000 -10000000000.000000 
-10000000000.000000 -10000000000.000000 -0.101210 -2.340737 -10000000000.000000 
-10000000000.000000 -10000000000.000000 -10000000000.000000 -0.042762 -3.173414 
-10000000000.000000 -10000000000.000000 -10000000000.000000 -10000000000.000000 0.000000 
<EndExternalHMM>
<BeginEmbeddedHMM>
<NumStates> 3
<State> 0
<NumMixes> 3
<Mixture> 0 <Weight> 0.364327
<Mean>
1046.670044 -3.951338 -5.775769 23.200220 -5.793865 -0.629844 -7.963352 -0.001245 0.286002 
<Inverted_Deviation>
0.006346 0.006473 0.037965 0.011345 0.041118 0.067517 0.041094 0.070711 0.070711 
<LogVarVal> 37.378353
<Mixture> 1 <Weight> 0.172776
<Mean>
1421.122559 34.767033 -12.630449 1.186463 -10.260766 -0.254632 -4.325591 0.057194 0.205123 
<Inverted_Deviation>
0.005202 0.008936 0.035143 0.017992 0.034043 0.070711 0.047884 0.070711 0.070711 
<LogVarVal> 36.860329
<Mixture> 2 <Weight> 0.462897
<Mean>
606.885742 -1.327775 13.327982 6.851883 7.979280 0.364320 1.145902 0.332897 -0.237321 
<Inverted_Deviation>
0.004353 0.008228 0.041362 0.020961 0.048438 0.070711 0.070711 0.070711 0.070711 
<LogVarVal> 36.063026
<State> 1
<NumMixes> 3
<Mixture> 0 <Weight> 0.529058
<Mean>
1170.543701 2.579080 -0.561967 -0.870231 0.460444 -0.046191 -2.028865 -0.049677 0.022419 
<Inverted_Deviation>
0.013744 0.055719 0.070711 0.035733 0.070711 0.070711 0.070711 0.070711 0.070711 
<LogVarVal> 31.552481
<Mixture> 1 <Weight> 0.104913
<Mean>
594.429138 6.108154 -0.318414 -21.271458 0.402196 -0.072497 -0.903631 0.029999 -0.028151 
<Inverted_Deviation>
0.006186 0.064196 0.070711 0.051377 0.070711 0.070711 0.070711 0.070711 0.070711 
<LogVarVal> 31.846153
<Mixture> 2 <Weight> 0.366029
<Mean>
1035.351807 5.407024 0.050596 -6.102718 0.378125 -0.077666 -0.139646 0.012876 -0.037914 
<Inverted_Deviation>
0.015670 0.061455 0.070711 0.044197 0.070711 0.070711 0.070711 0.070711 0.070711 
<LogVarVal> 31.110790
<State> 2
<NumMixes> 3
<Mixture> 0 <Weight> 0.421760
<Mean>
882.770569 22.827244 -3.919736 -19.838533 3.744977 -0.523609 -2.880672 0.342172 0.009860 
<Inverted_Deviation>
0.009709 0.014827 0.070212 0.023523 0.070711 0.070711 0.070711 0.070711 0.070711 
<LogVarVal> 33.649090
<Mixture> 1 <Weight> 0.170785
<Mean>
523.319214 119.853065 -7.692975 -56.063316 5.259813 2.711119 -4.662676 -1.247248 0.873488 
<Inverted_Deviation>
0.005434 0.008790 0.039051 0.013437 0.049808 0.070711 0.060123 0.070711 0.070711 
<LogVarVal> 36.411610
<Mixture> 2 <Weight> 0.407456
<Mean>
85.467445 22.803310 11.766037 -10.615863 -9.916686 -0.047934 1.704357 -0.247974 -0.363793 
<Inverted_Deviation>
0.008582 0.011312 0.042488 0.021249 0.040952 0.070711 0.054597 0.070711 0.070711 
<LogVarVal> 35.451927
<TransP>
-0.063913 -2.782021 -10000000000.000000 
-10000000000.000000 -0.025196 -3.693651 
-10000000000.000000 -10000000000.000000 0.000000 
<EndEmbeddedHMM>
<BeginEmbeddedHMM>
<NumStates> 6
<State> 0
<NumMixes> 3
<Mixture> 0 <Weight> 0.549064
<Mean>
631.612793 -13.135231 16.159597 -15.054106 4.394987 1.190565 5.818739 0.934943 -0.426505 
<Inverted_Deviation>
0.006526 0.006315 0.016854 0.011708 0.014716 0.024066 0.018522 0.020721 0.033399 
<LogVarVal> 42.989132
<Mixture> 1 <Weight> 0.306367
<Mean>
1062.584839 85.184311 4.915354 -15.353431 -16.284008 -3.513110 -4.691055 -0.287670 0.107437 
<Inverted_Deviation>
0.004269 0.003723 0.010171 0.006171 0.010845 0.018982 0.013152 0.017910 0.026839 
<LogVarVal> 46.336742
<Mixture> 2 <Weight> 0.144569
<Mean>
2007.759033 120.169647 -41.757832 -35.994251 -5.701006 3.271419 -6.147142 -2.097410 2.274845 
<Inverted_Deviation>
0.002293 0.003448 0.009952 0.007253 0.009397 0.014186 0.013713 0.015508 0.021211 
<LogVarVal> 47.667572
<State> 1
<NumMixes> 3
<Mixture> 0 <Weight> 0.441476
<Mean>
365.364502 19.241251 3.541686 -27.674360 -2.212475 1.341069 21.009157 -1.245201 -0.105012 
<Inverted_Deviation>
0.005827 0.020761 0.070711 0.007053 0.029360 0.070711 0.011499 0.037645 0.070711 
<LogVarVal> 38.346172
<Mixture> 1 <Weight> 0.335304
<Mean>
880.931519 32.701199 -2.740227 -10.971904 -3.828924 0.290768 -18.587460 1.169934 0.221431 
<Inverted_Deviation>
0.005362 0.019352 0.067892 0.005638 0.026032 0.070711 0.007491 0.042720 0.070711 
<LogVarVal> 39.186649
<Mixture> 2 <Weight> 0.223221
<Mean>
631.835022 34.725430 2.031544 171.988464 3.050786 -3.090514 7.313784 -3.600043 -0.108547 
<Inverted_Deviation>
0.006571 0.017081 0.070711 0.007297 0.025826 0.070711 0.006408 0.027286 0.070711 
<LogVarVal> 39.421951
<State> 2
<NumMixes> 3
<Mixture> 0 <Weight> 0.185339
<Mean>
902.241699 -30.781797 -3.985029 95.948944 11.337571 0.194993 -5.556641 0.840371 0.261370 
<Inverted_Deviation>
0.007653 0.032039 0.070711 0.015706 0.056787 0.070711 0.070711 0.070711 0.070711 
<LogVarVal> 33.732704
<Mixture> 1 <Weight> 0.432736
<Mean>
245.164200 -5.665773 12.795111 -17.620432 -0.483596 -1.030899 41.351521 4.589132 -2.070991 
<Inverted_Deviation>
0.007002 0.007251 0.015541 0.005193 0.010498 0.022402 0.012048 0.018524 0.035584 
<LogVarVal> 44.562790
<Mixture> 2 <Weight> 0.381924
<Mean>
544.492371 -42.486004 -13.213513 10.616509 -0.227230 1.061111 -0.424749 0.680604 1.456586 
<Inverted_Deviation>
0.007478 0.011037 0.023684 0.006582 0.023241 0.042940 0.021425 0.035362 0.056430 
<LogVarVal> 40.289845
<State> 3
<NumMixes> 3
<Mixture> 0 <Weight> 0.313073
<Mean>
1028.089722 5.861671 -1.200884 52.902840 -1.956770 0.538199 -10.263368 0.436949 -0.047620 
<Inverted_Deviation>
0.007877 0.049145 0.070711 0.020420 0.070669 0.070711 0.069704 0.070711 0.070711 
<LogVarVal> 32.809212
<Mixture> 1 <Weight> 0.438564
<Mean>
647.339111 15.869368 -2.735503 63.722313 -2.028338 -0.190575 -1.296330 -1.082040 -0.069795 
<Inverted_Deviation>
0.008014 0.019511 0.070711 0.008935 0.051871 0.070711 0.042879 0.070711 0.070711 
<LogVarVal> 35.337467
<Mixture> 2 <Weight> 0.248363
<Mean>
379.712433 22.518719 2.606409 23.799297 -1.501859 -0.258765 5.377219 1.125211 -0.004533 
<Inverted_Deviation>
0.008332 0.016051 0.058077 0.008827 0.031261 0.070711 0.026577 0.054636 0.070711 
<LogVarVal> 36.945374
<State> 4
<NumMixes> 3
<Mixture> 0 <Weight> 0.459943
<Mean>
270.145538 -5.760834 2.263649 0.560826 -1.875196 0.558238 41.368038 -2.522214 -0.843910 
<Inverted_Deviation>
0.007021 0.024531 0.070711 0.005810 0.028158 0.070711 0.008698 0.034218 0.070711 
<LogVarVal> 38.603260
<Mixture> 1 <Weight> 0.357681
<Mean>
514.602417 -17.355545 -0.809176 61.327656 5.872991 -1.266245 -59.194561 2.852500 2.344198 
<Inverted_Deviation>
0.007719 0.017999 0.070711 0.004273 0.021833 0.070711 0.008892 0.026668 0.070711 
<LogVarVal> 39.606876
<Mixture> 2 <Weight> 0.182375
<Mean>
861.441772 -0.715198 -4.047021 76.055763 13.959002 -0.169142 -24.413298 -0.871860 0.092095 
<Inverted_Deviation>
0.008495 0.020281 0.070711 0.008105 0.031184 0.070711 0.024698 0.057849 0.070711 
<LogVarVal> 36.599178
<State> 5
<NumMixes> 3
<Mixture> 0 <Weight> 0.260484
<Mean>
721.484802 10.364795 -19.063116 13.996924 28.398937 -0.308041 -21.028879 -1.135487 2.211242 
<Inverted_Deviation>
0.008155 0.006955 0.024359 0.007834 0.015754 0.030638 0.015898 0.023400 0.033397 
<LogVarVal> 42.424911
<Mixture> 1 <Weight> 0.295943
<Mean>
408.625854 95.748718 -0.042603 -0.406938 -24.011824 1.887039 33.198528 1.127118 -2.725900 
<Inverted_Deviation>
0.007284 0.005920 0.017634 0.005125 0.010006 0.021212 0.007819 0.011570 0.029957 
<LogVarVal> 45.790554
<Mixture> 2 <Weight> 0.443573
<Mean>
74.463379 22.189772 16.180449 -1.729078 -1.357511 -1.384331 5.393088 -0.521347 -0.512787 
<Inverted_Deviation>
0.010204 0.011259 0.028007 0.021556 0.030009 0.060082 0.042421 0.064199 0.070711 
<LogVarVal> 36.508545
<TransP>
-0.109949 -2.262213 -10000000000.000000 -10000000000.000000 -10000000000.000000 -10000000000.000000 
-10000000000.000000 -0.067997 -2.722100 -10000000000.000000 -10000000000.000000 -10000000000.000000 
-10000000000.000000 -10000000000.000000 -0.123055 -2.156019 -10000000000.000000 -10000000000.000000 
-10000000000.000000 -10000000000.000000 -10000000000.000000 -0.075621 -2.619599 -10000000000.000000 
-10000000000.000000 -10000000000.000000 -10000000000.000000 -10000000000.000000 -0.067748 -2.725641 
-10000000000.000000 -10000000000.000000 -10000000000.000000 -10000000000.000000 -10000000000.000000 0.000000 
<EndEmbeddedHMM>
<BeginEmbeddedHMM>
<NumStates> 6
<State> 0
<NumMixes> 3
<Mixture> 0 <Weight> 0.165541
<Mean>
2233.339111 225.875900 -77.400810 -27.933474 12.023685 7.007085 -4.503664 0.082881 1.261972 
<Inverted_Deviation>
0.002698 0.002672 0.007185 0.014055 0.020319 0.023033 0.029776 0.041432 0.048318 
<LogVarVal> 43.586727
<Mixture> 1 <Weight> 0.316216
<Mean>
1300.534180 174.059586 55.128048 -45.869675 -8.940360 -6.467590 -6.454557 0.070341 -1.526285 
<Inverted_Deviation>
0.004236 0.002763 0.005253 0.013174 0.016872 0.020489 0.035362 0.032966 0.045175 
<LogVarVal> 43.906879
<Mixture> 2 <Weight> 0.518243
<Mean>
793.100525 -0.784514 18.162153 -25.343204 -10.634908 2.154629 9.307374 -1.808597 0.443161 
<Inverted_Deviation>
0.004354 0.005485 0.010296 0.006918 0.009829 0.016482 0.013608 0.015224 0.024598 
<LogVarVal> 46.258255
<State> 1
<NumMixes> 3
<Mixture> 0 <Weight> 0.272472
<Mean>
589.283325 -0.020917 3.326381 -133.433868 4.172131 1.671069 -3.714851 0.653361 -0.125525 
<Inverted_Deviation>
0.006965 0.020148 0.070711 0.009970 0.030247 0.070711 0.007116 0.030818 0.070711 
<LogVarVal> 38.501804
<Mixture> 1 <Weight> 0.264607
<Mean>
658.075684 18.236462 -0.123829 78.551170 -2.126253 -2.344175 7.665696 -1.172826 0.838590 
<Inverted_Deviation>
0.008227 0.031215 0.070711 0.008675 0.029407 0.070711 0.007160 0.035291 0.070711 
<LogVarVal> 37.923107
<Mixture> 2 <Weight> 0.462921
<Mean>
926.624390 23.021412 -1.172213 -22.572630 1.331022 0.290571 -12.960338 0.759466 -0.087241 
<Inverted_Deviation>
0.005748 0.018021 0.070711 0.012805 0.030767 0.070711 0.020587 0.060469 0.070711 
<LogVarVal> 36.801888
<State> 2
<NumMixes> 3
<Mixture> 0 <Weight> 0.337799
<Mean>
736.391907 -52.003353 -23.260988 -58.612617 3.169833 10.142756 -21.658794 6.424080 0.312975 
<Inverted_Deviation>
0.006980 0.006047 0.012437 0.005719 0.010418 0.017768 0.010829 0.017463 0.021031 
<LogVarVal> 45.804939
<Mixture> 1 <Weight> 0.234450
<Mean>
1169.375488 -29.008854 -17.327875 -45.220196 -19.679770 -5.128591 -12.641720 -3.506924 0.009324 
<Inverted_Deviation>
0.006297 0.009515 0.029016 0.013969 0.025460 0.054788 0.045390 0.058926 0.070711 
<LogVarVal> 37.832657
<Mixture> 2 <Weight> 0.427751
<Mean>
427.962463 4.334605 25.101448 -16.580008 9.839495 -5.990401 14.190019 -1.832770 -0.918767 
<Inverted_Deviation>
0.007247 0.004198 0.007558 0.007217 0.008436 0.010162 0.013454 0.012757 0.017534 
<LogVarVal> 47.446274
<State> 3
<NumMixes> 3
<Mixture> 0 <Weight> 0.267228
<Mean>
445.611450 23.833101 15.042623 -39.163166 -49.920975 3.383953 43.024788 -12.461975 -2.697147 
<Inverted_Deviation>
0.010870 0.009394 0.022046 0.005974 0.009612 0.012762 0.010329 0.008568 0.012735 
<LogVarVal> 45.977661
<Mixture> 1 <Weight> 0.454058
<Mean>
680.297302 43.586143 -1.610896 -50.022991 21.542381 -0.356709 -20.385187 2.335426 1.226300 
<Inverted_Deviation>
0.009273 0.010620 0.038095 0.008492 0.021904 0.032580 0.021801 0.024912 0.029438 
<LogVarVal> 40.702011
<Mixture> 2 <Weight> 0.278714
<Mean>
1007.911865 80.515869 -8.520623 -51.423367 14.791583 -0.407774 -6.515026 0.082913 0.220044 
<Inverted_Deviation>
0.006867 0.020321 0.056078 0.023207 0.054391 0.070711 0.070711 0.070711 0.070711 
<LogVarVal> 34.180965
<State> 4
<NumMixes> 3
<Mixture> 0 <Weight> 0.494746
<Mean>
514.654541 -3.768617 0.610977 -10.437900 -2.612257 -1.469390 29.140455 2.349183 0.013510 
<Inverted_Deviation>
0.010069 0.017290 0.068496 0.004930 0.020356 0.070711 0.005959 0.021554 0.070711 
<LogVarVal> 39.953331
<Mixture> 1 <Weight> 0.330872
<Mean>
729.349487 -0.887405 -2.078675 -56.941959 9.174760 0.975145 -54.303909 1.334383 0.254106 
<Inverted_Deviation>
0.008262 0.022334 0.070711 0.005605 0.025020 0.070711 0.010551 0.037722 0.070711 
<LogVarVal> 38.397697
<Mixture> 2 <Weight> 0.174382
<Mean>
220.814911 5.292667 5.388598 -74.225090 -11.769874 2.851423 32.691990 -6.379634 -0.941675 
<Inverted_Deviation>
0.007031 0.016318 0.045463 0.006285 0.018638 0.051503 0.012979 0.030765 0.070393 
<LogVarVal> 39.812698
<State> 5
<NumMixes> 3
<Mixture> 0 <Weight> 0.298111
<Mean>
760.206482 -94.691483 -1.513065 -83.213417 17.154779 -0.998639 -13.481042 5.076602 3.580001 
<Inverted_Deviation>
0.004400 0.003409 0.006546 0.005978 0.008320 0.012199 0.016189 0.013786 0.019464 
<LogVarVal> 47.949406
<Mixture> 1 <Weight> 0.646399
<Mean>
316.200745 29.900345 17.811079 -19.990646 8.298187 -3.260989 9.778790 -3.124381 -1.881499 
<Inverted_Deviation>
0.004713 0.004812 0.007997 0.008237 0.009402 0.014645 0.018547 0.016709 0.021477 
<LogVarVal> 46.283680
<Mixture> 2 <Weight> 0.055490
<Mean>
1894.267212 -428.349548 -93.866043 -148.564041 -53.870464 37.543846 -11.208948 13.968798 6.088175 
<Inverted_Deviation>
0.001806 0.002664 0.006156 0.006272 0.007833 0.006775 0.023489 0.016367 0.013727 
<LogVarVal> 49.554062
<TransP>
-0.135077 -2.068689 -10000000000.000000 -10000000000.000000 -10000000000.000000 -10000000000.000000 
-10000000000.000000 -0.053958 -2.946407 -10000000000.000000 -10000000000.000000 -10000000000.000000 
-10000000000.000000 -10000000000.000000 -0.093733 -2.413811 -10000000000.000000 -10000000000.000000 
-10000000000.000000 -10000000000.000000 -10000000000.000000 -0.154534 -1.943616 -10000000000.000000 
-10000000000.000000 -10000000000.000000 -10000000000.000000 -10000000000.000000 -0.054572 -2.935392 
-10000000000.000000 -10000000000.000000 -10000000000.000000 -10000000000.000000 -10000000000.000000 0.000000 
<EndEmbeddedHMM>
<BeginEmbeddedHMM>
<NumStates> 6
<State> 0
<NumMixes> 3
<Mixture> 0 <Weight> 0.319712
<Mean>
1675.783447 146.499588 16.122456 -0.990854 -1.791436 4.289997 -3.329784 -2.514986 -1.075169 
<Inverted_Deviation>
0.003961 0.003832 0.008661 0.007995 0.015135 0.019971 0.020227 0.033186 0.036101 
<LogVarVal> 44.556751
<Mixture> 1 <Weight> 0.500000
<Mean>
1166.189453 52.056873 8.667665 3.260623 -1.951648 -1.097475 0.747303 0.783917 0.188845 
<Inverted_Deviation>
0.005410 0.011379 0.021167 0.015476 0.025926 0.040856 0.047655 0.059411 0.070711 
<LogVarVal> 38.236851
<Mixture> 2 <Weight> 0.180288
<Mean>
2301.818359 82.975029 -55.525024 15.269378 15.764865 -3.837439 -5.625597 1.211208 1.517436 
<Inverted_Deviation>
0.003711 0.004282 0.008678 0.008840 0.015248 0.024838 0.020933 0.031302 0.040634 
<LogVarVal> 44.088684
<State> 1
<NumMixes> 3
<Mixture> 0 <Weight> 0.159219
<Mean>
565.954834 24.786247 9.118946 16.842422 10.248491 -0.896588 5.888615 -0.259463 -0.885007 
<Inverted_Deviation>
0.016678 0.014392 0.032735 0.018008 0.033234 0.058056 0.062610 0.070711 0.070711 
<LogVarVal> 35.241989
<Mixture> 1 <Weight> 0.414849
<Mean>
732.754883 19.156630 0.727109 13.169041 1.247805 0.094077 -1.224591 0.263142 -0.131959 
<Inverted_Deviation>
0.012760 0.013932 0.054406 0.014359 0.033141 0.070711 0.064585 0.070711 0.070711 
<LogVarVal> 35.035198
<Mixture> 2 <Weight> 0.425932
<Mean>
929.997375 23.476217 -1.506185 1.111407 -0.900038 0.292040 -4.487196 0.376783 0.215401 
<Inverted_Deviation>
0.009428 0.019703 0.070711 0.017767 0.058570 0.070711 0.068725 0.070711 0.070711 
<LogVarVal> 33.884544
<State> 2
<NumMixes> 3
<Mixture> 0 <Weight> 0.080117
<Mean>
1095.176758 -23.453043 -11.012034 25.309965 -24.879803 -1.409114 -23.221422 -1.610041 1.406236 
<Inverted_Deviation>
0.004147 0.012198 0.038456 0.007673 0.030158 0.070711 0.042237 0.065276 0.070711 
<LogVarVal> 37.864677
<Mixture> 1 <Weight> 0.282699
<Mean>
605.409485 9.694014 -1.713478 4.307816 3.651095 0.063939 -11.980980 -0.671904 0.839773 
<Inverted_Deviation>
0.007385 0.015116 0.051933 0.006550 0.024186 0.058787 0.020165 0.044828 0.070711 
<LogVarVal> 38.451332
<Mixture> 2 <Weight> 0.637184
<Mean>
359.366760 4.802988 2.973667 6.525614 -2.968073 0.331832 8.725924 -0.189947 -0.218884 
<Inverted_Deviation>
0.007478 0.022044 0.063708 0.009881 0.034571 0.070711 0.027445 0.062102 0.070711 
<LogVarVal> 36.269924
<State> 3
<NumMixes> 3
<Mixture> 0 <Weight> 0.305240
<Mean>
998.396545 16.995073 -4.281071 38.382690 13.747902 0.144584 -8.875278 -0.813841 -0.063290 
<Inverted_Deviation>
0.006529 0.017015 0.050018 0.012287 0.049865 0.070711 0.070711 0.070711 0.070711 
<LogVarVal> 35.246155
<Mixture> 1 <Weight> 0.297348
<Mean>
449.098969 -34.951950 6.852456 48.128445 -4.652217 -2.169191 25.014698 1.926327 -1.664641 
<Inverted_Deviation>
0.008600 0.011015 0.034027 0.008667 0.019789 0.045845 0.017740 0.031089 0.063483 
<LogVarVal> 39.809578
<Mixture> 2 <Weight> 0.397412
<Mean>
677.653381 0.752363 -2.596037 34.337936 4.839664 1.130157 -2.352226 0.214081 0.515159 
<Inverted_Deviation>
0.009249 0.010967 0.034757 0.009357 0.024590 0.057323 0.035774 0.057331 0.070711 
<LogVarVal> 37.781467
<State> 4
<NumMixes> 3
<Mixture> 0 <Weight> 0.291367
<Mean>
611.499512 -18.157143 2.627329 13.548838 -1.778851 -0.301483 -0.221732 0.339317 0.040678 
<Inverted_Deviation>
0.011170 0.022016 0.070488 0.023373 0.058416 0.070711 0.070711 0.070711 0.070711 
<LogVarVal> 33.307045
<Mixture> 1 <Weight> 0.413412
<Mean>
823.479248 -19.000521 -1.021779 5.103040 0.709137 -0.019891 -1.186714 -0.063511 0.056388 
<Inverted_Deviation>
0.010896 0.026221 0.070711 0.035362 0.070711 0.070711 0.070711 0.070711 0.070711 
<LogVarVal> 32.548901
<Mixture> 2 <Weight> 0.295221
<Mean>
1078.528809 -15.712316 -2.422393 -0.301158 -0.296734 0.044868 -1.657218 0.033568 0.043284 
<Inverted_Deviation>
0.006419 0.025441 0.070711 0.036223 0.070711 0.070711 0.070711 0.070711 0.070711 
<LogVarVal> 33.084194
<State> 5
<NumMixes> 3
<Mixture> 0 <Weight> 0.232191
<Mean>
1649.411987 -428.944672 14.936993 -121.263878 -1.185744 48.900318 -2.703938 22.746235 -3.226402 
<Inverted_Deviation>
0.002875 0.003629 0.004747 0.004155 0.007602 0.010436 0.012337 0.016754 0.017284 
<LogVarVal> 49.439659
<Mixture> 1 <Weight> 0.471102
<Mean>
2408.008545 -57.298901 -28.482800 -8.029640 -20.190750 -11.437264 -10.774010 -5.404284 0.549903 
<Inverted_Deviation>
0.004137 0.006813 0.011903 0.008595 0.011910 0.021874 0.024701 0.030907 0.037679 
<LogVarVal> 43.524712
<Mixture> 2 <Weight> 0.296707
<Mean>
903.782410 -45.373878 51.846581 -46.174622 46.209225 -18.826374 12.918270 -8.885003 1.359722 
<Inverted_Deviation>
0.002846 0.003935 0.007925 0.007827 0.011132 0.016328 0.016260 0.023385 0.028993 
<LogVarVal> 46.267025
<TransP>
-0.098681 -2.364795 -10000000000.000000 -10000000000.000000 -10000000000.000000 -10000000000.000000 
-10000000000.000000 -0.078666 -2.581625 -10000000000.000000 -10000000000.000000 -10000000000.000000 
-10000000000.000000 -10000000000.000000 -0.061562 -2.818329 -10000000000.000000 -10000000000.000000 
-10000000000.000000 -10000000000.000000 -10000000000.000000 -0.145873 -1.997071 -10000000000.000000 
-10000000000.000000 -10000000000.000000 -10000000000.000000 -10000000000.000000 -0.056826 -2.896040 
-10000000000.000000 -10000000000.000000 -10000000000.000000 -10000000000.000000 -10000000000.000000 0.000000 
<EndEmbeddedHMM>
<BeginEmbeddedHMM>
<NumStates> 3
<State> 0
<NumMixes> 3
<Mixture> 0 <Weight> 0.220661
<Mean>
621.148376 1.497685 40.286213 -2.593391 32.281826 -8.787112 24.302223 -5.997141 0.306770 
<Inverted_Deviation>
0.006280 0.005791 0.009891 0.008540 0.008758 0.015692 0.017907 0.020674 0.028194 
<LogVarVal> 45.114555
<Mixture> 1 <Weight> 0.437105
<Mean>
1608.988159 32.865414 -38.301777 -0.002453 -21.008720 -1.823493 -20.852571 0.458732 3.861076 
<Inverted_Deviation>
0.004563 0.004629 0.012206 0.005608 0.009113 0.018369 0.014457 0.016737 0.023623 
<LogVarVal> 46.273273
<Mixture> 2 <Weight> 0.342235
<Mean>
1016.737000 92.410995 15.050634 -10.949433 2.586401 8.429176 20.766565 5.100591 -5.543861 
<Inverted_Deviation>
0.004719 0.003010 0.006441 0.003671 0.007271 0.009970 0.009194 0.011760 0.015787 
<LogVarVal> 49.778027
<State> 1
<NumMixes> 3
<Mixture> 0 <Weight> 0.244155
<Mean>
674.293762 4.385811 -1.595273 10.594322 -0.213013 -0.099590 -5.092013 0.730761 0.034314 
<Inverted_Deviation>
0.007281 0.028057 0.070711 0.021763 0.068080 0.070711 0.053669 0.070711 0.070711 
<LogVarVal> 33.683453
<Mixture> 1 <Weight> 0.230098
<Mean>
252.548004 1.798779 2.159318 -16.822304 -3.691714 0.104072 17.135914 -0.053227 -0.289687 
<Inverted_Deviation>
0.009377 0.025005 0.070711 0.008130 0.038587 0.070711 0.020905 0.058873 0.070711 
<LogVarVal> 36.224133
<Mixture> 2 <Weight> 0.525747
<Mean>
478.113251 2.065357 0.171585 -3.007796 0.621809 0.147767 -6.667995 -0.136971 0.089932 
<Inverted_Deviation>
0.011918 0.027132 0.070711 0.013614 0.053796 0.070711 0.040435 0.070711 0.070711 
<LogVarVal> 34.211941
<State> 2
<NumMixes> 3
<Mixture> 0 <Weight> 0.541419
<Mean>
547.218323 -38.056335 7.035643 37.381008 -1.107634 -0.218844 3.999998 -1.506618 0.008582 
<Inverted_Deviation>
0.002857 0.007905 0.019952 0.009763 0.018352 0.031831 0.032277 0.042195 0.055832 
<LogVarVal> 41.322655
<Mixture> 1 <Weight> 0.212357
<Mean>
2297.511230 -71.927231 -22.755037 91.806541 25.755180 -2.626942 -24.835783 -0.752979 5.289644 
<Inverted_Deviation>
0.003719 0.005840 0.014074 0.005421 0.010576 0.016709 0.016744 0.024315 0.027835 
<LogVarVal> 45.398506
<Mixture> 2 <Weight> 0.246224
<Mean>
1298.869507 -161.413666 13.285366 150.381897 -36.170574 1.609458 11.747134 3.870564 -4.528659 
<Inverted_Deviation>
0.002805 0.005062 0.011246 0.004960 0.010286 0.013347 0.015475 0.018806 0.023063 
<LogVarVal> 46.912754
<TransP>
-0.105126 -2.304696 -10000000000.000000 
-10000000000.000000 -0.021236 -3.862655 
-10000000000.000000 -10000000000.000000 0.000000 
<EndEmbeddedHMM>
